param S := 791;
param T := 8;
param D := 5;
param windowsize := 0;

param A := 
1 292
2 11
3 73
4 237
5 81
6 78
7 296
8 9
9 43
10 2
11 7
12 7
13 9
14 22
15 9
16 9
17 13
18 9
19 8
20 146
21 88
22 106
23 80
24 106
25 133
26 86
27 106
28 133
29 129
30 12
31 52
32 43
33 9
34 48
35 48
36 48
37 9
38 24
39 22
40 17
41 22
42 107
43 133
44 106
45 86
46 152
47 129
48 32
49 27
50 5
51 1
52 1
53 12
54 2
55 2
56 7
57 9
58 4
59 4
60 66
61 44
62 62
63 20
64 2
65 11
66 44
67 36
68 44
69 50
70 2
71 5
72 8
73 7
74 18
75 9
76 14
77 11
78 4
79 9
80 40
81 4
82 4
83 22
84 22
85 9
86 22
87 44
88 322
89 36
90 11
91 47
92 36
93 44
94 107
95 18
96 13
97 11
98 4
99 7
100 4
101 4
102 8
103 100
104 4
105 9
106 33
107 55
108 110
109 16
110 15
111 15
112 16
113 0
114 21
115 44
116 35
117 32
118 32
119 20
120 66
121 22
122 31
123 9
124 265
125 9
126 16
127 7
128 22
129 8
130 7
131 2
132 2
133 2
134 4
135 584
136 622
137 50
138 125
139 125
140 55
141 91
142 91
143 91
144 24
145 292
146 292
147 169
148 91
149 128
150 5
151 73
152 15
153 2
154 181
155 148
156 83
157 143
158 177
159 11
160 12
161 2
162 7
163 4
164 7
165 18
166 13
167 12
168 9
169 21
170 19
171 11
172 113
173 18
174 7
175 11
176 4
177 21
178 4
179 9
180 18
181 2
182 4
183 11
184 14
185 14
186 13
187 5
188 4
189 48
190 36
191 36
192 36
193 8
194 28
195 5
196 1
197 2
198 2
199 5
200 7
201 9
202 9
203 5
204 6
205 9
206 33
207 7
208 101
209 6
210 33
211 94
212 150
213 333
214 53
215 85
216 212
217 108
218 44
219 93
220 37
221 120
222 69
223 35
224 9
225 12
226 66
227 3
228 4
229 11
230 5
231 5
232 44
233 18
234 12
235 9
236 53
237 4
238 9
239 13
240 11
241 22
242 4
243 1
244 3
245 0
246 19
247 49
248 4
249 13
250 4
251 4
252 9
253 0
254 161
255 17
256 9
257 9
258 5
259 4
260 3
261 27
262 15
263 7
264 4
265 7
266 9
267 4
268 11
269 6
270 9
271 7
272 13
273 21
274 14
275 13
276 18
277 13
278 13
279 5
280 3
281 73
282 94
283 73
284 68
285 94
286 5
287 3
288 3
289 24
290 24
291 194
292 100
293 25
294 6
295 100
296 128
297 73
298 55
299 128
300 97
301 17
302 24
303 803
304 0
305 62
306 101
307 219
308 84
309 62
310 47
311 14
312 55
313 56
314 3
315 9
316 23
317 14
318 24
319 21
320 5
321 3
322 1
323 9
324 14
325 5
326 9
327 4
328 2
329 6
330 4
331 12
332 9
333 4
334 7
335 26
336 12
337 96
338 92
339 177
340 88
341 35
342 44
343 27
344 146
345 18
346 44
347 4
348 6
349 6
350 2
351 4
352 62
353 31
354 8
355 4
356 2
357 9
358 2
359 2
360 4
361 4
362 9
363 11
364 24
365 44
366 94
367 158
368 27
369 76
370 18
371 1
372 1
373 4
374 0
375 2
376 12
377 4
378 78
379 5
380 4
381 106
382 537
383 88
384 133
385 106
386 64
387 265
388 106
389 88
390 86
391 141
392 150
393 86
394 107
395 96
396 129
397 55
398 133
399 110
400 44
401 186
402 18
403 25
404 108
405 20
406 17
407 12
408 7
409 1
410 1
411 12
412 22
413 7
414 9
415 11
416 284
417 44
418 86
419 66
420 110
421 27
422 27
423 14
424 7
425 4
426 12
427 4
428 7
429 13
430 12
431 3
432 4
433 24
434 86
435 102
436 48
437 48
438 59
439 88
440 129
441 129
442 107
443 133
444 22
445 18
446 36
447 40
448 15
449 7
450 18
451 15
452 2
453 13
454 0
455 4
456 4
457 4
458 2
459 7
460 4
461 4
462 5
463 60
464 44
465 51
466 110
467 36
468 22
469 44
470 11
471 2
472 4
473 5
474 0
475 4
476 4
477 7
478 2
479 7
480 4
481 4
482 4
483 4
484 4
485 13
486 11
487 7
488 2
489 53
490 22
491 34
492 22
493 88
494 88
495 44
496 0
497 22
498 11
499 1
500 44
501 22
502 6
503 9
504 7
505 7
506 4
507 9
508 2
509 32
510 8
511 9
512 18
513 7
514 4
515 9
516 51
517 22
518 4
519 7
520 7
521 27
522 7
523 6
524 38
525 33
526 18
527 13
528 15
529 28
530 8
531 13
532 5
533 9
534 14
535 4
536 17
537 4
538 5
539 103
540 61
541 12
542 15
543 19
544 4
545 1
546 8
547 5
548 3
549 73
550 1
551 1
552 5
553 3
554 12
555 12
556 48
557 48
558 12
559 12
560 2
561 14
562 24
563 7
564 2
565 0
566 5
567 2
568 5
569 92
570 14
571 25
572 62
573 8
574 40
575 55
576 59
577 84
578 259
579 62
580 47
581 3
582 5
583 9
584 8
585 5
586 5
587 8
588 70
589 215
590 424
591 265
592 53
593 107
594 124
595 210
596 63
597 27
598 47
599 40
600 16
601 128
602 19
603 60
604 48
605 4
606 55
607 4
608 17
609 9
610 7
611 18
612 7
613 2
614 16
615 13
616 11
617 13
618 14
619 190
620 93
621 125
622 143
623 53
624 221
625 110
626 64
627 129
628 123
629 6
630 9
631 5
632 6
633 193
634 36
635 106
636 4
637 7
638 4
639 3
640 9
641 2
642 13
643 35
644 21
645 14
646 2
647 2
648 22
649 9
650 13
651 8
652 22
653 179
654 4
655 4
656 4
657 11
658 7
659 4
660 2
661 9
662 4
663 4
664 5
665 5
666 1
667 11
668 7
669 36
670 11
671 26
672 39
673 17
674 17
675 0
676 4
677 4
678 4
679 4
680 9
681 4
682 4
683 0
684 9
685 4
686 4
687 11
688 9
689 0
690 9
691 2
692 40
693 0
694 4
695 26
696 7
697 3
698 7
699 110
700 22
701 9
702 100
703 56
704 11
705 22
706 86
707 18
708 92
709 27
710 92
711 66
712 46
713 1
714 7
715 51
716 5
717 5
718 8
719 4
720 2
721 2
722 2
723 6
724 4
725 1
726 4
727 13
728 4
729 13
730 2
731 2
732 10
733 5
734 22
735 0
736 5
737 2
738 4
739 4
740 4
741 7
742 5
743 11
744 9
745 4
746 14
747 13
748 4
749 359
750 7
751 7
752 7
753 13
754 5
755 9
756 9
757 4
758 7
759 11
760 11
761 80
762 44
763 110
764 5
765 12
766 9
767 6
768 54
769 3
770 4
771 0
772 16
773 16
774 17
775 100
776 182
777 73
778 5
779 25
780 11
781 109
782 5
783 50
784 5
785 134
786 11
787 259
788 79
789 7
790 77
791 475
;

param Ttarget := 
1 1 1000
2 1 1000
3 1 1000
4 1 1000
5 1 500
6 1 500
7 1 500
8 1 500
1 2 1000
2 2 1000
3 2 1000
4 2 1000
5 2 500
6 2 500
7 2 500
8 2 500
1 3 1000
2 3 1000
3 3 1000
4 3 1000
5 3 500
6 3 500
7 3 500
8 3 500
1 4 1000
2 4 1000
3 4 1000
4 4 1000
5 4 500
6 4 500
7 4 500
8 4 500
1 5 1000
2 5 1000
3 5 1000
4 5 1000
5 5 500
6 5 500
7 5 500
8 5 500
;

set Bannlisti := 
;
set Fixlisti := 
1 4 1 
2 2 1 
3 2 1 
4 2 1 
5 2 1 
6 2 1 
7 2 1 
8 3 1 
9 3 1 
10 3 1 
11 3 1 
12 3 1 
13 3 1 
14 3 1 
15 3 1 
16 3 1 
17 3 1 
18 3 1 
19 3 1 
20 3 1 
21 3 1 
22 3 1 
23 3 1 
24 3 1 
25 3 1 
26 3 1 
27 3 1 
28 3 1 
29 3 1 
30 4 1 
31 4 1 
32 4 1 
33 4 1 
34 4 1 
35 4 1 
36 4 1 
37 4 1 
38 4 1 
39 4 1 
40 4 1 
41 4 1 
42 4 1 
43 4 1 
44 4 1 
45 4 1 
46 4 1 
47 4 1 
48 4 1 
49 4 1 
50 4 1 
51 4 1 
52 4 1 
53 4 1 
54 8 1 
55 5 1 
56 5 1 
57 5 1 
58 5 1 
59 5 1 
60 5 1 
61 5 1 
62 5 1 
63 5 1 
64 5 1 
65 5 1 
66 5 1 
67 5 1 
68 5 1 
69 5 1 
70 5 1 
71 5 1 
72 5 1 
73 5 1 
74 5 1 
75 5 1 
76 5 1 
77 5 1 
78 5 1 
79 5 1 
80 5 1 
81 5 1 
82 5 1 
83 5 1 
84 5 1 
85 5 1 
86 5 1 
87 5 1 
88 5 1 
89 5 1 
90 5 1 
91 5 1 
92 5 1 
93 5 1 
94 5 1 
95 5 1 
96 5 1 
97 5 1 
98 5 1 
99 5 1 
100 5 1 
101 5 1 
102 8 1 
103 7 1 
104 7 1 
105 7 1 
106 7 1 
107 7 1 
108 7 1 
109 7 1 
110 8 1 
111 8 1 
112 8 1 
113 8 1 
114 5 1 
115 5 1 
116 5 1 
117 7 1 
118 7 1 
119 7 1 
120 7 1 
121 7 1 
122 7 1 
123 7 1 
124 7 1 
125 7 1 
126 7 1 
127 7 1 
128 7 1 
129 7 1 
130 8 1 
131 3 1 
132 3 1 
133 1 1 
134 6 1 
135 1 1 
136 1 1 
137 1 1 
138 1 1 
139 1 1 
140 1 1 
141 1 1 
142 1 1 
143 1 1 
144 1 1 
145 1 1 
146 1 1 
147 2 2 
148 2 2 
149 2 2 
150 2 2 
151 2 2 
152 7 2 
153 5 2 
154 3 2 
155 3 2 
156 3 2 
157 3 2 
158 3 2 
159 3 2 
160 3 2 
161 3 2 
162 3 2 
163 3 2 
164 3 2 
165 3 2 
166 3 2 
167 3 2 
168 3 2 
169 3 2 
170 3 2 
171 3 2 
172 3 2 
173 3 2 
174 3 2 
175 3 2 
176 3 2 
177 3 2 
178 3 2 
179 3 2 
180 3 2 
181 3 2 
182 3 2 
183 3 2 
184 3 2 
185 3 2 
186 3 2 
187 3 2 
188 3 2 
189 4 2 
190 4 2 
191 4 2 
192 4 2 
193 4 2 
194 3 2 
195 3 2 
196 3 2 
197 3 2 
198 3 2 
199 1 2 
200 8 2 
201 6 2 
202 6 2 
203 6 2 
204 6 2 
205 6 2 
206 6 2 
207 6 2 
208 6 2 
209 6 2 
210 6 2 
211 6 2 
212 6 2 
213 6 2 
214 6 2 
215 6 2 
216 6 2 
217 6 2 
218 6 2 
219 6 2 
220 6 2 
221 6 2 
222 6 2 
223 6 2 
224 6 2 
225 6 2 
226 6 2 
227 6 2 
228 6 2 
229 6 2 
230 6 2 
231 1 2 
232 7 2 
233 7 2 
234 7 2 
235 7 2 
236 8 2 
237 8 2 
238 8 2 
239 8 2 
240 8 2 
241 8 2 
242 8 2 
243 8 2 
244 8 2 
245 8 2 
246 8 2 
247 8 2 
248 8 2 
249 8 2 
250 8 2 
251 8 2 
252 8 2 
253 8 2 
254 7 2 
255 8 2 
256 8 2 
257 8 2 
258 8 2 
259 8 2 
260 8 2 
261 8 2 
262 8 2 
263 8 2 
264 8 2 
265 8 2 
266 8 2 
267 8 2 
268 8 2 
269 8 2 
270 8 2 
271 8 2 
272 8 2 
273 8 2 
274 8 2 
275 8 2 
276 8 2 
277 8 2 
278 8 2 
279 8 2 
280 8 2 
281 8 2 
282 8 2 
283 8 2 
284 8 2 
285 8 2 
286 8 2 
287 8 2 
288 8 2 
289 1 2 
290 1 2 
291 1 2 
292 1 2 
293 1 2 
294 1 2 
295 1 2 
296 1 2 
297 1 2 
298 1 2 
299 1 2 
300 1 2 
301 1 2 
302 1 2 
303 1 2 
304 1 2 
305 1 2 
306 1 2 
307 1 2 
308 1 2 
309 1 2 
310 1 2 
311 1 3 
312 1 3 
313 1 3 
314 1 3 
315 1 3 
316 6 3 
317 1 3 
318 8 3 
319 7 3 
320 1 3 
321 1 3 
322 1 3 
323 1 3 
324 1 3 
325 1 3 
326 1 3 
327 8 3 
328 8 3 
329 8 3 
330 8 3 
331 8 3 
332 8 3 
333 8 3 
334 8 3 
335 2 3 
336 2 3 
337 2 3 
338 2 3 
339 2 3 
340 2 3 
341 2 3 
342 2 3 
343 2 3 
344 2 3 
345 2 3 
346 2 3 
347 2 3 
348 2 3 
349 2 3 
350 2 3 
351 2 3 
352 2 3 
353 2 3 
354 8 3 
355 8 3 
356 8 3 
357 8 3 
358 8 3 
359 8 3 
360 8 3 
361 8 3 
362 8 3 
363 8 3 
364 8 3 
365 8 3 
366 8 3 
367 8 3 
368 8 3 
369 8 3 
370 8 3 
371 8 3 
372 8 3 
373 8 3 
374 8 3 
375 8 3 
376 8 3 
377 8 3 
378 8 3 
379 8 3 
380 8 3 
381 3 3 
382 3 3 
383 3 3 
384 3 3 
385 3 3 
386 3 3 
387 3 3 
388 3 3 
389 3 3 
390 3 3 
391 3 3 
392 3 3 
393 3 3 
394 3 3 
395 3 3 
396 3 3 
397 3 3 
398 3 3 
399 3 3 
400 3 3 
401 3 3 
402 3 3 
403 3 3 
404 3 3 
405 3 3 
406 3 3 
407 3 3 
408 3 3 
409 3 3 
410 3 3 
411 3 3 
412 3 3 
413 3 3 
414 3 3 
415 3 3 
416 3 3 
417 3 3 
418 3 3 
419 3 3 
420 3 3 
421 3 3 
422 3 3 
423 3 3 
424 3 3 
425 3 3 
426 3 3 
427 3 3 
428 3 3 
429 3 3 
430 3 3 
431 4 3 
432 4 3 
433 4 3 
434 4 3 
435 4 3 
436 4 3 
437 4 3 
438 4 3 
439 4 3 
440 4 3 
441 4 3 
442 4 3 
443 4 3 
444 4 3 
445 4 3 
446 4 3 
447 4 3 
448 4 3 
449 4 3 
450 4 3 
451 4 3 
452 4 3 
453 4 3 
454 4 3 
455 5 3 
456 5 3 
457 5 3 
458 5 3 
459 5 3 
460 5 3 
461 5 3 
462 5 3 
463 5 3 
464 5 3 
465 5 3 
466 5 3 
467 5 3 
468 5 3 
469 5 3 
470 5 3 
471 5 3 
472 5 3 
473 5 3 
474 5 3 
475 5 3 
476 5 3 
477 5 3 
478 5 3 
479 5 3 
480 5 3 
481 5 3 
482 5 3 
483 5 3 
484 5 3 
485 5 3 
486 5 3 
487 5 3 
488 5 3 
489 5 3 
490 5 3 
491 5 3 
492 5 3 
493 5 3 
494 5 3 
495 5 3 
496 5 3 
497 5 3 
498 8 3 
499 8 3 
500 8 3 
501 8 3 
502 8 3 
503 8 3 
504 8 3 
505 8 3 
506 8 3 
507 8 3 
508 8 3 
509 8 3 
510 8 3 
511 8 3 
512 8 3 
513 8 3 
514 8 3 
515 8 3 
516 5 3 
517 5 3 
518 5 3 
519 5 3 
520 5 3 
521 5 3 
522 5 3 
523 5 3 
524 5 3 
525 8 3 
526 8 3 
527 8 3 
528 7 3 
529 7 3 
530 7 3 
531 7 3 
532 7 3 
533 7 3 
534 7 3 
535 7 3 
536 7 3 
537 7 3 
538 7 3 
539 7 3 
540 8 3 
541 8 3 
542 8 3 
543 8 3 
544 8 3 
545 7 3 
546 7 3 
547 7 3 
548 7 3 
549 7 3 
550 7 3 
551 7 3 
552 7 3 
553 7 3 
554 3 3 
555 3 3 
556 3 3 
557 3 3 
558 3 3 
559 3 3 
560 3 3 
561 8 3 
562 8 3 
563 8 3 
564 8 3 
565 8 3 
566 8 3 
567 8 3 
568 8 3 
569 8 3 
570 8 3 
571 1 4 
572 1 4 
573 1 4 
574 1 4 
575 1 4 
576 1 4 
577 1 4 
578 1 4 
579 1 4 
580 1 4 
581 1 4 
582 1 4 
583 1 4 
584 1 4 
585 1 4 
586 1 4 
587 1 4 
588 1 4 
589 1 4 
590 1 4 
591 1 4 
592 1 4 
593 1 4 
594 1 4 
595 1 4 
596 1 4 
597 1 4 
598 1 4 
599 1 4 
600 1 4 
601 2 4 
602 2 4 
603 2 4 
604 2 4 
605 8 4 
606 8 4 
607 8 4 
608 8 4 
609 8 4 
610 8 4 
611 8 4 
612 8 4 
613 8 4 
614 8 4 
615 8 4 
616 8 4 
617 8 4 
618 6 4 
619 6 4 
620 6 4 
621 6 4 
622 6 4 
623 6 4 
624 6 4 
625 6 4 
626 6 4 
627 6 4 
628 6 4 
629 6 4 
630 6 4 
631 6 4 
632 6 4 
633 6 4 
634 6 4 
635 6 4 
636 6 4 
637 6 4 
638 6 4 
639 6 4 
640 6 4 
641 6 4 
642 6 4 
643 7 4 
644 7 4 
645 7 4 
646 7 4 
647 7 4 
648 7 4 
649 7 4 
650 7 4 
651 7 4 
652 5 4 
653 5 4 
654 7 4 
655 7 4 
656 7 4 
657 7 4 
658 7 4 
659 7 4 
660 7 4 
661 7 4 
662 7 4 
663 7 4 
664 7 4 
665 7 4 
666 7 4 
667 7 4 
668 7 4 
669 7 4 
670 7 4 
671 7 4 
672 7 4 
673 7 4 
674 7 4 
675 7 4 
676 7 4 
677 7 4 
678 7 4 
679 7 4 
680 7 4 
681 7 4 
682 7 4 
683 7 4 
684 7 4 
685 7 4 
686 7 4 
687 7 4 
688 7 4 
689 7 4 
690 7 4 
691 7 4 
692 7 4 
693 7 4 
694 7 4 
695 7 4 
696 7 4 
697 7 4 
698 7 4 
699 7 4 
700 7 4 
701 7 4 
702 7 4 
703 7 4 
704 7 4 
705 7 4 
706 7 4 
707 7 4 
708 7 4 
709 7 4 
710 7 4 
711 7 4 
712 7 4 
713 7 4 
714 7 4 
715 7 4 
716 7 4 
717 8 4 
718 8 4 
719 8 4 
720 8 4 
721 8 4 
722 8 4 
723 8 4 
724 8 4 
725 8 4 
726 8 4 
727 7 4 
728 7 4 
729 7 4 
730 8 4 
731 7 4 
732 5 4 
733 7 4 
734 7 4 
735 7 4 
736 7 4 
737 7 4 
738 7 4 
739 7 4 
740 7 4 
741 7 4 
742 7 4 
743 7 4 
744 7 4 
745 7 4 
746 7 4 
747 7 4 
748 7 4 
749 7 4 
750 8 4 
751 8 4 
752 8 4 
753 8 4 
754 8 4 
755 8 4 
756 8 4 
757 8 4 
758 8 4 
759 8 4 
760 8 4 
761 8 4 
762 8 4 
763 8 4 
764 8 4 
765 8 4 
766 8 4 
767 8 4 
768 8 4 
769 8 4 
770 8 4 
771 8 4 
772 8 4 
773 8 4 
774 1 4 
775 1 4 
776 1 4 
777 1 4 
778 1 4 
779 1 4 
780 1 4 
781 1 4 
782 1 4 
783 1 4 
784 1 4 
785 1 4 
786 1 4 
787 1 4 
788 1 4 
789 1 4 
790 1 4 
791 1 4 
;
end;
