param S := 641;
param T := 8;
param D := 5;
param windowsize := 0;

param A := 
1 106
2 36
3 140
4 84
5 134
6 103
7 9
8 9
9 24
10 4
11 24
12 39
13 33
14 104
15 141
16 86
17 106
18 122
19 106
20 66
21 86
22 129
23 14
24 8
25 18
26 13
27 40
28 305
29 83
30 44
31 106
32 257
33 295
34 13
35 18
36 38
37 24
38 13
39 22
40 177
41 9
42 22
43 44
44 18
45 7
46 27
47 5
48 2
49 0
50 1
51 2
52 0
53 2
54 2
55 1
56 5
57 6
58 6
59 6
60 222
61 106
62 110
63 94
64 58
65 90
66 150
67 13
68 9
69 5
70 13
71 4
72 7
73 157
74 610
75 38
76 18
77 14
78 18
79 5
80 7
81 24
82 2
83 4
84 2
85 22
86 24
87 9
88 22
89 9
90 13
91 12
92 4
93 4
94 4
95 9
96 9
97 9
98 4
99 127
100 22
101 11
102 44
103 2
104 11
105 9
106 34
107 2
108 4
109 11
110 8
111 3
112 37
113 2
114 8
115 9
116 17
117 12
118 3
119 8
120 133
121 44
122 44
123 20
124 3
125 4
126 3
127 73
128 7
129 27
130 27
131 18
132 18
133 18
134 34
135 91
136 36
137 91
138 55
139 109
140 73
141 535
142 11
143 100
144 133
145 221
146 193
147 4
148 6
149 2
150 4
151 4
152 40
153 16
154 13
155 4
156 4
157 2
158 4
159 55
160 22
161 13
162 8
163 36
164 52
165 401
166 63
167 86
168 134
169 2
170 7
171 11
172 27
173 13
174 27
175 13
176 158
177 129
178 42
179 265
180 106
181 115
182 107
183 107
184 122
185 133
186 15
187 213
188 274
189 274
190 305
191 91
192 76
193 22
194 243
195 284
196 284
197 11
198 11
199 19
200 8
201 49
202 30
203 9
204 2
205 12
206 24
207 12
208 60
209 9
210 48
211 36
212 48
213 24
214 17
215 8
216 12
217 12
218 1
219 12
220 20
221 107
222 129
223 133
224 44
225 44
226 106
227 5
228 14
229 5
230 6
231 1
232 11
233 10
234 22
235 9
236 44
237 68
238 44
239 21
240 102
241 40
242 88
243 22
244 16
245 13
246 4
247 7
248 9
249 3
250 9
251 18
252 18
253 18
254 14
255 13
256 14
257 14
258 14
259 5
260 7
261 4
262 110
263 22
264 9
265 20
266 168
267 8
268 30
269 91
270 17
271 8
272 8
273 5
274 0
275 1
276 16
277 6
278 2
279 44
280 4
281 18
282 0
283 2
284 1
285 16
286 7
287 1
288 3
289 1
290 1
291 12
292 14
293 12
294 1
295 28
296 56
297 14
298 14
299 12
300 12
301 48
302 12
303 2
304 2
305 3
306 1
307 1
308 5
309 0
310 1
311 1
312 3
313 3
314 244
315 210
316 123
317 80
318 35
319 38
320 114
321 84
322 7
323 13
324 46
325 15
326 91
327 8
328 76
329 76
330 20
331 16
332 5
333 18
334 44
335 12
336 12
337 2
338 202
339 38
340 9
341 4
342 9
343 38
344 122
345 6
346 5
347 5
348 5
349 28
350 61
351 11
352 46
353 38
354 84
355 114
356 23
357 61
358 84
359 38
360 215
361 177
362 36
363 88
364 146
365 15
366 11
367 84
368 18
369 31
370 26
371 6
372 12
373 23
374 9
375 11
376 6
377 4
378 64
379 14
380 14
381 44
382 20
383 34
384 18
385 33
386 60
387 22
388 7
389 4
390 11
391 44
392 8
393 80
394 11
395 34
396 34
397 52
398 90
399 90
400 177
401 44
402 72
403 18
404 11
405 2
406 66
407 18
408 25
409 9
410 33
411 4
412 7
413 18
414 16
415 57
416 46
417 14
418 7
419 5
420 18
421 18
422 6
423 13
424 11
425 24
426 9
427 6
428 6
429 9
430 10
431 3
432 5
433 36
434 9
435 5
436 16
437 2
438 1
439 4
440 17
441 52
442 17
443 46
444 46
445 221
446 231
447 106
448 133
449 86
450 86
451 8
452 76
453 42
454 106
455 81
456 55
457 27
458 179
459 129
460 4
461 16
462 4
463 6
464 13
465 5
466 3
467 2
468 5
469 7
470 9
471 9
472 7
473 49
474 14
475 265
476 133
477 4
478 25
479 7
480 0
481 24
482 26
483 9
484 4
485 2
486 4
487 4
488 4
489 4
490 9
491 9
492 2
493 49
494 73
495 170
496 49
497 170
498 11
499 2
500 4
501 4
502 7
503 55
504 2
505 4
506 18
507 133
508 9
509 2
510 0
511 4
512 4
513 17
514 9
515 4
516 12
517 12
518 9
519 12
520 54
521 2
522 5
523 0
524 2
525 1
526 1
527 79
528 4
529 4
530 13
531 320
532 76
533 30
534 0
535 7
536 15
537 15
538 15
539 3
540 142
541 0
542 103
543 27
544 1
545 24
546 73
547 36
548 91
549 18
550 73
551 73
552 1
553 14
554 88
555 221
556 88
557 9
558 6
559 9
560 4
561 101
562 44
563 66
564 100
565 221
566 193
567 133
568 44
569 4
570 4
571 253
572 73
573 73
574 146
575 24
576 6
577 2
578 2
579 39
580 55
581 31
582 2
583 143
584 22
585 44
586 13
587 18
588 88
589 86
590 150
591 9
592 9
593 33
594 12
595 22
596 177
597 52
598 72
599 88
600 143
601 88
602 66
603 44
604 0
605 125
606 44
607 90
608 221
609 3
610 3
611 1
612 7
613 97
614 65
615 65
616 4
617 4
618 4
619 30
620 9
621 50
622 75
623 50
624 50
625 50
626 100
627 17
628 26
629 12
630 6
631 55
632 22
633 4
634 7
635 33
636 6
637 5
638 5
639 5
640 61
641 28
;

param Ttarget := 
1 1 1000
2 1 1000
3 1 1000
4 1 1000
5 1 500
6 1 500
7 1 500
8 1 500
1 2 1000
2 2 1000
3 2 1000
4 2 1000
5 2 500
6 2 500
7 2 500
8 2 500
1 3 1000
2 3 1000
3 3 1000
4 3 1000
5 3 500
6 3 500
7 3 500
8 3 500
1 4 1000
2 4 1000
3 4 1000
4 4 1000
5 4 500
6 4 500
7 4 500
8 4 500
1 5 1000
2 5 1000
3 5 1000
4 5 1000
5 5 500
6 5 500
7 5 500
8 5 500
;

set Bannlisti := 
;
set Fixlisti := 
1 2 1 
2 2 1 
3 2 1 
4 2 1 
5 2 1 
6 2 1 
7 8 1 
8 8 1 
9 8 1 
10 8 1 
11 8 1 
12 8 1 
13 8 1 
14 3 1 
15 3 1 
16 3 1 
17 3 1 
18 3 1 
19 3 1 
20 3 1 
21 3 1 
22 3 1 
23 3 1 
24 3 1 
25 3 1 
26 3 1 
27 3 1 
28 3 1 
29 3 1 
30 3 1 
31 3 1 
32 3 1 
33 3 1 
34 3 1 
35 3 1 
36 3 1 
37 3 1 
38 3 1 
39 3 1 
40 3 1 
41 3 1 
42 3 1 
43 3 1 
44 3 1 
45 3 1 
46 3 1 
47 3 1 
48 1 1 
49 1 1 
50 1 1 
51 1 1 
52 1 1 
53 1 1 
54 1 1 
55 6 1 
56 6 1 
57 6 1 
58 6 1 
59 6 1 
60 6 1 
61 6 1 
62 6 1 
63 6 1 
64 6 1 
65 6 1 
66 6 1 
67 6 1 
68 6 1 
69 6 1 
70 6 1 
71 6 1 
72 6 1 
73 6 1 
74 6 1 
75 6 1 
76 6 1 
77 6 1 
78 6 1 
79 6 1 
80 6 1 
81 8 1 
82 8 1 
83 8 1 
84 8 1 
85 8 1 
86 8 1 
87 8 1 
88 7 1 
89 7 1 
90 7 1 
91 7 1 
92 7 1 
93 7 1 
94 8 1 
95 8 1 
96 8 1 
97 8 1 
98 8 1 
99 8 1 
100 8 1 
101 8 1 
102 8 1 
103 8 1 
104 8 1 
105 3 1 
106 3 1 
107 6 1 
108 8 1 
109 8 1 
110 8 1 
111 8 1 
112 8 1 
113 8 1 
114 8 1 
115 8 1 
116 8 1 
117 8 1 
118 8 1 
119 8 1 
120 8 1 
121 8 1 
122 8 1 
123 8 1 
124 8 1 
125 8 1 
126 8 1 
127 8 1 
128 8 1 
129 1 1 
130 1 1 
131 1 1 
132 1 1 
133 1 1 
134 1 1 
135 1 1 
136 1 1 
137 1 1 
138 1 1 
139 1 1 
140 1 1 
141 1 1 
142 1 1 
143 1 1 
144 1 1 
145 1 1 
146 1 1 
147 1 1 
148 1 1 
149 8 2 
150 8 2 
151 8 2 
152 8 2 
153 8 2 
154 8 2 
155 8 2 
156 8 2 
157 8 2 
158 8 2 
159 8 2 
160 8 2 
161 8 2 
162 8 2 
163 8 2 
164 4 2 
165 2 2 
166 2 2 
167 2 2 
168 2 2 
169 8 2 
170 8 2 
171 8 2 
172 8 2 
173 8 2 
174 8 2 
175 8 2 
176 3 2 
177 3 2 
178 3 2 
179 3 2 
180 3 2 
181 3 2 
182 3 2 
183 3 2 
184 3 2 
185 3 2 
186 3 2 
187 3 2 
188 3 2 
189 3 2 
190 3 2 
191 3 2 
192 3 2 
193 3 2 
194 3 2 
195 3 2 
196 3 2 
197 3 2 
198 3 2 
199 3 2 
200 3 2 
201 3 2 
202 3 2 
203 3 2 
204 3 2 
205 4 2 
206 4 2 
207 4 2 
208 4 2 
209 4 2 
210 4 2 
211 4 2 
212 4 2 
213 4 2 
214 4 2 
215 8 2 
216 4 2 
217 4 2 
218 4 2 
219 4 2 
220 4 2 
221 4 2 
222 4 2 
223 4 2 
224 4 2 
225 4 2 
226 4 2 
227 8 2 
228 4 2 
229 5 2 
230 5 2 
231 5 2 
232 5 2 
233 5 2 
234 5 2 
235 5 2 
236 5 2 
237 5 2 
238 5 2 
239 5 2 
240 5 2 
241 5 2 
242 5 2 
243 5 2 
244 5 2 
245 5 2 
246 5 2 
247 5 2 
248 5 2 
249 8 2 
250 8 2 
251 5 2 
252 5 2 
253 5 2 
254 5 2 
255 5 2 
256 5 2 
257 5 2 
258 5 2 
259 5 2 
260 8 2 
261 8 2 
262 7 2 
263 7 2 
264 7 2 
265 7 2 
266 7 2 
267 7 2 
268 7 2 
269 7 2 
270 7 2 
271 8 2 
272 8 2 
273 8 2 
274 8 2 
275 8 2 
276 8 2 
277 8 2 
278 8 2 
279 8 2 
280 8 2 
281 8 2 
282 8 2 
283 8 2 
284 7 2 
285 7 2 
286 7 2 
287 7 2 
288 7 2 
289 7 2 
290 7 2 
291 8 2 
292 8 2 
293 8 2 
294 8 2 
295 8 2 
296 8 2 
297 8 2 
298 8 2 
299 3 2 
300 3 2 
301 3 2 
302 3 2 
303 3 2 
304 3 2 
305 7 2 
306 7 2 
307 7 2 
308 7 2 
309 7 2 
310 7 2 
311 7 2 
312 7 2 
313 7 2 
314 7 2 
315 7 2 
316 7 2 
317 7 2 
318 7 2 
319 7 2 
320 7 2 
321 7 2 
322 7 2 
323 7 2 
324 7 2 
325 7 2 
326 7 2 
327 7 2 
328 7 2 
329 7 2 
330 7 2 
331 8 2 
332 7 2 
333 7 2 
334 7 2 
335 8 2 
336 8 2 
337 8 2 
338 1 2 
339 1 2 
340 1 2 
341 1 2 
342 1 2 
343 1 2 
344 1 2 
345 1 2 
346 1 2 
347 1 2 
348 1 2 
349 1 2 
350 1 2 
351 1 2 
352 1 2 
353 1 2 
354 1 2 
355 1 2 
356 1 2 
357 1 2 
358 1 2 
359 1 2 
360 1 2 
361 2 3 
362 2 3 
363 2 3 
364 2 3 
365 2 3 
366 2 3 
367 2 3 
368 2 3 
369 2 3 
370 2 3 
371 2 3 
372 2 3 
373 2 3 
374 8 3 
375 8 3 
376 8 3 
377 8 3 
378 8 3 
379 8 3 
380 8 3 
381 8 3 
382 8 3 
383 8 3 
384 8 3 
385 8 3 
386 8 3 
387 8 3 
388 8 3 
389 8 3 
390 8 3 
391 8 3 
392 2 3 
393 3 3 
394 3 3 
395 3 3 
396 3 3 
397 3 3 
398 3 3 
399 3 3 
400 3 3 
401 3 3 
402 3 3 
403 3 3 
404 3 3 
405 3 3 
406 3 3 
407 3 3 
408 3 3 
409 3 3 
410 3 3 
411 3 3 
412 3 3 
413 3 3 
414 7 3 
415 7 3 
416 7 3 
417 7 3 
418 7 3 
419 7 3 
420 7 3 
421 7 3 
422 7 3 
423 7 3 
424 7 3 
425 6 3 
426 6 3 
427 6 3 
428 6 3 
429 6 3 
430 6 3 
431 6 3 
432 6 3 
433 7 3 
434 7 3 
435 7 3 
436 7 3 
437 7 3 
438 7 3 
439 7 3 
440 7 3 
441 7 3 
442 7 3 
443 6 3 
444 6 3 
445 6 3 
446 6 3 
447 6 3 
448 6 3 
449 6 3 
450 6 3 
451 6 3 
452 6 3 
453 6 3 
454 6 3 
455 6 3 
456 6 3 
457 6 3 
458 6 3 
459 6 3 
460 7 3 
461 7 3 
462 7 3 
463 7 3 
464 7 3 
465 7 3 
466 7 3 
467 7 3 
468 7 3 
469 7 3 
470 7 3 
471 7 3 
472 7 3 
473 8 3 
474 7 3 
475 6 3 
476 6 3 
477 6 3 
478 6 3 
479 6 3 
480 6 3 
481 6 3 
482 8 3 
483 7 3 
484 7 3 
485 7 3 
486 7 3 
487 7 3 
488 7 3 
489 7 3 
490 7 3 
491 7 3 
492 7 3 
493 7 3 
494 7 3 
495 7 3 
496 7 3 
497 7 3 
498 7 3 
499 7 3 
500 7 3 
501 7 3 
502 7 3 
503 7 3 
504 7 3 
505 7 3 
506 7 3 
507 7 3 
508 7 3 
509 7 3 
510 7 3 
511 7 3 
512 7 3 
513 7 3 
514 7 3 
515 7 3 
516 8 3 
517 8 3 
518 8 3 
519 8 3 
520 8 3 
521 8 3 
522 8 3 
523 8 3 
524 8 3 
525 8 3 
526 8 3 
527 8 3 
528 8 3 
529 8 3 
530 7 3 
531 7 3 
532 7 3 
533 7 3 
534 7 3 
535 7 3 
536 7 3 
537 7 3 
538 7 3 
539 7 3 
540 7 3 
541 8 3 
542 8 3 
543 6 3 
544 8 3 
545 8 3 
546 1 3 
547 1 3 
548 1 3 
549 1 3 
550 1 3 
551 1 3 
552 1 3 
553 1 3 
554 1 3 
555 1 3 
556 1 3 
557 1 3 
558 1 3 
559 1 3 
560 1 3 
561 1 3 
562 1 3 
563 1 3 
564 1 3 
565 1 3 
566 1 3 
567 1 3 
568 1 3 
569 1 3 
570 1 3 
571 2 4 
572 2 4 
573 2 4 
574 2 4 
575 2 4 
576 8 4 
577 8 4 
578 8 4 
579 8 4 
580 8 4 
581 8 4 
582 8 4 
583 3 4 
584 3 4 
585 3 4 
586 3 4 
587 3 4 
588 3 4 
589 3 4 
590 3 4 
591 3 4 
592 3 4 
593 3 4 
594 3 4 
595 3 4 
596 3 4 
597 3 4 
598 3 4 
599 3 4 
600 3 4 
601 3 4 
602 3 4 
603 3 4 
604 3 4 
605 3 4 
606 5 4 
607 5 4 
608 5 4 
609 7 4 
610 7 4 
611 7 4 
612 7 4 
613 7 4 
614 7 4 
615 7 4 
616 7 4 
617 7 4 
618 7 4 
619 7 4 
620 7 4 
621 1 4 
622 1 4 
623 1 4 
624 1 4 
625 1 4 
626 1 4 
627 1 4 
628 1 4 
629 1 4 
630 1 4 
631 1 4 
632 1 4 
633 1 4 
634 1 4 
635 1 4 
636 1 4 
637 1 4 
638 1 4 
639 1 4 
640 1 4 
641 1 4 
;
end;
