param S := 692;
param T := 8;
param D := 5;
param windowsize := 0;

param A := 
1 12
2 169
3 146
4 26
5 0
6 0
7 5
8 6
9 4
10 9
11 4
12 17
13 9
14 19
15 4
16 4
17 9
18 4
19 64
20 52
21 222
22 42
23 0
24 0
25 86
26 141
27 150
28 150
29 86
30 86
31 107
32 98
33 107
34 179
35 187
36 86
37 186
38 166
39 22
40 8
41 18
42 68
43 27
44 21
45 44
46 44
47 44
48 62
49 83
50 88
51 24
52 61
53 71
54 38
55 88
56 22
57 13
58 35
59 22
60 13
61 13
62 8
63 18
64 13
65 8
66 0
67 4
68 4
69 4
70 59
71 44
72 44
73 18
74 9
75 7
76 21
77 38
78 6
79 13
80 22
81 11
82 15
83 4
84 69
85 2
86 3
87 2
88 6
89 9
90 9
91 5
92 129
93 123
94 62
95 72
96 106
97 86
98 86
99 106
100 133
101 107
102 61
103 249
104 18
105 45
106 141
107 115
108 34
109 179
110 90
111 100
112 28
113 107
114 7
115 50
116 22
117 38
118 53
119 27
120 4
121 2
122 9
123 9
124 5
125 12
126 27
127 88
128 4
129 9
130 3
131 44
132 24
133 4
134 7
135 4
136 24
137 20
138 12
139 22
140 13
141 8
142 2
143 4
144 4
145 20
146 18
147 22
148 13
149 7
150 35
151 4
152 21
153 31
154 11
155 16
156 36
157 22
158 4
159 24
160 88
161 4
162 7
163 5
164 4
165 24
166 8
167 66
168 9
169 72
170 4
171 18
172 99
173 18
174 13
175 9
176 11
177 13
178 9
179 15
180 9
181 221
182 55
183 4
184 268
185 110
186 20
187 54
188 7
189 54
190 51
191 8
192 5
193 14
194 51
195 18
196 5
197 9
198 9
199 4
200 4
201 4
202 7
203 4
204 7
205 4
206 9
207 4
208 0
209 4
210 8
211 4
212 4
213 6
214 35
215 5
216 22
217 22
218 9
219 19
220 11
221 20
222 16
223 23
224 46
225 130
226 31
227 36
228 88
229 27
230 46
231 40
232 17
233 14
234 5
235 3
236 5
237 4
238 7
239 9
240 0
241 16
242 2
243 63
244 3
245 0
246 59
247 9
248 8
249 2
250 1
251 19
252 89
253 24
254 12
255 43
256 69
257 9
258 28
259 24
260 12
261 8
262 2
263 12
264 11
265 75
266 18
267 7
268 4
269 2
270 5
271 4
272 2
273 4
274 5
275 2
276 32
277 28
278 4
279 9
280 4
281 2
282 0
283 11
284 14
285 4
286 14
287 11
288 3
289 27
290 22
291 12
292 3
293 3
294 6
295 2
296 2
297 11
298 15
299 8
300 11
301 4
302 1
303 6
304 14
305 23
306 10
307 19
308 2
309 4
310 15
311 9
312 9
313 2
314 61
315 7
316 61
317 19
318 26
319 55
320 65
321 10
322 19
323 22
324 4
325 12
326 7
327 12
328 1
329 14
330 28
331 7
332 7
333 2
334 7
335 3
336 0
337 2
338 9
339 17
340 4
341 15
342 46
343 2
344 24
345 1
346 0
347 24
348 3
349 1
350 1
351 0
352 3
353 1
354 12
355 12
356 12
357 48
358 48
359 2
360 28
361 8
362 9
363 16
364 9
365 2
366 4
367 5
368 3
369 4
370 3
371 30
372 30
373 30
374 30
375 30
376 62
377 12
378 32
379 11
380 24
381 49
382 11
383 1
384 54
385 2
386 5
387 5
388 5
389 17
390 17
391 109
392 125
393 91
394 109
395 109
396 73
397 109
398 84
399 73
400 95
401 36
402 56
403 73
404 51
405 129
406 18
407 13
408 2
409 4
410 4
411 4
412 23
413 2
414 2
415 2
416 17
417 4
418 23
419 44
420 11
421 44
422 36
423 22
424 88
425 0
426 133
427 122
428 88
429 133
430 39
431 2
432 11
433 22
434 11
435 31
436 4
437 4
438 7
439 13
440 4
441 27
442 9
443 4
444 2
445 21
446 4
447 7
448 9
449 8
450 13
451 4
452 12
453 8
454 13
455 18
456 3
457 5
458 6
459 49
460 137
461 110
462 110
463 107
464 106
465 265
466 44
467 46
468 68
469 66
470 38
471 106
472 29
473 221
474 27
475 44
476 160
477 141
478 36
479 46
480 125
481 28
482 23
483 2
484 4
485 7
486 13
487 18
488 5
489 4
490 7
491 7
492 99
493 22
494 2
495 2
496 9
497 2
498 13
499 4
500 1
501 2
502 4
503 9
504 0
505 0
506 4
507 6
508 3
509 12
510 1
511 17
512 11
513 36
514 5
515 18
516 46
517 28
518 9
519 9
520 27
521 181
522 18
523 4
524 31
525 46
526 1
527 28
528 4
529 18
530 11
531 21
532 22
533 4
534 4
535 13
536 7
537 5
538 4
539 15
540 8
541 9
542 1
543 1
544 3
545 7
546 7
547 11
548 4
549 9
550 1
551 9
552 4
553 4
554 0
555 2
556 4
557 4
558 1
559 2
560 13
561 9
562 2
563 13
564 7
565 6
566 11
567 2
568 13
569 88
570 2
571 24
572 12
573 4
574 21
575 35
576 12
577 9
578 42
579 7
580 68
581 8
582 2
583 243
584 36
585 73
586 36
587 9
588 75
589 100
590 24
591 12
592 106
593 47
594 146
595 62
596 49
597 144
598 162
599 81
600 158
601 158
602 106
603 182
604 69
605 148
606 1
607 0
608 2
609 2
610 2
611 2
612 106
613 77
614 97
615 86
616 5
617 9
618 24
619 2
620 11
621 12
622 106
623 107
624 7
625 114
626 23
627 13
628 7
629 44
630 53
631 22
632 18
633 9
634 9
635 18
636 9
637 10
638 11
639 4
640 2
641 18
642 7
643 4
644 28
645 24
646 4
647 9
648 9
649 7
650 2
651 8
652 2
653 60
654 152
655 4
656 2
657 3
658 15
659 2
660 8
661 8
662 2
663 2
664 5
665 7
666 7
667 27
668 12
669 13
670 9
671 2
672 4
673 8
674 7
675 23
676 10
677 36
678 22
679 1
680 4
681 2
682 73
683 55
684 5
685 5
686 61
687 61
688 56
689 1
690 3
691 12
692 47
;

param Ttarget := 
1 1 1000
2 1 1000
3 1 1000
4 1 1000
5 1 500
6 1 500
7 1 500
8 1 500
1 2 1000
2 2 1000
3 2 1000
4 2 1000
5 2 500
6 2 500
7 2 500
8 2 500
1 3 1000
2 3 1000
3 3 1000
4 3 1000
5 3 500
6 3 500
7 3 500
8 3 500
1 4 1000
2 4 1000
3 4 1000
4 4 1000
5 4 500
6 4 500
7 4 500
8 4 500
1 5 1000
2 5 1000
3 5 1000
4 5 1000
5 5 500
6 5 500
7 5 500
8 5 500
;

set Bannlisti := 
;
set Fixlisti := 
1 2 1 
2 2 1 
3 2 1 
4 2 1 
5 2 1 
6 2 1 
7 2 1 
8 4 1 
9 8 1 
10 3 1 
11 3 1 
12 3 1 
13 3 1 
14 3 1 
15 3 1 
16 3 1 
17 3 1 
18 3 1 
19 3 1 
20 3 1 
21 3 1 
22 3 1 
23 3 1 
24 3 1 
25 3 1 
26 3 1 
27 3 1 
28 3 1 
29 3 1 
30 3 1 
31 3 1 
32 3 1 
33 3 1 
34 3 1 
35 3 1 
36 3 1 
37 3 1 
38 3 1 
39 3 1 
40 3 1 
41 3 1 
42 3 1 
43 3 1 
44 3 1 
45 3 1 
46 3 1 
47 3 1 
48 3 1 
49 3 1 
50 3 1 
51 3 1 
52 3 1 
53 3 1 
54 3 1 
55 3 1 
56 3 1 
57 3 1 
58 3 1 
59 3 1 
60 3 1 
61 3 1 
62 3 1 
63 3 1 
64 3 1 
65 3 1 
66 3 1 
67 3 1 
68 3 1 
69 3 1 
70 3 1 
71 3 1 
72 3 1 
73 3 1 
74 3 1 
75 3 1 
76 3 1 
77 3 1 
78 3 1 
79 3 1 
80 3 1 
81 3 1 
82 3 1 
83 3 1 
84 5 1 
85 5 1 
86 5 1 
87 5 1 
88 6 1 
89 6 1 
90 6 1 
91 6 1 
92 6 1 
93 6 1 
94 6 1 
95 6 1 
96 6 1 
97 6 1 
98 6 1 
99 6 1 
100 6 1 
101 6 1 
102 6 1 
103 6 1 
104 6 1 
105 6 1 
106 6 1 
107 6 1 
108 6 1 
109 6 1 
110 6 1 
111 6 1 
112 6 1 
113 6 1 
114 6 1 
115 6 1 
116 6 1 
117 6 1 
118 6 1 
119 6 1 
120 6 1 
121 6 1 
122 6 1 
123 6 1 
124 6 1 
125 6 1 
126 6 1 
127 6 1 
128 6 1 
129 6 1 
130 6 1 
131 6 1 
132 8 1 
133 8 1 
134 8 1 
135 8 1 
136 8 1 
137 7 1 
138 7 1 
139 7 1 
140 7 1 
141 7 1 
142 7 1 
143 7 1 
144 5 1 
145 8 1 
146 8 1 
147 8 1 
148 8 1 
149 8 1 
150 8 1 
151 8 1 
152 8 1 
153 8 1 
154 8 1 
155 8 1 
156 5 1 
157 5 1 
158 5 1 
159 5 1 
160 5 1 
161 5 1 
162 5 1 
163 5 1 
164 5 1 
165 6 1 
166 8 1 
167 8 1 
168 8 1 
169 8 1 
170 7 1 
171 8 1 
172 8 1 
173 8 1 
174 8 1 
175 8 1 
176 8 1 
177 8 1 
178 8 1 
179 8 1 
180 8 1 
181 1 1 
182 1 1 
183 1 1 
184 1 1 
185 1 1 
186 1 1 
187 1 1 
188 1 1 
189 1 1 
190 1 1 
191 1 1 
192 1 1 
193 1 1 
194 1 1 
195 1 1 
196 1 1 
197 1 1 
198 1 1 
199 1 1 
200 1 1 
201 1 1 
202 1 1 
203 1 1 
204 1 1 
205 1 1 
206 1 1 
207 1 1 
208 1 1 
209 1 1 
210 1 1 
211 1 1 
212 1 1 
213 1 1 
214 2 2 
215 2 2 
216 8 2 
217 8 2 
218 8 2 
219 8 2 
220 8 2 
221 8 2 
222 2 2 
223 2 2 
224 2 2 
225 2 2 
226 2 2 
227 2 2 
228 2 2 
229 2 2 
230 2 2 
231 2 2 
232 2 2 
233 8 2 
234 2 2 
235 2 2 
236 2 2 
237 2 2 
238 2 2 
239 2 2 
240 2 2 
241 2 2 
242 3 2 
243 2 2 
244 3 2 
245 3 2 
246 3 2 
247 3 2 
248 3 2 
249 3 2 
250 3 2 
251 4 2 
252 4 2 
253 4 2 
254 4 2 
255 4 2 
256 4 2 
257 4 2 
258 4 2 
259 4 2 
260 4 2 
261 4 2 
262 4 2 
263 4 2 
264 5 2 
265 5 2 
266 5 2 
267 5 2 
268 5 2 
269 5 2 
270 5 2 
271 5 2 
272 5 2 
273 5 2 
274 5 2 
275 5 2 
276 5 2 
277 5 2 
278 5 2 
279 5 2 
280 5 2 
281 5 2 
282 7 2 
283 7 2 
284 7 2 
285 7 2 
286 7 2 
287 7 2 
288 7 2 
289 7 2 
290 7 2 
291 8 2 
292 8 2 
293 8 2 
294 8 2 
295 8 2 
296 8 2 
297 7 2 
298 7 2 
299 8 2 
300 8 2 
301 8 2 
302 8 2 
303 7 2 
304 7 2 
305 7 2 
306 7 2 
307 7 2 
308 7 2 
309 7 2 
310 7 2 
311 8 2 
312 8 2 
313 7 2 
314 7 2 
315 7 2 
316 7 2 
317 7 2 
318 7 2 
319 7 2 
320 7 2 
321 7 2 
322 7 2 
323 8 2 
324 8 2 
325 8 2 
326 8 2 
327 8 2 
328 8 2 
329 8 2 
330 8 2 
331 8 2 
332 8 2 
333 8 2 
334 8 2 
335 7 2 
336 7 2 
337 7 2 
338 7 2 
339 7 2 
340 7 2 
341 7 2 
342 7 2 
343 8 2 
344 8 2 
345 8 2 
346 8 2 
347 8 2 
348 7 2 
349 7 2 
350 7 2 
351 7 2 
352 7 2 
353 7 2 
354 3 2 
355 3 2 
356 3 2 
357 3 2 
358 3 2 
359 3 2 
360 8 2 
361 8 2 
362 8 2 
363 8 2 
364 7 2 
365 7 2 
366 7 2 
367 7 2 
368 7 2 
369 7 2 
370 7 2 
371 7 2 
372 7 2 
373 7 2 
374 7 2 
375 7 2 
376 7 2 
377 7 2 
378 7 2 
379 7 2 
380 7 2 
381 7 2 
382 7 2 
383 1 2 
384 1 2 
385 1 2 
386 1 2 
387 1 2 
388 1 2 
389 1 2 
390 1 2 
391 1 2 
392 1 2 
393 1 2 
394 1 2 
395 1 2 
396 2 3 
397 2 3 
398 2 3 
399 2 3 
400 2 3 
401 2 3 
402 2 3 
403 2 3 
404 2 3 
405 8 3 
406 8 3 
407 8 3 
408 8 3 
409 8 3 
410 8 3 
411 8 3 
412 8 3 
413 8 3 
414 8 3 
415 8 3 
416 3 3 
417 3 3 
418 3 3 
419 3 3 
420 3 3 
421 3 3 
422 3 3 
423 3 3 
424 3 3 
425 3 3 
426 3 3 
427 3 3 
428 3 3 
429 3 3 
430 8 3 
431 8 3 
432 3 3 
433 3 3 
434 3 3 
435 3 3 
436 3 3 
437 3 3 
438 3 3 
439 3 3 
440 3 3 
441 3 3 
442 3 3 
443 3 3 
444 3 3 
445 3 3 
446 3 3 
447 3 3 
448 3 3 
449 3 3 
450 3 3 
451 3 3 
452 3 3 
453 3 3 
454 3 3 
455 3 3 
456 6 3 
457 6 3 
458 6 3 
459 6 3 
460 6 3 
461 6 3 
462 6 3 
463 6 3 
464 6 3 
465 6 3 
466 6 3 
467 6 3 
468 6 3 
469 6 3 
470 6 3 
471 6 3 
472 6 3 
473 6 3 
474 6 3 
475 6 3 
476 6 3 
477 6 3 
478 6 3 
479 6 3 
480 6 3 
481 6 3 
482 6 3 
483 6 3 
484 6 3 
485 6 3 
486 6 3 
487 6 3 
488 8 3 
489 8 3 
490 7 3 
491 7 3 
492 7 3 
493 7 3 
494 7 3 
495 7 3 
496 7 3 
497 7 3 
498 7 3 
499 7 3 
500 7 3 
501 7 3 
502 7 3 
503 7 3 
504 7 3 
505 7 3 
506 7 3 
507 7 3 
508 7 3 
509 7 3 
510 7 3 
511 7 3 
512 7 3 
513 7 3 
514 7 3 
515 7 3 
516 7 3 
517 7 3 
518 7 3 
519 7 3 
520 7 3 
521 7 3 
522 7 3 
523 7 3 
524 8 3 
525 8 3 
526 8 3 
527 7 3 
528 7 3 
529 7 3 
530 7 3 
531 7 3 
532 7 3 
533 7 3 
534 7 3 
535 7 3 
536 7 3 
537 7 3 
538 7 3 
539 7 3 
540 7 3 
541 7 3 
542 8 3 
543 8 3 
544 8 3 
545 8 3 
546 8 3 
547 7 3 
548 7 3 
549 7 3 
550 7 3 
551 7 3 
552 7 3 
553 7 3 
554 7 3 
555 7 3 
556 7 3 
557 7 3 
558 7 3 
559 7 3 
560 7 3 
561 7 3 
562 8 3 
563 7 3 
564 7 3 
565 7 3 
566 7 3 
567 7 3 
568 7 3 
569 5 3 
570 7 3 
571 8 3 
572 8 3 
573 7 3 
574 8 3 
575 8 3 
576 8 3 
577 8 3 
578 8 3 
579 8 3 
580 8 3 
581 8 3 
582 8 3 
583 8 3 
584 1 3 
585 1 3 
586 1 3 
587 1 4 
588 1 4 
589 1 4 
590 1 4 
591 1 4 
592 1 4 
593 1 4 
594 1 4 
595 1 4 
596 1 4 
597 1 4 
598 1 4 
599 1 4 
600 1 4 
601 1 4 
602 1 4 
603 2 4 
604 2 4 
605 2 4 
606 1 4 
607 7 4 
608 1 4 
609 8 4 
610 8 4 
611 8 4 
612 3 4 
613 3 4 
614 3 4 
615 3 4 
616 1 4 
617 1 4 
618 2 4 
619 2 4 
620 3 4 
621 7 4 
622 3 4 
623 3 4 
624 3 4 
625 3 4 
626 3 4 
627 3 4 
628 3 4 
629 3 4 
630 3 4 
631 3 4 
632 3 4 
633 3 4 
634 3 4 
635 3 4 
636 3 4 
637 3 4 
638 3 4 
639 3 4 
640 3 4 
641 3 4 
642 3 4 
643 5 4 
644 7 4 
645 8 4 
646 8 4 
647 8 4 
648 8 4 
649 8 4 
650 8 4 
651 8 4 
652 8 4 
653 8 4 
654 8 4 
655 8 4 
656 8 4 
657 8 4 
658 8 4 
659 8 4 
660 8 4 
661 8 4 
662 8 4 
663 8 4 
664 7 4 
665 8 4 
666 8 4 
667 8 4 
668 8 4 
669 8 4 
670 8 4 
671 8 4 
672 8 4 
673 8 4 
674 8 4 
675 8 4 
676 1 4 
677 1 4 
678 1 4 
679 1 4 
680 1 4 
681 1 4 
682 1 4 
683 1 4 
684 1 4 
685 1 4 
686 1 4 
687 1 4 
688 1 4 
689 1 4 
690 2 4 
691 2 4 
692 2 4 
;
end;
