param S := 1125;
param T := 8;
param D := 5;
param windowsize := 0;

param A := 
1 36
2 36
3 37
4 69
5 144
6 88
7 153
8 88
9 179
10 36
11 182
12 2
13 4
14 14
15 14
16 5
17 1
18 0
19 6
20 12
21 44
22 146
23 72
24 120
25 40
26 4
27 20
28 7
29 12
30 12
31 2
32 2
33 13
34 2
35 2
36 2
37 2
38 158
39 64
40 0
41 42
42 141
43 115
44 150
45 86
46 107
47 88
48 133
49 133
50 107
51 106
52 106
53 107
54 179
55 122
56 66
57 250
58 133
59 43
60 22
61 13
62 11
63 44
64 7
65 18
66 4
67 9
68 40
69 36
70 8
71 18
72 4
73 2
74 4
75 2
76 135
77 257
78 0
79 36
80 13
81 7
82 9
83 21
84 88
85 305
86 29
87 4
88 44
89 36
90 88
91 88
92 12
93 43
94 12
95 4
96 88
97 4
98 22
99 32
100 51
101 90
102 18
103 33
104 18
105 133
106 22
107 41
108 69
109 17
110 2
111 43
112 20
113 90
114 44
115 7
116 22
117 44
118 7
119 22
120 44
121 22
122 152
123 179
124 22
125 7
126 12
127 4
128 9
129 18
130 20
131 18
132 9
133 9
134 22
135 5
136 11
137 4
138 2
139 11
140 11
141 18
142 4
143 18
144 12
145 7
146 4
147 14
148 4
149 9
150 11
151 11
152 9
153 9
154 3
155 4
156 7
157 9
158 2
159 20
160 2
161 2
162 2
163 2
164 265
165 133
166 212
167 141
168 86
169 133
170 399
171 53
172 110
173 106
174 92
175 62
176 4
177 172
178 222
179 29
180 314
181 106
182 2
183 95
184 55
185 105
186 50
187 3
188 3
189 29
190 99
191 9
192 45
193 16
194 107
195 221
196 42
197 27
198 2
199 4
200 7
201 4
202 9
203 2
204 16
205 8
206 4
207 4
208 24
209 4
210 5
211 27
212 6
213 4
214 1
215 11
216 23
217 96
218 1
219 32
220 54
221 28
222 74
223 37
224 11
225 4
226 1
227 12
228 2
229 2
230 7
231 9
232 15
233 36
234 24
235 12
236 12
237 96
238 36
239 2
240 4
241 12
242 1
243 14
244 7
245 49
246 3
247 1
248 3
249 1
250 3
251 5
252 4
253 2
254 8
255 4
256 9
257 9
258 4
259 7
260 8
261 5
262 4
263 20
264 12
265 16
266 15
267 30
268 13
269 1
270 24
271 22
272 64
273 61
274 39
275 31
276 60
277 12
278 19
279 8
280 88
281 13
282 3
283 7
284 7
285 7
286 7
287 39
288 9
289 4
290 2
291 4
292 2
293 4
294 4
295 7
296 5
297 7
298 27
299 42
300 107
301 55
302 4
303 33
304 18
305 16
306 5
307 14
308 22
309 8
310 9
311 32
312 32
313 32
314 32
315 32
316 1
317 1
318 1
319 2
320 1
321 1
322 1
323 13
324 54
325 65
326 58
327 12
328 36
329 28
330 31
331 4
332 23
333 3
334 2
335 2
336 1
337 2
338 2
339 2
340 7
341 22
342 13
343 13
344 2
345 1
346 219
347 7
348 44
349 18
350 13
351 44
352 101
353 31
354 62
355 30
356 24
357 9
358 1061
359 22
360 200
361 9
362 14
363 18
364 413
365 133
366 133
367 215
368 8
369 13
370 8
371 9
372 12
373 248
374 215
375 80
376 530
377 146
378 5
379 106
380 55
381 267
382 14
383 13
384 83
385 211
386 6
387 73
388 26
389 65
390 44
391 44
392 54
393 4
394 88
395 36
396 44
397 15
398 7
399 41
400 6
401 12
402 52
403 30
404 305
405 161
406 257
407 322
408 106
409 215
410 90
411 18
412 7
413 51
414 86
415 4
416 11
417 9
418 20
419 52
420 36
421 48
422 71
423 71
424 12
425 17
426 12
427 18
428 11
429 12
430 43
431 24
432 12
433 9
434 9
435 6
436 9
437 7
438 4
439 9
440 107
441 53
442 107
443 265
444 133
445 86
446 212
447 221
448 52
449 47
450 123
451 273
452 93
453 72
454 100
455 36
456 221
457 305
458 33
459 28
460 55
461 179
462 54
463 19
464 24
465 83
466 55
467 107
468 179
469 38
470 86
471 133
472 185
473 106
474 411
475 150
476 118
477 76
478 46
479 55
480 120
481 61
482 27
483 3
484 88
485 18
486 8
487 18
488 8
489 9
490 18
491 30
492 15
493 34
494 15
495 74
496 37
497 75
498 53
499 55
500 68
501 18
502 20
503 18
504 257
505 21
506 502
507 182
508 12
509 4
510 25
511 6
512 9
513 32
514 5
515 249
516 27
517 11
518 11
519 75
520 7
521 110
522 66
523 66
524 16
525 4
526 33
527 22
528 7
529 4
530 7
531 4
532 5
533 24
534 14
535 1
536 14
537 17
538 17
539 12
540 14
541 24
542 11
543 4
544 18
545 7
546 7
547 7
548 38
549 2
550 11
551 1
552 5
553 40
554 14
555 4
556 3
557 5
558 10
559 14
560 7
561 20
562 3
563 53
564 27
565 27
566 2
567 4
568 7
569 11
570 2
571 4
572 81
573 49
574 86
575 18
576 13
577 9
578 7
579 17
580 9
581 12
582 9
583 12
584 10
585 14
586 13
587 16
588 6
589 53
590 110
591 96
592 18
593 46
594 15
595 14
596 33
597 13
598 106
599 21
600 72
601 77
602 15
603 2
604 27
605 8
606 9
607 12
608 12
609 75
610 73
611 24
612 25
613 55
614 75
615 36
616 55
617 122
618 5
619 18
620 5
621 75
622 97
623 17
624 17
625 28
626 52
627 96
628 22
629 317
630 15
631 317
632 27
633 36
634 267
635 0
636 442
637 44
638 24
639 161
640 450
641 24
642 88
643 22
644 8
645 386
646 16
647 8
648 30
649 7
650 106
651 0
652 146
653 13
654 91
655 12
656 9
657 1
658 61
659 7
660 33
661 7
662 259
663 18
664 72
665 88
666 33
667 4
668 9
669 10
670 66
671 4
672 7
673 6
674 1
675 5
676 4
677 22
678 22
679 13
680 18
681 42
682 37
683 46
684 42
685 21
686 46
687 27
688 9
689 80
690 66
691 22
692 24
693 8
694 11
695 27
696 15
697 11
698 23
699 10
700 43
701 26
702 35
703 11
704 36
705 45
706 47
707 14
708 83
709 36
710 20
711 9
712 22
713 11
714 7
715 7
716 22
717 9
718 2
719 5
720 2
721 18
722 9
723 5
724 28
725 13
726 13
727 9
728 16
729 474
730 0
731 0
732 1
733 1
734 0
735 0
736 2
737 0
738 2
739 4
740 13
741 27
742 7
743 73
744 109
745 267
746 12
747 504
748 113
749 193
750 166
751 54
752 24
753 7
754 12
755 18
756 268
757 33
758 20
759 27
760 179
761 131
762 106
763 88
764 32
765 36
766 442
767 55
768 66
769 88
770 221
771 43
772 99
773 9
774 4
775 14
776 2
777 4
778 12
779 4
780 14
781 11
782 11
783 110
784 8
785 8
786 5
787 5
788 14
789 17
790 9
791 27
792 7
793 9
794 12
795 2
796 2
797 7
798 3
799 20
800 114
801 23
802 47
803 51
804 124
805 18
806 99
807 259
808 101
809 11
810 35
811 106
812 95
813 109
814 29
815 7
816 40
817 46
818 37
819 179
820 24
821 48
822 72
823 88
824 72
825 9
826 9
827 51
828 4
829 5
830 86
831 106
832 86
833 106
834 107
835 98
836 187
837 86
838 88
839 106
840 146
841 104
842 88
843 107
844 265
845 177
846 86
847 141
848 150
849 83
850 169
851 18
852 22
853 7
854 13
855 11
856 5
857 4
858 22
859 8
860 39
861 20
862 20
863 4
864 2
865 8
866 4
867 17
868 24
869 11
870 7
871 5
872 12
873 96
874 21
875 9
876 11
877 22
878 129
879 9
880 11
881 27
882 186
883 44
884 36
885 25
886 2
887 52
888 16
889 24
890 27
891 7
892 2
893 4
894 4
895 4
896 4
897 12
898 13
899 24
900 12
901 8
902 12
903 14
904 2
905 22
906 3
907 9
908 61
909 129
910 22
911 88
912 186
913 14
914 14
915 43
916 9
917 44
918 18
919 88
920 22
921 88
922 44
923 75
924 9
925 107
926 50
927 22
928 40
929 107
930 36
931 18
932 51
933 36
934 36
935 22
936 27
937 22
938 44
939 27
940 31
941 10
942 7
943 44
944 9
945 20
946 20
947 18
948 27
949 4
950 60
951 22
952 9
953 18
954 64
955 20
956 44
957 11
958 4
959 4
960 4
961 11
962 4
963 22
964 5
965 5
966 6
967 6
968 6
969 7
970 7
971 18
972 7
973 36
974 36
975 2
976 3
977 18
978 12
979 12
980 4
981 7
982 2
983 4
984 5
985 9
986 10
987 9
988 18
989 27
990 22
991 9
992 4
993 4
994 7
995 9
996 7
997 4
998 31
999 0
1000 22
1001 9
1002 9
1003 4
1004 11
1005 9
1006 9
1007 4
1008 5
1009 4
1010 4
1011 4
1012 44
1013 22
1014 27
1015 22
1016 13
1017 1
1018 8
1019 22
1020 55
1021 51
1022 22
1023 54
1024 11
1025 44
1026 14
1027 8
1028 2
1029 2
1030 5
1031 0
1032 1
1033 1
1034 3
1035 4
1036 15
1037 11
1038 7
1039 20
1040 14
1041 9
1042 4
1043 2
1044 12
1045 80
1046 129
1047 36
1048 36
1049 33
1050 143
1051 88
1052 9
1053 20
1054 44
1055 13
1056 22
1057 121
1058 4
1059 2
1060 0
1061 7
1062 15
1063 2
1064 5
1065 2
1066 2
1067 9
1068 7
1069 4
1070 0
1071 4
1072 4
1073 7
1074 2
1075 4
1076 2
1077 57
1078 18
1079 2
1080 9
1081 4
1082 1
1083 21
1084 12
1085 18
1086 29
1087 21
1088 40
1089 40
1090 21
1091 21
1092 27
1093 19
1094 109
1095 100
1096 73
1097 128
1098 16
1099 50
1100 73
1101 125
1102 219
1103 50
1104 50
1105 91
1106 25
1107 4
1108 75
1109 17
1110 5
1111 243
1112 11
1113 134
1114 16
1115 156
1116 100
1117 104
1118 125
1119 182
1120 583
1121 3
1122 13
1123 20
1124 18
1125 15
;

param Ttarget := 
1 1 1000
2 1 1000
3 1 1000
4 1 1000
5 1 500
6 1 500
7 1 500
8 1 500
1 2 1000
2 2 1000
3 2 1000
4 2 1000
5 2 500
6 2 500
7 2 500
8 2 500
1 3 1000
2 3 1000
3 3 1000
4 3 1000
5 3 500
6 3 500
7 3 500
8 3 500
1 4 1000
2 4 1000
3 4 1000
4 4 1000
5 4 500
6 4 500
7 4 500
8 4 500
1 5 1000
2 5 1000
3 5 1000
4 5 1000
5 5 500
6 5 500
7 5 500
8 5 500
;

set Bannlisti := 
;
set Fixlisti := 
1 2 1 
2 2 1 
3 2 1 
4 2 1 
5 2 1 
6 2 1 
7 2 1 
8 2 1 
9 2 1 
10 2 1 
11 8 1 
12 2 1 
13 2 1 
14 2 1 
15 2 1 
16 8 1 
17 1 1 
18 1 1 
19 1 1 
20 8 1 
21 2 1 
22 2 1 
23 2 1 
24 2 1 
25 2 1 
26 2 1 
27 2 1 
28 2 1 
29 2 1 
30 2 1 
31 7 1 
32 2 1 
33 1 1 
34 7 1 
35 8 1 
36 5 1 
37 7 1 
38 3 1 
39 3 1 
40 3 1 
41 3 1 
42 3 1 
43 3 1 
44 3 1 
45 3 1 
46 3 1 
47 3 1 
48 3 1 
49 3 1 
50 3 1 
51 3 1 
52 3 1 
53 3 1 
54 3 1 
55 3 1 
56 3 1 
57 3 1 
58 3 1 
59 3 1 
60 3 1 
61 3 1 
62 3 1 
63 3 1 
64 3 1 
65 3 1 
66 3 1 
67 3 1 
68 3 1 
69 3 1 
70 3 1 
71 3 1 
72 3 1 
73 3 1 
74 3 1 
75 3 1 
76 3 1 
77 3 1 
78 3 1 
79 3 1 
80 3 1 
81 3 1 
82 3 1 
83 3 1 
84 3 1 
85 3 1 
86 3 1 
87 3 1 
88 3 1 
89 3 1 
90 3 1 
91 3 1 
92 3 1 
93 3 1 
94 3 1 
95 3 1 
96 3 1 
97 3 1 
98 5 1 
99 5 1 
100 5 1 
101 5 1 
102 5 1 
103 5 1 
104 5 1 
105 5 1 
106 5 1 
107 5 1 
108 5 1 
109 5 1 
110 5 1 
111 4 1 
112 5 1 
113 5 1 
114 5 1 
115 5 1 
116 5 1 
117 5 1 
118 5 1 
119 5 1 
120 5 1 
121 5 1 
122 5 1 
123 5 1 
124 5 1 
125 5 1 
126 5 1 
127 5 1 
128 5 1 
129 5 1 
130 5 1 
131 5 1 
132 5 1 
133 5 1 
134 5 1 
135 5 1 
136 5 1 
137 5 1 
138 5 1 
139 5 1 
140 5 1 
141 5 1 
142 5 1 
143 5 1 
144 5 1 
145 5 1 
146 5 1 
147 5 1 
148 5 1 
149 5 1 
150 5 1 
151 5 1 
152 5 1 
153 5 1 
154 5 1 
155 5 1 
156 5 1 
157 5 1 
158 5 1 
159 5 1 
160 1 1 
161 1 1 
162 8 1 
163 8 1 
164 6 1 
165 6 1 
166 6 1 
167 6 1 
168 6 1 
169 6 1 
170 6 1 
171 6 1 
172 6 1 
173 6 1 
174 6 1 
175 6 1 
176 6 1 
177 6 1 
178 6 1 
179 6 1 
180 6 1 
181 6 1 
182 6 1 
183 6 1 
184 6 1 
185 6 1 
186 6 1 
187 1 1 
188 2 1 
189 6 1 
190 6 1 
191 6 1 
192 6 1 
193 6 1 
194 6 1 
195 6 1 
196 8 1 
197 8 1 
198 8 1 
199 8 1 
200 8 1 
201 8 1 
202 8 1 
203 8 1 
204 8 1 
205 8 1 
206 8 1 
207 8 1 
208 5 1 
209 5 1 
210 5 1 
211 5 1 
212 5 1 
213 5 1 
214 7 1 
215 7 1 
216 7 1 
217 7 1 
218 7 1 
219 7 1 
220 7 1 
221 7 1 
222 7 1 
223 7 1 
224 7 1 
225 7 1 
226 8 1 
227 8 1 
228 8 1 
229 8 1 
230 8 1 
231 8 1 
232 8 1 
233 8 1 
234 3 1 
235 3 1 
236 3 1 
237 3 1 
238 3 1 
239 3 1 
240 3 1 
241 8 1 
242 8 1 
243 8 1 
244 8 1 
245 7 1 
246 7 1 
247 7 1 
248 7 1 
249 7 1 
250 7 1 
251 8 1 
252 8 1 
253 8 1 
254 8 1 
255 8 1 
256 8 1 
257 8 1 
258 8 1 
259 8 1 
260 8 1 
261 8 1 
262 8 1 
263 8 1 
264 8 1 
265 5 1 
266 7 1 
267 7 1 
268 7 1 
269 7 1 
270 8 1 
271 8 1 
272 8 1 
273 8 1 
274 8 1 
275 8 1 
276 8 1 
277 8 1 
278 8 1 
279 8 1 
280 8 1 
281 8 1 
282 8 1 
283 8 1 
284 8 1 
285 8 1 
286 8 1 
287 8 1 
288 8 1 
289 8 1 
290 8 1 
291 8 1 
292 8 1 
293 8 1 
294 8 1 
295 8 1 
296 8 1 
297 8 1 
298 8 1 
299 8 1 
300 8 1 
301 8 1 
302 8 1 
303 8 1 
304 8 1 
305 8 1 
306 8 1 
307 8 1 
308 8 1 
309 8 1 
310 8 1 
311 7 1 
312 7 1 
313 7 1 
314 7 1 
315 7 1 
316 7 1 
317 7 1 
318 8 1 
319 8 1 
320 8 1 
321 8 1 
322 8 1 
323 8 1 
324 8 1 
325 8 1 
326 8 1 
327 8 1 
328 8 1 
329 8 1 
330 8 1 
331 7 1 
332 7 1 
333 1 1 
334 7 1 
335 7 1 
336 2 1 
337 1 1 
338 3 1 
339 6 1 
340 8 1 
341 6 1 
342 6 1 
343 6 1 
344 1 1 
345 1 1 
346 1 1 
347 1 1 
348 1 1 
349 1 1 
350 1 1 
351 1 1 
352 1 1 
353 1 1 
354 1 1 
355 1 1 
356 1 1 
357 1 1 
358 1 1 
359 1 1 
360 1 1 
361 1 1 
362 1 1 
363 1 1 
364 1 1 
365 1 1 
366 1 1 
367 1 1 
368 1 1 
369 1 1 
370 1 1 
371 1 1 
372 1 1 
373 1 1 
374 1 1 
375 1 1 
376 1 1 
377 2 2 
378 2 2 
379 2 2 
380 2 2 
381 2 2 
382 2 2 
383 2 2 
384 2 2 
385 2 2 
386 4 2 
387 4 2 
388 4 2 
389 4 2 
390 5 2 
391 4 2 
392 4 2 
393 4 2 
394 4 2 
395 4 2 
396 4 2 
397 4 2 
398 4 2 
399 4 2 
400 4 2 
401 4 2 
402 4 2 
403 4 2 
404 4 2 
405 4 2 
406 4 2 
407 4 2 
408 4 2 
409 4 2 
410 4 2 
411 4 2 
412 4 2 
413 4 2 
414 4 2 
415 4 2 
416 4 2 
417 4 2 
418 4 2 
419 4 2 
420 4 2 
421 4 2 
422 4 2 
423 4 2 
424 4 2 
425 4 2 
426 4 2 
427 4 2 
428 8 2 
429 8 2 
430 8 2 
431 4 2 
432 4 2 
433 6 2 
434 6 2 
435 6 2 
436 6 2 
437 6 2 
438 6 2 
439 6 2 
440 6 2 
441 6 2 
442 6 2 
443 6 2 
444 6 2 
445 6 2 
446 6 2 
447 6 2 
448 6 2 
449 6 2 
450 6 2 
451 6 2 
452 6 2 
453 6 2 
454 6 2 
455 6 2 
456 6 2 
457 6 2 
458 6 2 
459 6 2 
460 6 2 
461 6 2 
462 6 2 
463 6 2 
464 6 2 
465 6 2 
466 6 2 
467 6 2 
468 6 2 
469 6 2 
470 6 2 
471 6 2 
472 6 2 
473 6 2 
474 6 2 
475 6 2 
476 6 2 
477 6 2 
478 6 2 
479 6 2 
480 6 2 
481 6 2 
482 6 2 
483 6 2 
484 6 2 
485 6 2 
486 6 2 
487 6 2 
488 6 2 
489 6 2 
490 6 2 
491 6 2 
492 6 2 
493 6 2 
494 6 2 
495 6 2 
496 6 2 
497 6 2 
498 6 2 
499 6 2 
500 6 2 
501 6 2 
502 6 2 
503 6 2 
504 8 2 
505 8 2 
506 1 2 
507 1 2 
508 8 2 
509 8 2 
510 6 2 
511 6 2 
512 6 2 
513 6 2 
514 6 2 
515 6 2 
516 6 2 
517 6 2 
518 6 2 
519 7 2 
520 7 2 
521 7 2 
522 7 2 
523 7 2 
524 7 2 
525 8 2 
526 8 2 
527 8 2 
528 8 2 
529 8 2 
530 8 2 
531 8 2 
532 8 2 
533 7 2 
534 7 2 
535 7 2 
536 7 2 
537 7 2 
538 7 2 
539 7 2 
540 7 2 
541 7 2 
542 7 2 
543 8 2 
544 8 2 
545 8 2 
546 8 2 
547 8 2 
548 7 2 
549 7 2 
550 7 2 
551 8 2 
552 7 2 
553 7 2 
554 7 2 
555 7 2 
556 7 2 
557 7 2 
558 8 2 
559 8 2 
560 8 2 
561 8 2 
562 8 2 
563 8 2 
564 7 2 
565 7 2 
566 7 2 
567 7 2 
568 7 2 
569 7 2 
570 7 2 
571 7 2 
572 8 2 
573 8 2 
574 3 2 
575 3 2 
576 7 2 
577 7 2 
578 7 2 
579 8 2 
580 8 2 
581 8 2 
582 8 2 
583 8 2 
584 8 2 
585 8 2 
586 8 2 
587 8 2 
588 8 2 
589 8 2 
590 8 2 
591 8 2 
592 8 2 
593 8 2 
594 8 2 
595 8 2 
596 8 2 
597 8 2 
598 8 2 
599 8 2 
600 8 2 
601 6 2 
602 1 2 
603 1 2 
604 1 2 
605 1 2 
606 1 2 
607 1 2 
608 7 2 
609 1 2 
610 1 2 
611 1 2 
612 1 2 
613 1 2 
614 1 2 
615 1 2 
616 1 2 
617 1 2 
618 1 2 
619 1 2 
620 1 2 
621 1 2 
622 1 2 
623 1 2 
624 1 2 
625 1 2 
626 1 2 
627 1 2 
628 1 2 
629 1 2 
630 1 2 
631 1 2 
632 1 2 
633 1 2 
634 1 2 
635 1 2 
636 1 2 
637 1 2 
638 1 2 
639 1 2 
640 1 2 
641 1 2 
642 1 2 
643 1 2 
644 1 2 
645 1 2 
646 1 2 
647 1 2 
648 1 2 
649 1 3 
650 2 3 
651 2 3 
652 2 3 
653 2 3 
654 2 3 
655 8 3 
656 8 3 
657 8 3 
658 8 3 
659 8 3 
660 5 3 
661 3 3 
662 4 3 
663 3 3 
664 3 3 
665 3 3 
666 3 3 
667 3 3 
668 3 3 
669 8 3 
670 3 3 
671 8 3 
672 8 3 
673 8 3 
674 8 3 
675 8 3 
676 7 3 
677 8 3 
678 8 3 
679 8 3 
680 8 3 
681 7 3 
682 7 3 
683 7 3 
684 7 3 
685 7 3 
686 7 3 
687 7 3 
688 7 3 
689 7 3 
690 7 3 
691 7 3 
692 7 3 
693 7 3 
694 7 3 
695 7 3 
696 8 3 
697 8 3 
698 8 3 
699 8 3 
700 7 3 
701 7 3 
702 7 3 
703 7 3 
704 7 3 
705 7 3 
706 7 3 
707 7 3 
708 7 3 
709 7 3 
710 7 3 
711 7 3 
712 7 3 
713 7 3 
714 8 3 
715 8 3 
716 8 3 
717 7 3 
718 7 3 
719 7 3 
720 7 3 
721 7 3 
722 7 3 
723 7 3 
724 7 3 
725 6 3 
726 8 3 
727 8 3 
728 8 3 
729 2 3 
730 4 4 
731 4 4 
732 8 4 
733 8 4 
734 1 4 
735 4 4 
736 2 4 
737 1 4 
738 5 4 
739 1 4 
740 5 4 
741 3 4 
742 3 4 
743 1 5 
744 1 5 
745 1 5 
746 1 5 
747 1 5 
748 1 5 
749 1 5 
750 1 5 
751 1 5 
752 1 5 
753 1 5 
754 1 5 
755 1 5 
756 1 5 
757 1 5 
758 1 5 
759 1 5 
760 1 5 
761 1 5 
762 1 5 
763 1 5 
764 1 5 
765 1 5 
766 1 5 
767 1 5 
768 1 5 
769 1 5 
770 1 5 
771 1 5 
772 1 5 
773 1 5 
774 1 5 
775 1 5 
776 1 5 
777 1 5 
778 1 5 
779 1 5 
780 1 5 
781 1 5 
782 1 5 
783 1 5 
784 1 5 
785 1 5 
786 1 5 
787 1 5 
788 1 5 
789 1 5 
790 1 5 
791 1 5 
792 1 5 
793 1 5 
794 1 5 
795 1 5 
796 1 5 
797 1 5 
798 1 5 
799 1 5 
800 1 5 
801 1 5 
802 1 5 
803 1 5 
804 1 5 
805 1 5 
806 1 5 
807 1 5 
808 1 5 
809 2 5 
810 2 5 
811 2 5 
812 2 5 
813 2 5 
814 2 5 
815 2 5 
816 2 5 
817 2 5 
818 2 5 
819 2 5 
820 2 5 
821 2 5 
822 2 5 
823 2 5 
824 2 5 
825 2 5 
826 2 5 
827 2 5 
828 2 5 
829 2 5 
830 3 5 
831 3 5 
832 3 5 
833 3 5 
834 3 5 
835 3 5 
836 3 5 
837 3 5 
838 3 5 
839 3 5 
840 3 5 
841 3 5 
842 3 5 
843 3 5 
844 3 5 
845 3 5 
846 3 5 
847 3 5 
848 3 5 
849 3 5 
850 3 5 
851 3 5 
852 3 5 
853 3 5 
854 3 5 
855 3 5 
856 3 5 
857 3 5 
858 3 5 
859 3 5 
860 3 5 
861 3 5 
862 3 5 
863 3 5 
864 3 5 
865 3 5 
866 3 5 
867 3 5 
868 3 5 
869 3 5 
870 3 5 
871 3 5 
872 3 5 
873 3 5 
874 3 5 
875 3 5 
876 3 5 
877 3 5 
878 3 5 
879 3 5 
880 3 5 
881 3 5 
882 3 5 
883 3 5 
884 3 5 
885 3 5 
886 3 5 
887 2 5 
888 2 5 
889 2 5 
890 3 5 
891 3 5 
892 3 5 
893 3 5 
894 3 5 
895 3 5 
896 3 5 
897 3 5 
898 4 5 
899 4 5 
900 4 5 
901 4 5 
902 4 5 
903 4 5 
904 4 5 
905 3 5 
906 3 5 
907 3 5 
908 3 5 
909 3 5 
910 3 5 
911 3 5 
912 3 5 
913 3 5 
914 3 5 
915 5 5 
916 5 5 
917 5 5 
918 5 5 
919 5 5 
920 5 5 
921 5 5 
922 5 5 
923 5 5 
924 5 5 
925 5 5 
926 5 5 
927 5 5 
928 5 5 
929 5 5 
930 5 5 
931 5 5 
932 5 5 
933 5 5 
934 5 5 
935 5 5 
936 5 5 
937 5 5 
938 5 5 
939 5 5 
940 5 5 
941 5 5 
942 5 5 
943 5 5 
944 5 5 
945 5 5 
946 5 5 
947 5 5 
948 5 5 
949 5 5 
950 5 5 
951 5 5 
952 5 5 
953 5 5 
954 5 5 
955 5 5 
956 5 5 
957 5 5 
958 5 5 
959 5 5 
960 5 5 
961 5 5 
962 5 5 
963 5 5 
964 5 5 
965 8 5 
966 8 5 
967 8 5 
968 8 5 
969 8 5 
970 8 5 
971 8 5 
972 8 5 
973 8 5 
974 8 5 
975 8 5 
976 8 5 
977 8 5 
978 8 5 
979 8 5 
980 8 5 
981 8 5 
982 8 5 
983 8 5 
984 8 5 
985 5 5 
986 5 5 
987 5 5 
988 5 5 
989 5 5 
990 8 5 
991 8 5 
992 8 5 
993 8 5 
994 8 5 
995 8 5 
996 8 5 
997 8 5 
998 8 5 
999 8 5 
1000 8 5 
1001 8 5 
1002 8 5 
1003 8 5 
1004 8 5 
1005 8 5 
1006 8 5 
1007 8 5 
1008 8 5 
1009 8 5 
1010 8 5 
1011 8 5 
1012 8 5 
1013 8 5 
1014 8 5 
1015 8 5 
1016 8 5 
1017 8 5 
1018 8 5 
1019 5 5 
1020 5 5 
1021 5 5 
1022 5 5 
1023 5 5 
1024 5 5 
1025 5 5 
1026 5 5 
1027 5 5 
1028 8 5 
1029 8 5 
1030 8 5 
1031 8 5 
1032 8 5 
1033 8 5 
1034 8 5 
1035 8 5 
1036 8 5 
1037 8 5 
1038 8 5 
1039 8 5 
1040 8 5 
1041 8 5 
1042 8 5 
1043 8 5 
1044 8 5 
1045 8 5 
1046 8 5 
1047 8 5 
1048 8 5 
1049 8 5 
1050 8 5 
1051 8 5 
1052 8 5 
1053 8 5 
1054 8 5 
1055 8 5 
1056 8 5 
1057 8 5 
1058 8 5 
1059 8 5 
1060 8 5 
1061 8 5 
1062 8 5 
1063 8 5 
1064 8 5 
1065 8 5 
1066 8 5 
1067 8 5 
1068 8 5 
1069 8 5 
1070 8 5 
1071 8 5 
1072 8 5 
1073 8 5 
1074 8 5 
1075 8 5 
1076 8 5 
1077 8 5 
1078 8 5 
1079 8 5 
1080 8 5 
1081 8 5 
1082 8 5 
1083 8 5 
1084 7 5 
1085 8 5 
1086 8 5 
1087 8 5 
1088 8 5 
1089 8 5 
1090 8 5 
1091 8 5 
1092 8 5 
1093 8 5 
1094 1 5 
1095 1 5 
1096 1 5 
1097 1 5 
1098 1 5 
1099 1 5 
1100 1 5 
1101 1 5 
1102 1 5 
1103 1 5 
1104 1 5 
1105 1 5 
1106 1 5 
1107 1 5 
1108 1 5 
1109 1 5 
1110 1 5 
1111 1 5 
1112 1 5 
1113 1 5 
1114 1 5 
1115 1 5 
1116 1 5 
1117 1 5 
1118 1 5 
1119 1 5 
1120 1 5 
1121 2 5 
1122 2 5 
1123 2 5 
1124 2 5 
1125 2 5 
;
end;
