param S := 721;
param T := 8;
param D := 5;
param windowsize := 0;

param A := 
1 5
2 4
3 4
4 2
5 2
6 4
7 2
8 2
9 5
10 6
11 26
12 9
13 0
14 12
15 0
16 31
17 1
18 64
19 22
20 33
21 72
22 66
23 18
24 4
25 2
26 2
27 4
28 4
29 1
30 4
31 2
32 4
33 2
34 13
35 2
36 80
37 133
38 27
39 23
40 11
41 44
42 13
43 33
44 13
45 88
46 36
47 22
48 53
49 22
50 22
51 7
52 9
53 16
54 10
55 0
56 0
57 9
58 7
59 5
60 4
61 4
62 9
63 9
64 13
65 4
66 3
67 9
68 4
69 2
70 4
71 12
72 7
73 17
74 52
75 9
76 54
77 24
78 4
79 5
80 9
81 2
82 14
83 4
84 5
85 5
86 11
87 5
88 4
89 2
90 8
91 2
92 17
93 13
94 9
95 125
96 91
97 50
98 125
99 91
100 6
101 36
102 91
103 109
104 91
105 5
106 50
107 73
108 100
109 97
110 17
111 5
112 12
113 61
114 5
115 10
116 221
117 16
118 66
119 9
120 18
121 13
122 11
123 16
124 9
125 46
126 18
127 5
128 5
129 4
130 2
131 6
132 6
133 16
134 2
135 5
136 5
137 190
138 328
139 27
140 55
141 44
142 34
143 5
144 106
145 86
146 22
147 4
148 7
149 6
150 24
151 60
152 12
153 36
154 17
155 1
156 8
157 3
158 1
159 24
160 22
161 14
162 265
163 107
164 53
165 53
166 53
167 133
168 123
169 5
170 9
171 9
172 6
173 6
174 15
175 44
176 66
177 12
178 169
179 13
180 159
181 47
182 14
183 30
184 37
185 66
186 22
187 44
188 22
189 2
190 22
191 8
192 4
193 4
194 33
195 2
196 9
197 7
198 13
199 15
200 9
201 13
202 12
203 66
204 4
205 7
206 22
207 5
208 27
209 14
210 18
211 33
212 40
213 106
214 5
215 12
216 12
217 9
218 7
219 14
220 96
221 158
222 14
223 4
224 4
225 4
226 4
227 6
228 4
229 2
230 4
231 109
232 18
233 100
234 109
235 122
236 61
237 61
238 4
239 49
240 2
241 1
242 1
243 1
244 2
245 14
246 26
247 6
248 73
249 61
250 73
251 35
252 37
253 88
254 35
255 88
256 22
257 146
258 72
259 88
260 22
261 37
262 4
263 9
264 5
265 34
266 31
267 9
268 4
269 211
270 109
271 73
272 95
273 64
274 146
275 52
276 265
277 107
278 106
279 86
280 141
281 150
282 86
283 98
284 177
285 186
286 250
287 159
288 133
289 24
290 40
291 20
292 71
293 71
294 80
295 83
296 35
297 106
298 22
299 9
300 36
301 13
302 14
303 62
304 36
305 15
306 5
307 21
308 4
309 9
310 20
311 2
312 4
313 22
314 4
315 9
316 4
317 54
318 36
319 9
320 4
321 4
322 2
323 88
324 18
325 44
326 76
327 44
328 7
329 13
330 66
331 72
332 29
333 44
334 20
335 44
336 44
337 18
338 4
339 4
340 4
341 18
342 1
343 0
344 4
345 26
346 16
347 12
348 14
349 3
350 7
351 8
352 4
353 1
354 8
355 4
356 8
357 20
358 30
359 7
360 5
361 12
362 12
363 17
364 4
365 0
366 9
367 8
368 5
369 2
370 26
371 60
372 51
373 18
374 7
375 18
376 13
377 4
378 9
379 22
380 31
381 4
382 5
383 18
384 22
385 44
386 107
387 0
388 13
389 29
390 4
391 2
392 18
393 7
394 2
395 2
396 4
397 5
398 7
399 2
400 7
401 4
402 4
403 4
404 4
405 7
406 4
407 18
408 4
409 9
410 13
411 2
412 1
413 12
414 12
415 24
416 8
417 1
418 44
419 0
420 22
421 2
422 6
423 18
424 22
425 14
426 9
427 61
428 12
429 4
430 4
431 9
432 46
433 7
434 15
435 76
436 5
437 3
438 3
439 14
440 3
441 5
442 3
443 0
444 1
445 0
446 2
447 2
448 18
449 4
450 5
451 11
452 0
453 3
454 24
455 1
456 3
457 1
458 1
459 1
460 111
461 3
462 9
463 9
464 16
465 8
466 1
467 15
468 13
469 18
470 8
471 4
472 4
473 181
474 12
475 12
476 2
477 28
478 28
479 7
480 7
481 24
482 48
483 48
484 12
485 16
486 5
487 22
488 18
489 18
490 64
491 88
492 7
493 44
494 150
495 186
496 7
497 1
498 2
499 4
500 9
501 7
502 15
503 13
504 2
505 4
506 25
507 73
508 73
509 55
510 11
511 36
512 11
513 12
514 212
515 33
516 100
517 124
518 265
519 7
520 2
521 2
522 5
523 5
524 2
525 5
526 2
527 12
528 60
529 43
530 9
531 48
532 12
533 36
534 12
535 17
536 133
537 86
538 64
539 88
540 9
541 4
542 7
543 4
544 34
545 95
546 71
547 57
548 11
549 3
550 2
551 7
552 47
553 133
554 221
555 333
556 185
557 110
558 110
559 85
560 86
561 212
562 2
563 4
564 5
565 2
566 1
567 5
568 9
569 5
570 9
571 4
572 6
573 6
574 6
575 6
576 5
577 5
578 133
579 1
580 14
581 38
582 46
583 9
584 22
585 46
586 27
587 7
588 28
589 7
590 2
591 12
592 12
593 5
594 2
595 5
596 2
597 9
598 4
599 4
600 7
601 22
602 13
603 56
604 4
605 4
606 18
607 17
608 18
609 15
610 5
611 35
612 32
613 36
614 51
615 12
616 2
617 7
618 6
619 2
620 2
621 8
622 4
623 9
624 5
625 5
626 4
627 2
628 21
629 22
630 27
631 44
632 7
633 66
634 13
635 2
636 4
637 1
638 2
639 2
640 2
641 2
642 4
643 2
644 2
645 18
646 4
647 7
648 4
649 2
650 4
651 2
652 2
653 4
654 4
655 9
656 4
657 2
658 2
659 2
660 4
661 4
662 2
663 0
664 5
665 3
666 11
667 12
668 3
669 97
670 65
671 4
672 6
673 6
674 2
675 16
676 9
677 0
678 7
679 18
680 7
681 9
682 4
683 3
684 9
685 9
686 12
687 4
688 1
689 92
690 32
691 27
692 5
693 3
694 7
695 2
696 1
697 1
698 1
699 1
700 12
701 19
702 8
703 267
704 11
705 168
706 81
707 52
708 77
709 14
710 15
711 9
712 100
713 50
714 91
715 25
716 18
717 36
718 55
719 55
720 50
721 9
;

param Ttarget := 
1 1 1000
2 1 1000
3 1 1000
4 1 1000
5 1 500
6 1 500
7 1 500
8 1 500
1 2 1000
2 2 1000
3 2 1000
4 2 1000
5 2 500
6 2 500
7 2 500
8 2 500
1 3 1000
2 3 1000
3 3 1000
4 3 1000
5 3 500
6 3 500
7 3 500
8 3 500
1 4 1000
2 4 1000
3 4 1000
4 4 1000
5 4 500
6 4 500
7 4 500
8 4 500
1 5 1000
2 5 1000
3 5 1000
4 5 1000
5 5 500
6 5 500
7 5 500
8 5 500
;

set Bannlisti := 
;
set Fixlisti := 
1 2 1 
2 8 1 
3 8 1 
4 8 1 
5 8 1 
6 8 1 
7 8 1 
8 8 1 
9 8 1 
10 8 1 
11 8 1 
12 8 1 
13 8 1 
14 8 1 
15 8 1 
16 8 1 
17 8 1 
18 8 1 
19 8 1 
20 8 1 
21 8 1 
22 8 1 
23 8 1 
24 8 1 
25 8 1 
26 8 1 
27 8 1 
28 8 1 
29 8 1 
30 8 1 
31 8 1 
32 8 1 
33 8 1 
34 8 1 
35 8 1 
36 3 1 
37 3 1 
38 3 1 
39 3 1 
40 3 1 
41 3 1 
42 3 1 
43 3 1 
44 3 1 
45 3 1 
46 3 1 
47 3 1 
48 3 1 
49 3 1 
50 3 1 
51 3 1 
52 3 1 
53 3 1 
54 3 1 
55 3 1 
56 3 1 
57 3 1 
58 3 1 
59 3 1 
60 3 1 
61 3 1 
62 3 1 
63 3 1 
64 3 1 
65 3 1 
66 3 1 
67 3 1 
68 3 1 
69 3 1 
70 3 1 
71 3 1 
72 8 1 
73 7 1 
74 7 1 
75 7 1 
76 7 1 
77 8 1 
78 7 1 
79 8 1 
80 7 1 
81 7 1 
82 7 1 
83 7 1 
84 7 1 
85 7 1 
86 7 1 
87 7 1 
88 7 1 
89 7 1 
90 7 1 
91 7 1 
92 7 1 
93 7 1 
94 1 1 
95 1 1 
96 1 1 
97 1 1 
98 1 1 
99 1 1 
100 1 1 
101 1 1 
102 1 1 
103 1 1 
104 1 1 
105 1 1 
106 1 1 
107 1 1 
108 1 1 
109 1 1 
110 1 1 
111 1 1 
112 1 1 
113 1 1 
114 1 1 
115 1 1 
116 1 1 
117 1 1 
118 1 1 
119 1 1 
120 2 2 
121 2 2 
122 2 2 
123 2 2 
124 2 2 
125 2 2 
126 2 2 
127 2 2 
128 2 2 
129 2 2 
130 2 2 
131 2 2 
132 2 2 
133 1 2 
134 1 2 
135 1 2 
136 1 2 
137 2 2 
138 2 2 
139 5 2 
140 5 2 
141 5 2 
142 5 2 
143 4 2 
144 4 2 
145 4 2 
146 4 2 
147 4 2 
148 4 2 
149 4 2 
150 4 2 
151 4 2 
152 4 2 
153 4 2 
154 4 2 
155 4 2 
156 4 2 
157 4 2 
158 4 2 
159 4 2 
160 6 2 
161 6 2 
162 6 2 
163 6 2 
164 6 2 
165 6 2 
166 6 2 
167 6 2 
168 6 2 
169 6 2 
170 6 2 
171 6 2 
172 6 2 
173 6 2 
174 6 2 
175 6 2 
176 6 2 
177 6 2 
178 6 2 
179 6 2 
180 6 2 
181 6 2 
182 6 2 
183 6 2 
184 6 2 
185 6 2 
186 6 2 
187 6 2 
188 6 2 
189 6 2 
190 6 2 
191 6 2 
192 6 2 
193 6 2 
194 6 2 
195 3 2 
196 3 2 
197 8 2 
198 8 2 
199 8 2 
200 8 2 
201 7 2 
202 7 2 
203 7 2 
204 7 2 
205 3 2 
206 8 2 
207 8 2 
208 8 2 
209 8 2 
210 8 2 
211 8 2 
212 8 2 
213 8 2 
214 8 2 
215 8 2 
216 8 2 
217 8 2 
218 8 2 
219 1 3 
220 1 3 
221 1 3 
222 1 3 
223 1 3 
224 1 3 
225 1 3 
226 1 3 
227 1 3 
228 1 3 
229 1 3 
230 1 3 
231 1 3 
232 1 3 
233 1 3 
234 1 3 
235 1 3 
236 1 3 
237 1 3 
238 8 3 
239 1 3 
240 8 3 
241 8 3 
242 8 3 
243 8 3 
244 8 3 
245 8 3 
246 4 3 
247 4 3 
248 4 3 
249 4 3 
250 2 3 
251 2 3 
252 2 3 
253 2 3 
254 2 3 
255 2 3 
256 2 3 
257 2 3 
258 2 3 
259 2 3 
260 2 3 
261 2 3 
262 2 3 
263 2 3 
264 2 3 
265 2 3 
266 2 3 
267 2 3 
268 2 3 
269 2 3 
270 2 3 
271 2 3 
272 2 3 
273 3 3 
274 3 3 
275 3 3 
276 3 3 
277 3 3 
278 3 3 
279 3 3 
280 3 3 
281 3 3 
282 3 3 
283 3 3 
284 3 3 
285 3 3 
286 3 3 
287 3 3 
288 3 3 
289 3 3 
290 3 3 
291 3 3 
292 3 3 
293 3 3 
294 3 3 
295 3 3 
296 3 3 
297 3 3 
298 3 3 
299 3 3 
300 3 3 
301 3 3 
302 3 3 
303 3 3 
304 3 3 
305 3 3 
306 3 3 
307 3 3 
308 3 3 
309 3 3 
310 3 3 
311 3 3 
312 3 3 
313 3 3 
314 3 3 
315 3 3 
316 3 3 
317 3 3 
318 3 3 
319 3 3 
320 3 3 
321 3 3 
322 3 3 
323 3 3 
324 3 3 
325 3 3 
326 3 3 
327 3 3 
328 3 3 
329 3 3 
330 3 3 
331 3 3 
332 3 3 
333 3 3 
334 3 3 
335 3 3 
336 3 3 
337 3 3 
338 3 3 
339 3 3 
340 3 3 
341 3 3 
342 8 3 
343 8 3 
344 8 3 
345 3 3 
346 3 3 
347 3 3 
348 3 3 
349 3 3 
350 3 3 
351 3 3 
352 3 3 
353 3 3 
354 3 3 
355 3 3 
356 3 3 
357 3 3 
358 3 3 
359 3 3 
360 3 3 
361 3 3 
362 3 3 
363 3 3 
364 3 3 
365 3 3 
366 3 3 
367 3 3 
368 3 3 
369 8 3 
370 5 3 
371 5 3 
372 5 3 
373 5 3 
374 5 3 
375 5 3 
376 5 3 
377 5 3 
378 5 3 
379 5 3 
380 5 3 
381 5 3 
382 5 3 
383 5 3 
384 5 3 
385 5 3 
386 5 3 
387 5 3 
388 5 3 
389 5 3 
390 5 3 
391 5 3 
392 5 3 
393 5 3 
394 5 3 
395 5 3 
396 5 3 
397 5 3 
398 5 3 
399 5 3 
400 5 3 
401 5 3 
402 5 3 
403 5 3 
404 2 3 
405 8 3 
406 8 3 
407 8 3 
408 8 3 
409 8 3 
410 8 3 
411 8 3 
412 8 3 
413 8 3 
414 8 3 
415 8 3 
416 8 3 
417 8 3 
418 8 3 
419 8 3 
420 8 3 
421 8 3 
422 8 3 
423 8 3 
424 8 3 
425 8 3 
426 8 3 
427 7 3 
428 7 3 
429 7 3 
430 7 3 
431 7 3 
432 7 3 
433 7 3 
434 7 3 
435 7 3 
436 7 3 
437 7 3 
438 7 3 
439 7 3 
440 7 3 
441 7 3 
442 7 3 
443 7 3 
444 7 3 
445 7 3 
446 7 3 
447 8 3 
448 8 3 
449 8 3 
450 7 3 
451 7 3 
452 7 3 
453 7 3 
454 7 3 
455 7 3 
456 7 3 
457 7 3 
458 7 3 
459 7 3 
460 7 3 
461 7 3 
462 7 3 
463 7 3 
464 7 3 
465 7 3 
466 7 3 
467 7 3 
468 8 3 
469 8 3 
470 8 3 
471 8 3 
472 8 3 
473 8 3 
474 8 3 
475 8 3 
476 8 3 
477 8 3 
478 8 3 
479 8 3 
480 8 3 
481 8 3 
482 3 3 
483 3 3 
484 3 3 
485 8 3 
486 8 3 
487 3 3 
488 3 3 
489 3 3 
490 3 3 
491 3 3 
492 3 3 
493 3 3 
494 3 3 
495 3 3 
496 8 3 
497 8 3 
498 8 3 
499 8 3 
500 8 3 
501 8 3 
502 8 3 
503 6 3 
504 7 3 
505 8 3 
506 1 3 
507 1 3 
508 1 3 
509 1 3 
510 1 3 
511 1 3 
512 1 3 
513 1 3 
514 1 3 
515 1 3 
516 1 3 
517 1 3 
518 1 3 
519 1 3 
520 1 3 
521 1 3 
522 1 3 
523 1 3 
524 1 3 
525 1 3 
526 1 3 
527 4 4 
528 4 4 
529 4 4 
530 4 4 
531 4 4 
532 4 4 
533 4 4 
534 4 4 
535 4 4 
536 4 4 
537 4 4 
538 4 4 
539 4 4 
540 4 4 
541 4 4 
542 4 4 
543 4 4 
544 6 4 
545 6 4 
546 6 4 
547 6 4 
548 6 4 
549 6 4 
550 6 4 
551 6 4 
552 6 4 
553 6 4 
554 6 4 
555 6 4 
556 6 4 
557 6 4 
558 6 4 
559 6 4 
560 6 4 
561 6 4 
562 7 4 
563 7 4 
564 7 4 
565 7 4 
566 7 4 
567 6 4 
568 6 4 
569 6 4 
570 6 4 
571 6 4 
572 6 4 
573 6 4 
574 6 4 
575 6 4 
576 6 4 
577 6 4 
578 6 4 
579 6 4 
580 7 4 
581 7 4 
582 7 4 
583 7 4 
584 7 4 
585 7 4 
586 7 4 
587 7 4 
588 7 4 
589 7 4 
590 7 4 
591 7 4 
592 7 4 
593 7 4 
594 7 4 
595 7 4 
596 7 4 
597 7 4 
598 7 4 
599 7 4 
600 7 4 
601 7 4 
602 7 4 
603 7 4 
604 7 4 
605 7 4 
606 7 4 
607 7 4 
608 7 4 
609 8 4 
610 8 4 
611 7 4 
612 7 4 
613 7 4 
614 7 4 
615 7 4 
616 7 4 
617 7 4 
618 7 4 
619 7 4 
620 7 4 
621 7 4 
622 7 4 
623 7 4 
624 7 4 
625 7 4 
626 7 4 
627 7 4 
628 7 4 
629 7 4 
630 7 4 
631 7 4 
632 7 4 
633 7 4 
634 7 4 
635 7 4 
636 7 4 
637 7 4 
638 7 4 
639 7 4 
640 7 4 
641 7 4 
642 7 4 
643 7 4 
644 7 4 
645 7 4 
646 7 4 
647 7 4 
648 7 4 
649 7 4 
650 7 4 
651 7 4 
652 7 4 
653 7 4 
654 7 4 
655 7 4 
656 7 4 
657 7 4 
658 7 4 
659 7 4 
660 7 4 
661 7 4 
662 7 4 
663 7 4 
664 7 4 
665 7 4 
666 7 4 
667 7 4 
668 7 4 
669 8 4 
670 8 4 
671 8 4 
672 8 4 
673 8 4 
674 8 4 
675 8 4 
676 8 4 
677 8 4 
678 8 4 
679 8 4 
680 8 4 
681 8 4 
682 8 4 
683 8 4 
684 8 4 
685 8 4 
686 8 4 
687 8 4 
688 8 4 
689 8 4 
690 8 4 
691 8 4 
692 8 4 
693 8 4 
694 8 4 
695 8 4 
696 8 4 
697 8 4 
698 8 4 
699 8 4 
700 8 4 
701 8 4 
702 8 4 
703 1 4 
704 1 4 
705 1 4 
706 1 4 
707 1 4 
708 1 4 
709 1 4 
710 1 4 
711 7 5 
712 1 5 
713 1 5 
714 1 5 
715 1 5 
716 1 5 
717 1 5 
718 1 5 
719 1 5 
720 1 5 
721 1 5 
;
end;
