param S := 663;
param T := 8;
param D := 5;
param windowsize := 0;

param A := 
1 182
2 73
3 128
4 9
5 243
6 6
7 2
8 4
9 4
10 2
11 0
12 11
13 11
14 13
15 11
16 64
17 52
18 88
19 106
20 88
21 150
22 106
23 107
24 221
25 129
26 7
27 14
28 9
29 4
30 44
31 2
32 5
33 4
34 2
35 71
36 23
37 36
38 11
39 5
40 11
41 122
42 72
43 13
44 6
45 9
46 4
47 13
48 11
49 23
50 4
51 8
52 94
53 86
54 215
55 185
56 110
57 399
58 133
59 27
60 47
61 76
62 6
63 6
64 9
65 9
66 5
67 90
68 50
69 221
70 52
71 265
72 265
73 133
74 4
75 18
76 9
77 2
78 9
79 10
80 1
81 58
82 118
83 55
84 29
85 0
86 83
87 30
88 55
89 28
90 36
91 141
92 40
93 62
94 12
95 44
96 9
97 127
98 1
99 12
100 27
101 16
102 5
103 4
104 4
105 4
106 9
107 27
108 8
109 4
110 8
111 18
112 27
113 16
114 3
115 27
116 14
117 4
118 9
119 18
120 0
121 13
122 4
123 9
124 9
125 4
126 0
127 18
128 44
129 2
130 35
131 33
132 4
133 43
134 46
135 23
136 7
137 0
138 0
139 14
140 16
141 8
142 3
143 2
144 40
145 0
146 2
147 22
148 17
149 12
150 4
151 6
152 27
153 44
154 8
155 2
156 32
157 4
158 28
159 44
160 9
161 24
162 7
163 5
164 14
165 109
166 73
167 182
168 5
169 11
170 7
171 110
172 80
173 107
174 106
175 100
176 106
177 96
178 113
179 50
180 50
181 50
182 97
183 16
184 4
185 4
186 4
187 4
188 13
189 11
190 44
191 54
192 133
193 168
194 221
195 134
196 221
197 88
198 17
199 5
200 61
201 207
202 11
203 16
204 6
205 44
206 129
207 22
208 44
209 54
210 18
211 18
212 22
213 6
214 12
215 7
216 4
217 12
218 7
219 52
220 52
221 12
222 36
223 12
224 3
225 12
226 4
227 4
228 4
229 1
230 11
231 31
232 6
233 17
234 9
235 9
236 88
237 11
238 0
239 44
240 9
241 18
242 0
243 4
244 7
245 8
246 5
247 4
248 4
249 15
250 2
251 7
252 2
253 3
254 45
255 134
256 4
257 0
258 7
259 9
260 20
261 2
262 42
263 11
264 2
265 12
266 6
267 1
268 2
269 2
270 7
271 7
272 12
273 3
274 10
275 8
276 4
277 13
278 7
279 4
280 4
281 9
282 68
283 5
284 21
285 11
286 7
287 6
288 7
289 6
290 7
291 1
292 28
293 28
294 7
295 5
296 12
297 24
298 6
299 2
300 8
301 8
302 8
303 27
304 9
305 2
306 61
307 24
308 47
309 2
310 1
311 1
312 79
313 4
314 13
315 4
316 30
317 15
318 40
319 42
320 18
321 8
322 23
323 27
324 61
325 63
326 75
327 6
328 11
329 16
330 5
331 84
332 122
333 16
334 259
335 4
336 42
337 62
338 70
339 22
340 7
341 4
342 2
343 4
344 4
345 4
346 2
347 3
348 21
349 23
350 88
351 35
352 4
353 11
354 93
355 22
356 109
357 52
358 19
359 182
360 267
361 36
362 1
363 4
364 4
365 4
366 8
367 9
368 7
369 4
370 14
371 2
372 4
373 12
374 20
375 111
376 5
377 18
378 143
379 18
380 44
381 27
382 11
383 4
384 0
385 146
386 265
387 106
388 107
389 358
390 66
391 86
392 86
393 159
394 9
395 7
396 4
397 47
398 150
399 133
400 133
401 106
402 33
403 80
404 27
405 28
406 47
407 305
408 46
409 67
410 73
411 6
412 9
413 6
414 5
415 9
416 9
417 10
418 6
419 7
420 53
421 27
422 37
423 105
424 34
425 28
426 35
427 9
428 23
429 22
430 22
431 1
432 3
433 11
434 17
435 9
436 13
437 3
438 6
439 2
440 0
441 4
442 2
443 9
444 7
445 9
446 4
447 9
448 32
449 17
450 12
451 14
452 97
453 27
454 1
455 1
456 22
457 9
458 2
459 2
460 13
461 2
462 4
463 17
464 17
465 12
466 46
467 11
468 2
469 8
470 18
471 22
472 22
473 7
474 3
475 18
476 17
477 9
478 13
479 2
480 10
481 1
482 13
483 4
484 56
485 11
486 20
487 14
488 7
489 4
490 4
491 7
492 3
493 0
494 8
495 2
496 18
497 2
498 4
499 9
500 8
501 4
502 4
503 8
504 18
505 8
506 4
507 2
508 4
509 4
510 4
511 12
512 0
513 7
514 66
515 133
516 40
517 106
518 17
519 24
520 6
521 6
522 12
523 24
524 26
525 18
526 36
527 4
528 16
529 24
530 12
531 12
532 125
533 36
534 125
535 125
536 125
537 91
538 91
539 91
540 91
541 125
542 47
543 47
544 47
545 84
546 101
547 94
548 1
549 1
550 2
551 32
552 4
553 11
554 18
555 2
556 91
557 10
558 364
559 51
560 73
561 103
562 32
563 146
564 24
565 61
566 39
567 3
568 4
569 13
570 4
571 2
572 80
573 134
574 6
575 60
576 104
577 4
578 72
579 7
580 12
581 22
582 7
583 15
584 8
585 24
586 59
587 59
588 36
589 24
590 12
591 63
592 7
593 5
594 15
595 52
596 17
597 22
598 27
599 12
600 9
601 44
602 5
603 215
604 66
605 44
606 22
607 4
608 22
609 22
610 9
611 2
612 3
613 7
614 3
615 61
616 5
617 1
618 0
619 0
620 146
621 194
622 12
623 49
624 4
625 4
626 5
627 5
628 1
629 1
630 5
631 10
632 61
633 5
634 61
635 8
636 2
637 44
638 10
639 4
640 124
641 15
642 64
643 133
644 96
645 107
646 40
647 25
648 15
649 9
650 4
651 2
652 4
653 5
654 6
655 6
656 8
657 15
658 5
659 7
660 24
661 6
662 7
663 36
;

param Ttarget := 
1 1 1000
2 1 1000
3 1 1000
4 1 1000
5 1 500
6 1 500
7 1 500
8 1 500
1 2 1000
2 2 1000
3 2 1000
4 2 1000
5 2 500
6 2 500
7 2 500
8 2 500
1 3 1000
2 3 1000
3 3 1000
4 3 1000
5 3 500
6 3 500
7 3 500
8 3 500
1 4 1000
2 4 1000
3 4 1000
4 4 1000
5 4 500
6 4 500
7 4 500
8 4 500
1 5 1000
2 5 1000
3 5 1000
4 5 1000
5 5 500
6 5 500
7 5 500
8 5 500
;

set Bannlisti := 
;
set Fixlisti := 
1 2 1 
2 2 1 
3 2 1 
4 2 1 
5 8 1 
6 2 1 
7 2 1 
8 8 1 
9 8 1 
10 8 1 
11 8 1 
12 8 1 
13 8 1 
14 8 1 
15 8 1 
16 3 1 
17 3 1 
18 3 1 
19 3 1 
20 3 1 
21 3 1 
22 3 1 
23 3 1 
24 3 1 
25 3 1 
26 3 1 
27 3 1 
28 3 1 
29 3 1 
30 3 1 
31 3 1 
32 3 1 
33 3 1 
34 3 1 
35 3 1 
36 3 1 
37 3 1 
38 3 1 
39 3 1 
40 3 1 
41 3 1 
42 3 1 
43 3 1 
44 3 1 
45 3 1 
46 3 1 
47 3 1 
48 3 1 
49 3 1 
50 3 1 
51 3 1 
52 6 1 
53 6 1 
54 6 1 
55 6 1 
56 6 1 
57 6 1 
58 6 1 
59 6 1 
60 6 1 
61 6 1 
62 6 1 
63 6 1 
64 6 1 
65 6 1 
66 6 1 
67 6 1 
68 6 1 
69 6 1 
70 6 1 
71 6 1 
72 6 1 
73 6 1 
74 6 1 
75 6 1 
76 6 1 
77 6 1 
78 6 1 
79 6 1 
80 6 1 
81 6 1 
82 6 1 
83 6 1 
84 6 1 
85 6 1 
86 6 1 
87 6 1 
88 6 1 
89 6 1 
90 6 1 
91 6 1 
92 7 1 
93 7 1 
94 7 1 
95 7 1 
96 7 1 
97 8 1 
98 8 1 
99 8 1 
100 7 1 
101 7 1 
102 7 1 
103 7 1 
104 7 1 
105 7 1 
106 7 1 
107 6 1 
108 6 1 
109 6 1 
110 6 1 
111 6 1 
112 6 1 
113 7 1 
114 7 1 
115 7 1 
116 7 1 
117 7 1 
118 8 1 
119 8 1 
120 8 1 
121 8 1 
122 8 1 
123 7 1 
124 7 1 
125 7 1 
126 7 1 
127 8 1 
128 8 1 
129 8 1 
130 8 1 
131 8 1 
132 8 1 
133 7 1 
134 7 1 
135 7 1 
136 8 1 
137 8 1 
138 7 1 
139 7 1 
140 7 1 
141 7 1 
142 8 1 
143 8 1 
144 8 1 
145 8 1 
146 7 1 
147 7 1 
148 8 1 
149 8 1 
150 8 1 
151 8 1 
152 8 1 
153 8 1 
154 8 1 
155 8 1 
156 8 1 
157 8 1 
158 7 1 
159 8 1 
160 8 1 
161 8 1 
162 8 1 
163 8 1 
164 8 1 
165 1 1 
166 1 1 
167 1 1 
168 1 1 
169 1 1 
170 1 1 
171 1 1 
172 1 1 
173 1 1 
174 1 1 
175 1 1 
176 1 1 
177 1 1 
178 1 1 
179 1 1 
180 1 1 
181 1 1 
182 1 1 
183 1 1 
184 1 1 
185 1 1 
186 1 1 
187 1 1 
188 1 1 
189 1 1 
190 1 1 
191 1 1 
192 1 1 
193 1 1 
194 1 1 
195 1 1 
196 1 1 
197 1 1 
198 2 1 
199 8 2 
200 8 2 
201 2 2 
202 4 2 
203 4 2 
204 4 2 
205 4 2 
206 4 2 
207 4 2 
208 4 2 
209 4 2 
210 4 2 
211 4 2 
212 4 2 
213 4 2 
214 4 2 
215 4 2 
216 4 2 
217 4 2 
218 4 2 
219 4 2 
220 4 2 
221 4 2 
222 4 2 
223 4 2 
224 4 2 
225 4 2 
226 3 2 
227 3 2 
228 3 2 
229 8 2 
230 8 2 
231 8 2 
232 8 2 
233 8 2 
234 8 2 
235 8 2 
236 8 2 
237 8 2 
238 8 2 
239 8 2 
240 8 2 
241 8 2 
242 8 2 
243 8 2 
244 8 2 
245 8 2 
246 8 2 
247 8 2 
248 8 2 
249 8 2 
250 8 2 
251 8 2 
252 8 2 
253 5 2 
254 5 2 
255 5 2 
256 5 2 
257 5 2 
258 5 2 
259 5 2 
260 5 2 
261 7 2 
262 7 2 
263 5 2 
264 5 2 
265 5 2 
266 5 2 
267 5 2 
268 5 2 
269 5 2 
270 5 2 
271 5 2 
272 7 2 
273 8 2 
274 8 2 
275 8 2 
276 8 2 
277 8 2 
278 8 2 
279 8 2 
280 8 2 
281 7 2 
282 7 2 
283 7 2 
284 7 2 
285 7 2 
286 8 2 
287 8 2 
288 8 2 
289 8 2 
290 8 2 
291 8 2 
292 8 2 
293 8 2 
294 8 2 
295 8 2 
296 3 2 
297 3 2 
298 3 2 
299 3 2 
300 8 2 
301 8 2 
302 8 2 
303 8 2 
304 7 2 
305 7 2 
306 8 2 
307 8 2 
308 8 2 
309 1 3 
310 8 3 
311 8 3 
312 8 3 
313 8 3 
314 1 3 
315 1 3 
316 1 3 
317 1 3 
318 1 3 
319 1 3 
320 1 3 
321 1 3 
322 1 3 
323 1 3 
324 1 3 
325 1 3 
326 6 3 
327 1 3 
328 1 3 
329 1 3 
330 1 3 
331 1 3 
332 1 3 
333 1 3 
334 1 3 
335 1 3 
336 1 3 
337 1 3 
338 1 3 
339 1 3 
340 1 3 
341 1 3 
342 1 3 
343 2 3 
344 2 3 
345 2 3 
346 2 3 
347 2 3 
348 2 3 
349 2 3 
350 2 3 
351 2 3 
352 2 3 
353 2 3 
354 2 3 
355 2 3 
356 2 3 
357 2 3 
358 2 3 
359 2 3 
360 2 3 
361 6 3 
362 3 3 
363 3 3 
364 3 3 
365 3 3 
366 3 3 
367 3 3 
368 3 3 
369 3 3 
370 3 3 
371 3 3 
372 8 3 
373 8 3 
374 3 3 
375 3 3 
376 3 3 
377 3 3 
378 3 3 
379 3 3 
380 3 3 
381 3 3 
382 3 3 
383 3 3 
384 3 3 
385 3 3 
386 3 3 
387 3 3 
388 3 3 
389 3 3 
390 3 3 
391 3 3 
392 3 3 
393 3 3 
394 8 3 
395 8 3 
396 8 3 
397 6 3 
398 6 3 
399 6 3 
400 6 3 
401 6 3 
402 6 3 
403 6 3 
404 6 3 
405 6 3 
406 6 3 
407 6 3 
408 6 3 
409 6 3 
410 6 3 
411 6 3 
412 6 3 
413 6 3 
414 6 3 
415 6 3 
416 6 3 
417 6 3 
418 6 3 
419 6 3 
420 6 3 
421 6 3 
422 6 3 
423 6 3 
424 6 3 
425 6 3 
426 6 3 
427 6 3 
428 6 3 
429 6 3 
430 6 3 
431 6 3 
432 6 3 
433 6 3 
434 6 3 
435 6 3 
436 8 3 
437 6 3 
438 6 3 
439 7 3 
440 7 3 
441 7 3 
442 7 3 
443 7 3 
444 7 3 
445 7 3 
446 7 3 
447 7 3 
448 7 3 
449 7 3 
450 7 3 
451 7 3 
452 7 3 
453 7 3 
454 7 3 
455 7 3 
456 7 3 
457 7 3 
458 7 3 
459 7 3 
460 7 3 
461 7 3 
462 7 3 
463 7 3 
464 7 3 
465 7 3 
466 7 3 
467 7 3 
468 7 3 
469 7 3 
470 7 3 
471 7 3 
472 7 3 
473 7 3 
474 8 3 
475 7 3 
476 7 3 
477 7 3 
478 7 3 
479 7 3 
480 7 3 
481 7 3 
482 7 3 
483 7 3 
484 7 3 
485 7 3 
486 7 3 
487 7 3 
488 7 3 
489 7 3 
490 7 3 
491 7 3 
492 8 3 
493 8 3 
494 7 3 
495 7 3 
496 7 3 
497 7 3 
498 7 3 
499 7 3 
500 8 3 
501 8 3 
502 8 3 
503 8 3 
504 8 3 
505 7 3 
506 7 3 
507 7 3 
508 7 3 
509 7 3 
510 7 3 
511 7 3 
512 7 3 
513 7 3 
514 8 3 
515 8 3 
516 8 3 
517 8 3 
518 8 3 
519 8 3 
520 8 3 
521 8 3 
522 8 3 
523 8 3 
524 8 3 
525 8 3 
526 8 3 
527 8 3 
528 8 3 
529 8 3 
530 8 3 
531 8 3 
532 1 3 
533 1 3 
534 1 3 
535 1 3 
536 1 3 
537 1 3 
538 1 3 
539 1 3 
540 1 3 
541 1 3 
542 1 3 
543 1 3 
544 1 3 
545 1 3 
546 1 3 
547 8 4 
548 8 4 
549 8 4 
550 8 4 
551 2 4 
552 8 4 
553 8 4 
554 8 4 
555 8 4 
556 2 4 
557 2 4 
558 2 4 
559 2 4 
560 2 4 
561 2 4 
562 2 4 
563 2 4 
564 8 4 
565 8 4 
566 8 4 
567 8 4 
568 8 4 
569 8 4 
570 8 4 
571 8 4 
572 8 4 
573 2 4 
574 4 4 
575 4 4 
576 4 4 
577 4 4 
578 4 4 
579 4 4 
580 4 4 
581 4 4 
582 4 4 
583 4 4 
584 4 4 
585 4 4 
586 4 4 
587 4 4 
588 4 4 
589 4 4 
590 4 4 
591 3 4 
592 8 4 
593 8 4 
594 8 4 
595 5 4 
596 5 4 
597 5 4 
598 5 4 
599 5 4 
600 5 4 
601 5 4 
602 5 4 
603 5 4 
604 5 4 
605 5 4 
606 5 4 
607 5 4 
608 5 4 
609 5 4 
610 5 4 
611 5 4 
612 8 4 
613 8 4 
614 8 4 
615 8 4 
616 7 4 
617 7 4 
618 8 4 
619 8 4 
620 8 4 
621 8 4 
622 8 4 
623 8 4 
624 8 4 
625 8 4 
626 8 4 
627 8 4 
628 8 4 
629 8 4 
630 1 4 
631 1 4 
632 1 4 
633 1 4 
634 1 4 
635 1 4 
636 1 4 
637 1 4 
638 1 4 
639 1 4 
640 1 4 
641 1 4 
642 1 4 
643 1 4 
644 1 4 
645 1 4 
646 1 4 
647 1 4 
648 1 4 
649 1 4 
650 1 4 
651 1 4 
652 1 4 
653 1 4 
654 8 4 
655 8 4 
656 8 4 
657 8 4 
658 8 4 
659 8 4 
660 8 4 
661 8 4 
662 8 4 
663 8 4 
;
end;
