param S := 706;
param T := 8;
param D := 5;
param windowsize := 0;

param A := 
1 9
2 16
3 18
4 98
5 179
6 187
7 221
8 66
9 177
10 129
11 186
12 250
13 86
14 64
15 65
16 52
17 88
18 86
19 150
20 86
21 107
22 133
23 122
24 80
25 41
26 8
27 114
28 111
29 88
30 166
31 72
32 83
33 88
34 118
35 67
36 44
37 76
38 13
39 19
40 4
41 14
42 72
43 14
44 44
45 22
46 125
47 36
48 9
49 7
50 7
51 2
52 9
53 11
54 34
55 2
56 8
57 17
58 4
59 4
60 9
61 9
62 21
63 3
64 5
65 4
66 11
67 9
68 4
69 17
70 16
71 22
72 2
73 2
74 5
75 1
76 2
77 3
78 2
79 11
80 19
81 16
82 6
83 129
84 11
85 133
86 107
87 86
88 88
89 10
90 9
91 12
92 12
93 52
94 86
95 9
96 24
97 59
98 12
99 73
100 1
101 69
102 26
103 66
104 102
105 22
106 22
107 9
108 4
109 4
110 11
111 4
112 8
113 4
114 18
115 4
116 22
117 18
118 36
119 28
120 1
121 53
122 22
123 68
124 44
125 88
126 22
127 107
128 23
129 55
130 13
131 22
132 18
133 7
134 3
135 5
136 4
137 9
138 22
139 7
140 5
141 72
142 9
143 11
144 5
145 2
146 2
147 1
148 1
149 36
150 25
151 7
152 2
153 2
154 2
155 7
156 7
157 5
158 13
159 5
160 18
161 4
162 16
163 3
164 8
165 16
166 8
167 4
168 2
169 7
170 24
171 14
172 12
173 1
174 28
175 28
176 7
177 6
178 3
179 8
180 12
181 12
182 12
183 48
184 48
185 12
186 2
187 1
188 24
189 14
190 5
191 2
192 52
193 36
194 49
195 36
196 2
197 24
198 24
199 12
200 3
201 17
202 5
203 15
204 55
205 42
206 101
207 18
208 18
209 215
210 51
211 21
212 8
213 14
214 13
215 5
216 11
217 22
218 31
219 56
220 122
221 122
222 11
223 11
224 47
225 11
226 45
227 73
228 37
229 16
230 32
231 24
232 37
233 46
234 46
235 38
236 88
237 35
238 79
239 11
240 18
241 146
242 72
243 18
244 8
245 1
246 9
247 9
248 84
249 6
250 73
251 63
252 73
253 267
254 5
255 265
256 107
257 106
258 106
259 86
260 106
261 86
262 107
263 133
264 86
265 24
266 1
267 4
268 119
269 107
270 64
271 4
272 2
273 4
274 11
275 39
276 0
277 17
278 2
279 1
280 9
281 22
282 4
283 4
284 2
285 5
286 6
287 13
288 6
289 5
290 133
291 28
292 159
293 305
294 104
295 55
296 115
297 34
298 222
299 0
300 80
301 45
302 0
303 37
304 20
305 106
306 86
307 133
308 333
309 129
310 44
311 27
312 66
313 8
314 4
315 38
316 7
317 4
318 1
319 6
320 35
321 9
322 35
323 36
324 97
325 11
326 12
327 16
328 0
329 1
330 3
331 91
332 15
333 4
334 13
335 23
336 54
337 6
338 4
339 4
340 133
341 8
342 6
343 22
344 2
345 4
346 4
347 9
348 5
349 1
350 0
351 23
352 110
353 54
354 18
355 12
356 22
357 15
358 13
359 22
360 5
361 14
362 4
363 8
364 5
365 2
366 2
367 5
368 7
369 13
370 15
371 3
372 4
373 9
374 9
375 9
376 27
377 66
378 110
379 18
380 22
381 16
382 72
383 28
384 9
385 7
386 15
387 9
388 13
389 85
390 12
391 9
392 5
393 94
394 18
395 7
396 7
397 1
398 7
399 7
400 7
401 5
402 5
403 4
404 96
405 88
406 79
407 66
408 73
409 36
410 55
411 17
412 50
413 50
414 25
415 50
416 97
417 17
418 12
419 12
420 221
421 64
422 107
423 47
424 94
425 146
426 47
427 95
428 62
429 146
430 52
431 128
432 63
433 36
434 2
435 7
436 20
437 5
438 73
439 111
440 132
441 24
442 13
443 4
444 12
445 12
446 60
447 88
448 20
449 44
450 4
451 7
452 9
453 4
454 11
455 4
456 4
457 4
458 10
459 4
460 10
461 3
462 2
463 1
464 0
465 0
466 13
467 4
468 9
469 97
470 13
471 55
472 2
473 4
474 2
475 4
476 19
477 4
478 2
479 47
480 267
481 50
482 125
483 125
484 122
485 12
486 53
487 15
488 104
489 42
490 62
491 15
492 15
493 9
494 0
495 80
496 36
497 4
498 4
499 7
500 13
501 4
502 4
503 2
504 34
505 193
506 54
507 7
508 4
509 4
510 438
511 68
512 77
513 38
514 22
515 27
516 93
517 60
518 27
519 4
520 3
521 2
522 9
523 7
524 6
525 7
526 12
527 36
528 36
529 7
530 1
531 18
532 6
533 7
534 12
535 1
536 4
537 43
538 2
539 5
540 14
541 13
542 3
543 19
544 4
545 4
546 8
547 9
548 7
549 2
550 22
551 13
552 3
553 9
554 6
555 24
556 23
557 12
558 52
559 86
560 36
561 48
562 32
563 7
564 11
565 7
566 2
567 4
568 11
569 4
570 9
571 80
572 24
573 129
574 22
575 21
576 2
577 9
578 4
579 36
580 48
581 12
582 4
583 9
584 4
585 107
586 129
587 129
588 159
589 44
590 106
591 86
592 54
593 36
594 20
595 16
596 3
597 13
598 11
599 13
600 4
601 6
602 13
603 2
604 42
605 20
606 30
607 2
608 1
609 1
610 50
611 40
612 9
613 215
614 44
615 0
616 7
617 22
618 44
619 53
620 22
621 44
622 22
623 45
624 0
625 4
626 90
627 1
628 18
629 9
630 35
631 17
632 91
633 17
634 48
635 7
636 22
637 76
638 92
639 23
640 27
641 4
642 54
643 33
644 18
645 42
646 22
647 8
648 15
649 11
650 3
651 2
652 8
653 8
654 13
655 9
656 4
657 9
658 4
659 4
660 5
661 36
662 44
663 72
664 0
665 75
666 5
667 2
668 2
669 2
670 12
671 26
672 26
673 4
674 4
675 61
676 12
677 18
678 10
679 76
680 12
681 15
682 20
683 22
684 22
685 55
686 128
687 55
688 73
689 91
690 150
691 26
692 267
693 91
694 146
695 150
696 125
697 75
698 33
699 47
700 47
701 62
702 81
703 48
704 79
705 79
706 61
;

param Ttarget := 
1 1 1000
2 1 1000
3 1 1000
4 1 1000
5 1 500
6 1 500
7 1 500
8 1 500
1 2 1000
2 2 1000
3 2 1000
4 2 1000
5 2 500
6 2 500
7 2 500
8 2 500
1 3 1000
2 3 1000
3 3 1000
4 3 1000
5 3 500
6 3 500
7 3 500
8 3 500
1 4 1000
2 4 1000
3 4 1000
4 4 1000
5 4 500
6 4 500
7 4 500
8 4 500
1 5 1000
2 5 1000
3 5 1000
4 5 1000
5 5 500
6 5 500
7 5 500
8 5 500
;

set Bannlisti := 
;
set Fixlisti := 
1 8 1 
2 8 1 
3 8 1 
4 3 1 
5 3 1 
6 3 1 
7 3 1 
8 3 1 
9 3 1 
10 3 1 
11 3 1 
12 3 1 
13 3 1 
14 3 1 
15 3 1 
16 3 1 
17 3 1 
18 3 1 
19 3 1 
20 3 1 
21 3 1 
22 3 1 
23 3 1 
24 3 1 
25 3 1 
26 3 1 
27 3 1 
28 3 1 
29 3 1 
30 3 1 
31 3 1 
32 3 1 
33 3 1 
34 3 1 
35 3 1 
36 3 1 
37 3 1 
38 3 1 
39 3 1 
40 3 1 
41 3 1 
42 3 1 
43 3 1 
44 3 1 
45 3 1 
46 3 1 
47 3 1 
48 3 1 
49 3 1 
50 3 1 
51 3 1 
52 3 1 
53 3 1 
54 3 1 
55 3 1 
56 3 1 
57 3 1 
58 3 1 
59 3 1 
60 3 1 
61 3 1 
62 3 1 
63 3 1 
64 3 1 
65 3 1 
66 3 1 
67 3 1 
68 3 1 
69 3 1 
70 8 1 
71 8 1 
72 8 1 
73 8 1 
74 8 1 
75 8 1 
76 8 1 
77 8 1 
78 8 1 
79 3 1 
80 3 1 
81 4 1 
82 4 1 
83 4 1 
84 4 1 
85 4 1 
86 4 1 
87 4 1 
88 4 1 
89 4 1 
90 4 1 
91 4 1 
92 4 1 
93 4 1 
94 4 1 
95 4 1 
96 4 1 
97 4 1 
98 4 1 
99 4 1 
100 4 1 
101 5 1 
102 5 1 
103 5 1 
104 5 1 
105 5 1 
106 5 1 
107 5 1 
108 5 1 
109 5 1 
110 5 1 
111 5 1 
112 5 1 
113 5 1 
114 5 1 
115 5 1 
116 5 1 
117 5 1 
118 5 1 
119 5 1 
120 5 1 
121 5 1 
122 5 1 
123 5 1 
124 5 1 
125 5 1 
126 5 1 
127 5 1 
128 8 1 
129 5 1 
130 5 1 
131 5 1 
132 5 1 
133 5 1 
134 5 1 
135 5 1 
136 5 1 
137 5 1 
138 7 1 
139 7 1 
140 7 1 
141 7 1 
142 7 1 
143 7 1 
144 7 1 
145 7 1 
146 7 1 
147 8 1 
148 8 1 
149 8 1 
150 8 1 
151 8 1 
152 8 1 
153 8 1 
154 7 1 
155 8 1 
156 8 1 
157 8 1 
158 8 1 
159 8 1 
160 5 1 
161 5 1 
162 7 1 
163 7 1 
164 7 1 
165 7 1 
166 7 1 
167 8 1 
168 8 1 
169 8 1 
170 8 1 
171 8 1 
172 8 1 
173 8 1 
174 8 1 
175 8 1 
176 8 1 
177 8 1 
178 8 1 
179 8 1 
180 3 1 
181 3 1 
182 3 1 
183 3 1 
184 3 1 
185 3 1 
186 3 1 
187 8 1 
188 8 1 
189 8 1 
190 8 1 
191 8 1 
192 6 1 
193 8 1 
194 8 1 
195 8 1 
196 8 1 
197 8 1 
198 8 1 
199 8 1 
200 1 1 
201 1 1 
202 1 1 
203 1 1 
204 1 2 
205 1 2 
206 1 2 
207 1 2 
208 1 2 
209 1 2 
210 1 2 
211 1 2 
212 1 2 
213 1 2 
214 1 2 
215 1 2 
216 1 2 
217 1 2 
218 1 2 
219 1 2 
220 1 2 
221 1 2 
222 2 2 
223 2 2 
224 2 2 
225 2 2 
226 4 2 
227 4 2 
228 2 2 
229 2 2 
230 2 2 
231 2 2 
232 2 2 
233 2 2 
234 2 2 
235 2 2 
236 2 2 
237 2 2 
238 2 2 
239 2 2 
240 2 2 
241 2 2 
242 2 2 
243 2 2 
244 2 2 
245 2 2 
246 2 2 
247 2 2 
248 2 2 
249 2 2 
250 2 2 
251 2 2 
252 2 2 
253 2 2 
254 5 2 
255 3 2 
256 3 2 
257 3 2 
258 3 2 
259 3 2 
260 3 2 
261 3 2 
262 3 2 
263 3 2 
264 3 2 
265 8 2 
266 8 2 
267 8 2 
268 8 2 
269 8 2 
270 8 2 
271 8 2 
272 8 2 
273 8 2 
274 8 2 
275 8 2 
276 8 2 
277 8 2 
278 8 2 
279 8 2 
280 8 2 
281 8 2 
282 8 2 
283 6 2 
284 2 2 
285 6 2 
286 6 2 
287 6 2 
288 6 2 
289 6 2 
290 6 2 
291 6 2 
292 6 2 
293 6 2 
294 6 2 
295 6 2 
296 6 2 
297 6 2 
298 6 2 
299 6 2 
300 6 2 
301 6 2 
302 6 2 
303 6 2 
304 6 2 
305 6 2 
306 6 2 
307 6 2 
308 6 2 
309 6 2 
310 6 2 
311 6 2 
312 6 2 
313 6 2 
314 6 2 
315 6 2 
316 6 2 
317 6 2 
318 2 2 
319 7 2 
320 7 2 
321 7 2 
322 7 2 
323 7 2 
324 7 2 
325 7 2 
326 7 2 
327 7 2 
328 7 2 
329 7 2 
330 7 2 
331 7 2 
332 7 2 
333 7 2 
334 7 2 
335 7 2 
336 7 2 
337 8 2 
338 8 2 
339 7 2 
340 7 2 
341 7 2 
342 7 2 
343 7 2 
344 7 2 
345 7 2 
346 7 2 
347 7 2 
348 7 2 
349 7 2 
350 7 2 
351 7 2 
352 7 2 
353 7 2 
354 7 2 
355 7 2 
356 7 2 
357 7 2 
358 7 2 
359 7 2 
360 7 2 
361 7 2 
362 7 2 
363 7 2 
364 7 2 
365 7 2 
366 7 2 
367 7 2 
368 7 2 
369 7 2 
370 7 2 
371 7 2 
372 7 2 
373 7 2 
374 7 2 
375 7 2 
376 8 2 
377 8 2 
378 8 2 
379 8 2 
380 8 2 
381 8 2 
382 8 2 
383 8 2 
384 8 2 
385 8 2 
386 8 2 
387 8 2 
388 8 2 
389 8 2 
390 8 2 
391 8 2 
392 8 2 
393 8 2 
394 8 2 
395 7 2 
396 7 2 
397 7 2 
398 7 2 
399 7 2 
400 7 2 
401 7 2 
402 8 2 
403 8 2 
404 1 2 
405 1 2 
406 1 2 
407 1 2 
408 1 2 
409 1 2 
410 1 2 
411 1 2 
412 1 2 
413 1 2 
414 1 2 
415 1 2 
416 1 2 
417 1 2 
418 1 2 
419 1 2 
420 1 2 
421 1 2 
422 1 2 
423 1 2 
424 1 2 
425 1 2 
426 1 2 
427 1 2 
428 1 2 
429 2 3 
430 2 3 
431 2 3 
432 2 3 
433 2 3 
434 6 3 
435 8 3 
436 8 3 
437 8 3 
438 6 3 
439 1 3 
440 1 3 
441 8 3 
442 8 3 
443 8 3 
444 8 3 
445 8 3 
446 8 3 
447 8 3 
448 4 3 
449 8 3 
450 8 3 
451 8 3 
452 8 3 
453 8 3 
454 8 3 
455 8 3 
456 8 3 
457 8 3 
458 8 3 
459 8 3 
460 8 3 
461 8 3 
462 1 3 
463 1 3 
464 1 3 
465 7 3 
466 8 3 
467 8 3 
468 8 3 
469 7 3 
470 7 3 
471 6 3 
472 3 3 
473 5 3 
474 4 3 
475 3 3 
476 8 3 
477 8 3 
478 8 3 
479 8 3 
480 1 3 
481 1 3 
482 1 3 
483 1 3 
484 1 3 
485 1 3 
486 1 3 
487 1 3 
488 1 3 
489 1 3 
490 1 3 
491 1 3 
492 1 3 
493 1 3 
494 1 3 
495 1 3 
496 1 3 
497 1 3 
498 1 3 
499 1 3 
500 1 3 
501 1 3 
502 1 3 
503 1 3 
504 1 3 
505 1 3 
506 1 3 
507 1 3 
508 1 3 
509 1 3 
510 2 4 
511 2 4 
512 2 4 
513 2 4 
514 2 4 
515 2 4 
516 2 4 
517 2 4 
518 2 4 
519 2 4 
520 8 4 
521 8 4 
522 8 4 
523 8 4 
524 8 4 
525 8 4 
526 8 4 
527 8 4 
528 8 4 
529 8 4 
530 8 4 
531 8 4 
532 8 4 
533 8 4 
534 8 4 
535 8 4 
536 8 4 
537 3 4 
538 3 4 
539 3 4 
540 3 4 
541 8 4 
542 8 4 
543 8 4 
544 8 4 
545 8 4 
546 8 4 
547 8 4 
548 8 4 
549 8 4 
550 8 4 
551 8 4 
552 8 4 
553 4 4 
554 4 4 
555 4 4 
556 4 4 
557 4 4 
558 4 4 
559 4 4 
560 4 4 
561 4 4 
562 3 4 
563 3 4 
564 3 4 
565 3 4 
566 3 4 
567 3 4 
568 3 4 
569 3 4 
570 3 4 
571 8 4 
572 8 4 
573 8 4 
574 8 4 
575 8 4 
576 8 4 
577 8 4 
578 8 4 
579 4 4 
580 4 4 
581 4 4 
582 8 4 
583 8 4 
584 8 4 
585 4 4 
586 4 4 
587 4 4 
588 4 4 
589 4 4 
590 4 4 
591 4 4 
592 4 4 
593 4 4 
594 4 4 
595 4 4 
596 4 4 
597 4 4 
598 8 4 
599 8 4 
600 8 4 
601 4 4 
602 8 4 
603 2 4 
604 6 4 
605 8 4 
606 1 4 
607 1 4 
608 8 4 
609 1 4 
610 5 4 
611 5 4 
612 5 4 
613 5 4 
614 5 4 
615 5 4 
616 5 4 
617 5 4 
618 5 4 
619 5 4 
620 5 4 
621 5 4 
622 5 4 
623 5 4 
624 5 4 
625 8 4 
626 5 4 
627 7 4 
628 7 4 
629 7 4 
630 7 4 
631 7 4 
632 7 4 
633 7 4 
634 7 4 
635 7 4 
636 7 4 
637 7 4 
638 7 4 
639 7 4 
640 7 4 
641 7 4 
642 7 4 
643 7 4 
644 7 4 
645 7 4 
646 7 4 
647 8 4 
648 8 4 
649 8 4 
650 8 4 
651 8 4 
652 7 4 
653 7 4 
654 7 4 
655 7 4 
656 7 4 
657 7 4 
658 7 4 
659 7 4 
660 7 4 
661 5 4 
662 5 4 
663 5 4 
664 5 4 
665 5 4 
666 5 4 
667 5 4 
668 7 4 
669 7 4 
670 7 4 
671 7 4 
672 7 4 
673 7 4 
674 7 4 
675 7 4 
676 7 4 
677 7 4 
678 7 4 
679 7 4 
680 7 4 
681 8 4 
682 8 4 
683 8 4 
684 3 4 
685 1 4 
686 1 4 
687 1 4 
688 1 4 
689 1 4 
690 1 4 
691 1 4 
692 1 4 
693 1 4 
694 1 4 
695 1 4 
696 1 4 
697 1 4 
698 1 4 
699 1 4 
700 1 4 
701 1 4 
702 1 4 
703 1 4 
704 1 4 
705 1 4 
706 1 4 
;
end;
