param S := 717;
param T := 8;
param D := 5;
param windowsize := 0;

param A := 
1 6
2 17
3 4
4 4
5 9
6 7
7 13
8 4
9 7
10 2
11 12
12 2
13 9
14 8
15 24
16 26
17 3
18 2
19 13
20 161
21 129
22 9
23 5
24 11
25 129
26 137
27 123
28 221
29 150
30 55
31 88
32 53
33 133
34 86
35 9
36 6
37 41
38 88
39 106
40 15
41 23
42 186
43 46
44 257
45 79
46 37
47 7
48 4
49 2
50 2
51 2
52 5
53 44
54 8
55 4
56 33
57 179
58 68
59 212
60 265
61 8
62 7
63 5
64 15
65 9
66 4
67 17
68 42
69 12
70 18
71 186
72 21
73 181
74 11
75 18
76 4
77 22
78 13
79 19
80 2
81 4
82 2
83 4
84 4
85 4
86 10
87 14
88 97
89 2
90 2
91 2
92 5
93 2
94 2
95 9
96 7
97 59
98 7
99 11
100 1
101 6
102 3
103 12
104 9
105 4
106 9
107 6
108 14
109 27
110 8
111 4
112 2
113 7
114 8
115 9
116 8
117 9
118 27
119 36
120 7
121 5
122 9
123 13
124 4
125 1
126 4
127 44
128 2
129 4
130 5
131 4
132 4
133 4
134 2
135 7
136 1
137 28
138 11
139 11
140 15
141 4
142 25
143 12
144 12
145 9
146 9
147 12
148 5
149 110
150 54
151 66
152 18
153 0
154 14
155 14
156 14
157 29
158 82
159 11
160 13
161 20
162 106
163 11
164 7
165 2
166 2
167 2
168 2
169 4
170 2
171 2
172 6
173 8
174 2
175 13
176 18
177 1
178 3
179 46
180 9
181 13
182 4
183 7
184 13
185 18
186 9
187 51
188 23
189 17
190 23
191 23
192 23
193 28
194 28
195 30
196 91
197 125
198 73
199 91
200 182
201 11
202 75
203 17
204 26
205 134
206 104
207 125
208 11
209 48
210 55
211 22
212 88
213 76
214 84
215 47
216 0
217 268
218 110
219 81
220 158
221 9
222 134
223 18
224 2
225 2
226 24
227 12
228 61
229 9
230 3
231 7
232 193
233 22
234 22
235 257
236 22
237 80
238 150
239 22
240 16
241 18
242 104
243 18
244 17
245 8
246 17
247 9
248 12
249 1
250 7
251 18
252 4
253 24
254 44
255 94
256 2
257 9
258 5
259 2
260 9
261 7
262 0
263 9
264 69
265 27
266 44
267 7
268 66
269 88
270 44
271 203
272 60
273 31
274 107
275 90
276 22
277 5
278 2
279 79
280 7
281 3
282 20
283 2
284 4
285 5
286 4
287 2
288 4
289 4
290 11
291 9
292 20
293 22
294 9
295 80
296 88
297 22
298 24
299 53
300 7
301 0
302 7
303 27
304 177
305 14
306 18
307 18
308 21
309 122
310 4
311 64
312 21
313 3
314 30
315 36
316 0
317 11
318 11
319 2
320 4
321 0
322 251
323 18
324 50
325 25
326 91
327 91
328 5
329 50
330 17
331 177
332 36
333 80
334 197
335 47
336 219
337 44
338 36
339 221
340 68
341 33
342 4
343 100
344 40
345 221
346 64
347 221
348 8
349 88
350 54
351 133
352 33
353 238
354 4
355 44
356 4
357 2
358 4
359 2
360 3
361 2
362 4
363 9
364 7
365 22
366 212
367 336
368 111
369 81
370 386
371 5
372 5
373 23
374 2
375 8
376 2
377 2
378 4
379 4
380 5
381 7
382 4
383 6
384 4
385 4
386 4
387 6
388 3
389 36
390 68
391 153
392 88
393 130
394 88
395 55
396 90
397 80
398 4
399 201
400 78
401 146
402 73
403 73
404 128
405 219
406 26
407 19
408 13
409 64
410 386
411 54
412 36
413 24
414 36
415 33
416 143
417 64
418 229
419 91
420 18
421 20
422 44
423 11
424 4
425 66
426 121
427 22
428 9
429 1
430 5
431 2
432 7
433 7
434 24
435 6
436 4
437 4
438 0
439 2
440 9
441 5
442 0
443 1
444 1
445 2
446 3
447 4
448 4
449 6
450 4
451 4
452 4
453 2
454 5
455 2
456 7
457 18
458 36
459 36
460 7
461 7
462 2
463 1
464 1
465 18
466 6
467 0
468 9
469 13
470 4
471 2
472 4
473 2
474 8
475 30
476 14
477 5
478 3
479 7
480 4
481 3
482 6
483 2
484 1
485 7
486 12
487 12
488 7
489 18
490 7
491 26
492 45
493 26
494 12
495 5
496 88
497 22
498 44
499 22
500 24
501 7
502 4
503 7
504 4
505 4
506 9
507 49
508 15
509 4
510 265
511 6
512 18
513 2
514 2
515 61
516 134
517 146
518 201
519 36
520 55
521 91
522 25
523 5
524 73
525 50
526 122
527 12
528 50
529 164
530 100
531 237
532 50
533 9
534 2
535 7
536 7
537 2
538 2
539 2
540 4
541 0
542 2
543 4
544 0
545 1
546 1
547 1
548 146
549 318
550 177
551 86
552 88
553 133
554 215
555 537
556 172
557 371
558 190
559 90
560 400
561 52
562 113
563 44
564 295
565 168
566 88
567 143
568 88
569 35
570 22
571 12
572 24
573 55
574 22
575 110
576 72
577 14
578 25
579 2
580 45
581 284
582 143
583 125
584 11
585 27
586 43
587 27
588 44
589 7
590 0
591 4
592 17
593 14
594 44
595 27
596 152
597 24
598 95
599 86
600 24
601 48
602 48
603 36
604 81
605 86
606 129
607 22
608 129
609 129
610 107
611 15
612 2
613 265
614 133
615 86
616 106
617 53
618 38
619 86
620 53
621 86
622 94
623 27
624 11
625 80
626 64
627 139
628 36
629 153
630 38
631 366
632 49
633 5
634 9
635 9
636 5
637 6
638 6
639 442
640 35
641 442
642 16
643 7
644 9
645 14
646 108
647 10
648 66
649 102
650 21
651 9
652 12
653 10
654 10
655 5
656 11
657 32
658 4
659 2
660 26
661 15
662 124
663 3
664 7
665 10
666 8
667 5
668 11
669 9
670 13
671 12
672 4
673 9
674 9
675 9
676 12
677 10
678 7
679 33
680 18
681 44
682 44
683 8
684 15
685 9
686 7
687 9
688 9
689 2
690 7
691 46
692 9
693 66
694 133
695 18
696 6
697 13
698 11
699 14
700 27
701 9
702 73
703 8
704 66
705 13
706 5
707 144
708 81
709 43
710 79
711 77
712 49
713 9
714 18
715 11
716 24
717 20
;

param Ttarget := 
1 1 1000
2 1 1000
3 1 1000
4 1 1000
5 1 500
6 1 500
7 1 500
8 1 500
1 2 1000
2 2 1000
3 2 1000
4 2 1000
5 2 500
6 2 500
7 2 500
8 2 500
1 3 1000
2 3 1000
3 3 1000
4 3 1000
5 3 500
6 3 500
7 3 500
8 3 500
1 4 1000
2 4 1000
3 4 1000
4 4 1000
5 4 500
6 4 500
7 4 500
8 4 500
1 5 1000
2 5 1000
3 5 1000
4 5 1000
5 5 500
6 5 500
7 5 500
8 5 500
;

set Bannlisti := 
;
set Fixlisti := 
1 8 1 
2 8 1 
3 8 1 
4 8 1 
5 8 1 
6 8 1 
7 8 1 
8 8 1 
9 8 1 
10 8 1 
11 8 1 
12 8 1 
13 4 1 
14 4 1 
15 4 1 
16 4 1 
17 4 1 
18 5 1 
19 5 1 
20 4 1 
21 4 1 
22 6 1 
23 6 1 
24 6 1 
25 6 1 
26 6 1 
27 6 1 
28 6 1 
29 6 1 
30 6 1 
31 6 1 
32 6 1 
33 6 1 
34 6 1 
35 6 1 
36 6 1 
37 6 1 
38 6 1 
39 6 1 
40 6 1 
41 6 1 
42 6 1 
43 6 1 
44 6 1 
45 6 1 
46 6 1 
47 6 1 
48 6 1 
49 6 1 
50 6 1 
51 6 1 
52 6 1 
53 6 1 
54 6 1 
55 6 1 
56 6 1 
57 6 1 
58 6 1 
59 6 1 
60 6 1 
61 6 1 
62 6 1 
63 6 1 
64 6 1 
65 6 1 
66 6 1 
67 7 1 
68 7 1 
69 7 1 
70 7 1 
71 7 1 
72 7 1 
73 7 1 
74 7 1 
75 7 1 
76 7 1 
77 7 1 
78 7 1 
79 7 1 
80 7 1 
81 7 1 
82 7 1 
83 7 1 
84 7 1 
85 7 1 
86 7 1 
87 7 1 
88 7 1 
89 6 1 
90 6 1 
91 6 1 
92 6 1 
93 6 1 
94 6 1 
95 6 1 
96 7 1 
97 7 1 
98 7 1 
99 7 1 
100 7 1 
101 7 1 
102 7 1 
103 7 1 
104 7 1 
105 7 1 
106 7 1 
107 7 1 
108 7 1 
109 7 1 
110 7 1 
111 7 1 
112 7 1 
113 7 1 
114 7 1 
115 7 1 
116 7 1 
117 7 1 
118 7 1 
119 8 1 
120 8 1 
121 8 1 
122 8 1 
123 7 1 
124 7 1 
125 7 1 
126 7 1 
127 8 1 
128 8 1 
129 7 1 
130 7 1 
131 7 1 
132 7 1 
133 7 1 
134 7 1 
135 7 1 
136 7 1 
137 7 1 
138 7 1 
139 7 1 
140 7 1 
141 7 1 
142 7 1 
143 8 1 
144 8 1 
145 8 1 
146 8 1 
147 8 1 
148 8 1 
149 8 1 
150 8 1 
151 8 1 
152 8 1 
153 8 1 
154 8 1 
155 8 1 
156 8 1 
157 8 1 
158 8 1 
159 8 1 
160 8 1 
161 8 1 
162 8 1 
163 8 1 
164 8 1 
165 8 1 
166 8 1 
167 8 1 
168 7 1 
169 7 1 
170 7 1 
171 7 1 
172 7 1 
173 7 1 
174 8 1 
175 8 1 
176 8 1 
177 8 1 
178 7 1 
179 7 1 
180 8 1 
181 8 1 
182 8 1 
183 6 1 
184 6 1 
185 7 1 
186 7 1 
187 7 1 
188 7 1 
189 7 1 
190 7 1 
191 7 1 
192 7 1 
193 7 1 
194 7 1 
195 7 1 
196 1 1 
197 1 1 
198 1 1 
199 1 1 
200 1 1 
201 1 2 
202 1 2 
203 1 2 
204 1 2 
205 1 2 
206 1 2 
207 1 2 
208 1 2 
209 1 2 
210 1 2 
211 1 2 
212 1 2 
213 1 2 
214 1 2 
215 1 2 
216 1 2 
217 1 2 
218 1 2 
219 1 2 
220 1 2 
221 1 2 
222 1 2 
223 8 2 
224 1 2 
225 1 2 
226 8 2 
227 8 2 
228 8 2 
229 3 2 
230 3 2 
231 3 2 
232 3 2 
233 3 2 
234 3 2 
235 3 2 
236 3 2 
237 3 2 
238 3 2 
239 3 2 
240 3 2 
241 7 2 
242 3 2 
243 8 2 
244 3 2 
245 3 2 
246 3 2 
247 3 2 
248 3 2 
249 3 2 
250 3 2 
251 3 2 
252 7 2 
253 8 2 
254 8 2 
255 8 2 
256 8 2 
257 8 2 
258 8 2 
259 8 2 
260 8 2 
261 8 2 
262 8 2 
263 3 2 
264 5 2 
265 5 2 
266 5 2 
267 5 2 
268 5 2 
269 5 2 
270 5 2 
271 5 2 
272 5 2 
273 5 2 
274 5 2 
275 5 2 
276 5 2 
277 5 2 
278 5 2 
279 5 2 
280 5 2 
281 5 2 
282 5 2 
283 5 2 
284 5 2 
285 5 2 
286 5 2 
287 5 2 
288 5 2 
289 5 2 
290 5 2 
291 5 2 
292 5 2 
293 5 2 
294 3 2 
295 6 2 
296 5 2 
297 5 2 
298 5 2 
299 5 2 
300 5 2 
301 5 2 
302 5 2 
303 5 2 
304 5 2 
305 5 2 
306 5 2 
307 8 2 
308 8 2 
309 8 2 
310 7 2 
311 8 2 
312 8 2 
313 8 2 
314 7 2 
315 8 2 
316 8 2 
317 8 2 
318 8 2 
319 8 2 
320 1 2 
321 8 2 
322 1 2 
323 1 2 
324 1 2 
325 1 2 
326 1 2 
327 1 2 
328 1 2 
329 1 2 
330 1 2 
331 1 2 
332 1 2 
333 1 2 
334 1 2 
335 1 2 
336 1 2 
337 1 2 
338 1 2 
339 1 2 
340 1 2 
341 1 2 
342 1 2 
343 1 2 
344 1 2 
345 1 2 
346 1 2 
347 1 2 
348 1 2 
349 1 2 
350 1 2 
351 1 2 
352 1 2 
353 1 2 
354 1 2 
355 1 2 
356 1 2 
357 1 2 
358 1 2 
359 1 2 
360 1 2 
361 1 2 
362 1 2 
363 1 2 
364 1 2 
365 1 2 
366 1 2 
367 1 2 
368 1 2 
369 1 2 
370 1 2 
371 2 3 
372 2 3 
373 2 3 
374 2 3 
375 2 3 
376 2 3 
377 2 3 
378 2 3 
379 1 3 
380 1 3 
381 1 3 
382 1 3 
383 1 3 
384 1 3 
385 1 3 
386 1 3 
387 1 3 
388 1 3 
389 2 3 
390 2 3 
391 2 3 
392 2 3 
393 2 3 
394 2 3 
395 2 3 
396 2 3 
397 2 3 
398 2 3 
399 2 3 
400 2 3 
401 2 3 
402 2 3 
403 2 3 
404 2 3 
405 2 3 
406 2 3 
407 2 3 
408 2 3 
409 8 3 
410 8 3 
411 8 3 
412 8 3 
413 8 3 
414 8 3 
415 8 3 
416 8 3 
417 8 3 
418 8 3 
419 8 3 
420 8 3 
421 8 3 
422 8 3 
423 8 3 
424 8 3 
425 8 3 
426 8 3 
427 8 3 
428 8 3 
429 8 3 
430 8 3 
431 8 3 
432 8 3 
433 8 3 
434 8 3 
435 8 3 
436 8 3 
437 8 3 
438 8 3 
439 8 3 
440 8 3 
441 8 3 
442 8 3 
443 8 3 
444 8 3 
445 8 3 
446 8 3 
447 8 3 
448 8 3 
449 8 3 
450 8 3 
451 8 3 
452 8 3 
453 8 3 
454 8 3 
455 8 3 
456 8 3 
457 8 3 
458 8 3 
459 8 3 
460 8 3 
461 8 3 
462 8 3 
463 8 3 
464 8 3 
465 8 3 
466 8 3 
467 8 3 
468 8 3 
469 8 3 
470 8 3 
471 8 3 
472 8 3 
473 8 3 
474 8 3 
475 8 3 
476 8 3 
477 8 3 
478 8 3 
479 8 3 
480 8 3 
481 8 3 
482 8 3 
483 8 3 
484 8 3 
485 8 3 
486 8 3 
487 8 3 
488 8 3 
489 8 3 
490 8 3 
491 7 3 
492 7 3 
493 7 3 
494 8 3 
495 8 3 
496 8 3 
497 8 3 
498 8 3 
499 8 3 
500 8 3 
501 8 3 
502 8 3 
503 8 3 
504 8 3 
505 8 3 
506 8 3 
507 8 3 
508 8 3 
509 8 3 
510 7 3 
511 8 3 
512 8 3 
513 8 3 
514 8 3 
515 1 3 
516 1 3 
517 1 3 
518 1 3 
519 1 3 
520 1 3 
521 1 3 
522 1 3 
523 1 3 
524 1 3 
525 1 3 
526 1 3 
527 1 3 
528 1 3 
529 1 3 
530 1 3 
531 1 3 
532 1 3 
533 6 4 
534 8 4 
535 6 4 
536 6 4 
537 6 4 
538 3 4 
539 3 4 
540 3 4 
541 2 4 
542 2 4 
543 1 4 
544 7 4 
545 1 4 
546 8 4 
547 8 4 
548 3 4 
549 3 4 
550 3 4 
551 3 4 
552 3 4 
553 3 4 
554 3 4 
555 3 4 
556 3 4 
557 3 4 
558 3 4 
559 3 4 
560 3 4 
561 3 4 
562 3 4 
563 3 4 
564 3 4 
565 3 4 
566 3 4 
567 3 4 
568 3 4 
569 3 4 
570 3 4 
571 3 4 
572 3 4 
573 3 4 
574 3 4 
575 3 4 
576 3 4 
577 3 4 
578 3 4 
579 3 4 
580 3 4 
581 3 4 
582 3 4 
583 3 4 
584 3 4 
585 3 4 
586 3 4 
587 3 4 
588 3 4 
589 3 4 
590 3 4 
591 3 4 
592 3 4 
593 3 4 
594 3 4 
595 3 4 
596 3 4 
597 4 4 
598 4 4 
599 4 4 
600 4 4 
601 4 4 
602 4 4 
603 4 4 
604 4 4 
605 4 4 
606 4 4 
607 4 4 
608 4 4 
609 4 4 
610 4 4 
611 4 4 
612 4 4 
613 6 4 
614 6 4 
615 6 4 
616 6 4 
617 6 4 
618 6 4 
619 6 4 
620 6 4 
621 6 4 
622 6 4 
623 6 4 
624 6 4 
625 6 4 
626 6 4 
627 6 4 
628 6 4 
629 6 4 
630 6 4 
631 6 4 
632 6 4 
633 6 4 
634 6 4 
635 6 4 
636 6 4 
637 6 4 
638 6 4 
639 6 4 
640 6 4 
641 6 4 
642 6 4 
643 6 4 
644 6 4 
645 6 4 
646 6 4 
647 6 4 
648 6 4 
649 6 4 
650 8 4 
651 8 4 
652 7 4 
653 7 4 
654 7 4 
655 7 4 
656 6 4 
657 6 4 
658 8 4 
659 8 4 
660 7 4 
661 8 4 
662 1 4 
663 7 4 
664 7 4 
665 8 4 
666 8 4 
667 8 4 
668 8 4 
669 8 4 
670 8 4 
671 8 4 
672 8 4 
673 8 4 
674 8 4 
675 8 4 
676 8 4 
677 8 4 
678 8 4 
679 8 4 
680 8 4 
681 8 4 
682 8 4 
683 8 4 
684 8 4 
685 8 4 
686 8 4 
687 8 4 
688 8 4 
689 8 4 
690 8 4 
691 8 4 
692 8 4 
693 8 4 
694 8 4 
695 8 4 
696 8 4 
697 8 4 
698 8 4 
699 8 4 
700 8 4 
701 8 4 
702 8 4 
703 1 4 
704 1 4 
705 1 4 
706 1 4 
707 1 4 
708 1 4 
709 1 4 
710 1 4 
711 1 4 
712 1 4 
713 1 4 
714 1 4 
715 1 4 
716 2 4 
717 2 4 
;
end;
