param S := 784;
param T := 8;
param D := 5;
param windowsize := 0;

param A := 
1 219
2 26
3 5
4 17
5 33
6 9
7 7
8 4
9 4
10 3
11 3
12 9
13 5
14 44
15 13
16 4
17 4
18 0
19 0
20 24
21 11
22 10
23 2
24 1
25 11
26 22
27 11
28 64
29 13
30 186
31 2
32 18
33 13
34 8
35 42
36 11
37 6
38 12
39 12
40 69
41 60
42 11
43 36
44 36
45 9
46 3
47 7
48 3
49 7
50 18
51 2
52 18
53 15
54 1
55 1
56 1
57 18
58 1
59 6
60 7
61 3
62 1
63 22
64 86
65 88
66 6
67 6
68 88
69 20
70 90
71 51
72 119
73 9
74 36
75 44
76 44
77 7
78 56
79 18
80 7
81 22
82 18
83 4
84 18
85 215
86 50
87 2
88 27
89 27
90 14
91 8
92 72
93 25
94 2
95 3
96 17
97 1
98 13
99 17
100 12
101 24
102 7
103 5
104 51
105 9
106 33
107 13
108 8
109 4
110 9
111 7
112 11
113 17
114 2
115 4
116 15
117 0
118 4
119 17
120 9
121 7
122 18
123 7
124 36
125 54
126 135
127 36
128 24
129 13
130 219
131 219
132 73
133 73
134 17
135 50
136 201
137 12
138 100
139 100
140 97
141 12
142 4
143 127
144 106
145 36
146 140
147 84
148 134
149 103
150 9
151 9
152 24
153 4
154 24
155 39
156 33
157 104
158 141
159 86
160 106
161 122
162 106
163 66
164 86
165 129
166 14
167 8
168 18
169 13
170 40
171 305
172 83
173 44
174 106
175 257
176 295
177 13
178 18
179 38
180 24
181 13
182 22
183 177
184 9
185 22
186 44
187 18
188 7
189 27
190 5
191 2
192 0
193 1
194 2
195 0
196 2
197 2
198 1
199 5
200 6
201 6
202 6
203 222
204 106
205 110
206 94
207 58
208 90
209 150
210 13
211 9
212 5
213 13
214 4
215 7
216 157
217 610
218 38
219 18
220 14
221 18
222 5
223 7
224 24
225 2
226 4
227 2
228 22
229 24
230 9
231 22
232 9
233 13
234 12
235 4
236 4
237 4
238 9
239 9
240 9
241 4
242 127
243 22
244 11
245 44
246 2
247 11
248 9
249 34
250 2
251 4
252 11
253 8
254 3
255 37
256 2
257 8
258 9
259 17
260 12
261 3
262 8
263 133
264 44
265 44
266 20
267 3
268 4
269 3
270 73
271 7
272 27
273 27
274 18
275 18
276 18
277 34
278 91
279 36
280 91
281 55
282 109
283 73
284 535
285 11
286 100
287 133
288 221
289 193
290 4
291 6
292 2
293 4
294 4
295 40
296 16
297 13
298 4
299 4
300 2
301 4
302 55
303 22
304 13
305 8
306 36
307 52
308 401
309 63
310 86
311 134
312 2
313 7
314 11
315 27
316 13
317 27
318 13
319 158
320 129
321 42
322 265
323 106
324 115
325 107
326 107
327 122
328 133
329 15
330 213
331 274
332 274
333 305
334 91
335 76
336 22
337 243
338 284
339 284
340 11
341 11
342 19
343 8
344 49
345 30
346 9
347 2
348 12
349 24
350 12
351 60
352 9
353 48
354 36
355 48
356 24
357 17
358 8
359 12
360 12
361 1
362 12
363 20
364 107
365 129
366 133
367 44
368 44
369 106
370 5
371 14
372 5
373 6
374 1
375 11
376 10
377 22
378 9
379 44
380 68
381 44
382 21
383 102
384 40
385 88
386 22
387 16
388 13
389 4
390 7
391 9
392 3
393 9
394 18
395 18
396 18
397 14
398 13
399 14
400 14
401 14
402 5
403 7
404 4
405 110
406 22
407 9
408 20
409 168
410 8
411 30
412 91
413 17
414 8
415 8
416 5
417 0
418 1
419 16
420 6
421 2
422 44
423 4
424 18
425 0
426 2
427 1
428 16
429 7
430 1
431 3
432 1
433 1
434 12
435 14
436 12
437 1
438 28
439 56
440 14
441 14
442 12
443 12
444 48
445 12
446 2
447 2
448 3
449 1
450 1
451 5
452 0
453 1
454 1
455 3
456 3
457 244
458 210
459 123
460 80
461 35
462 38
463 114
464 84
465 7
466 13
467 46
468 15
469 91
470 8
471 76
472 76
473 20
474 16
475 5
476 18
477 44
478 12
479 12
480 2
481 202
482 38
483 9
484 4
485 9
486 38
487 122
488 6
489 5
490 5
491 5
492 28
493 61
494 11
495 46
496 38
497 84
498 114
499 23
500 61
501 84
502 38
503 215
504 177
505 36
506 88
507 146
508 15
509 11
510 84
511 18
512 31
513 26
514 6
515 12
516 23
517 9
518 11
519 6
520 4
521 64
522 14
523 14
524 44
525 20
526 34
527 18
528 33
529 60
530 22
531 7
532 4
533 11
534 44
535 8
536 80
537 11
538 34
539 34
540 52
541 90
542 90
543 177
544 44
545 72
546 18
547 11
548 2
549 66
550 18
551 25
552 9
553 33
554 4
555 7
556 18
557 16
558 57
559 46
560 14
561 7
562 5
563 18
564 18
565 6
566 13
567 11
568 24
569 9
570 6
571 6
572 9
573 10
574 3
575 5
576 36
577 9
578 5
579 16
580 2
581 1
582 4
583 17
584 52
585 17
586 46
587 46
588 221
589 231
590 106
591 133
592 86
593 86
594 8
595 76
596 42
597 106
598 81
599 55
600 27
601 179
602 129
603 4
604 16
605 4
606 6
607 13
608 5
609 3
610 2
611 5
612 7
613 9
614 9
615 7
616 49
617 14
618 265
619 133
620 4
621 25
622 7
623 0
624 24
625 26
626 9
627 4
628 2
629 4
630 4
631 4
632 4
633 9
634 9
635 2
636 49
637 73
638 170
639 49
640 170
641 11
642 2
643 4
644 4
645 7
646 55
647 2
648 4
649 18
650 133
651 9
652 2
653 0
654 4
655 4
656 17
657 9
658 4
659 12
660 12
661 9
662 12
663 54
664 2
665 5
666 0
667 2
668 1
669 1
670 79
671 4
672 4
673 13
674 320
675 76
676 30
677 0
678 7
679 15
680 15
681 15
682 3
683 142
684 0
685 103
686 27
687 1
688 24
689 73
690 36
691 91
692 18
693 73
694 73
695 1
696 14
697 88
698 221
699 88
700 9
701 6
702 9
703 4
704 101
705 44
706 66
707 100
708 221
709 193
710 133
711 44
712 4
713 4
714 253
715 73
716 73
717 146
718 24
719 6
720 2
721 2
722 39
723 55
724 31
725 2
726 143
727 22
728 44
729 13
730 18
731 88
732 86
733 150
734 9
735 9
736 33
737 12
738 22
739 177
740 52
741 72
742 88
743 143
744 88
745 66
746 44
747 125
748 0
749 44
750 90
751 221
752 3
753 3
754 1
755 7
756 97
757 65
758 65
759 4
760 4
761 4
762 30
763 9
764 50
765 75
766 50
767 50
768 50
769 100
770 17
771 26
772 12
773 6
774 55
775 22
776 4
777 7
778 33
779 6
780 5
781 5
782 5
783 61
784 28
;

param Ttarget := 
1 1 1000
2 1 1000
3 1 1000
4 1 1000
5 1 500
6 1 500
7 1 500
8 1 500
1 2 1000
2 2 1000
3 2 1000
4 2 1000
5 2 500
6 2 500
7 2 500
8 2 500
1 3 1000
2 3 1000
3 3 1000
4 3 1000
5 3 500
6 3 500
7 3 500
8 3 500
1 4 1000
2 4 1000
3 4 1000
4 4 1000
5 4 500
6 4 500
7 4 500
8 4 500
1 5 1000
2 5 1000
3 5 1000
4 5 1000
5 5 500
6 5 500
7 5 500
8 5 500
;

set Bannlisti := 
;
set Fixlisti := 
1 2 1 
2 2 1 
3 8 1 
4 8 1 
5 1 1 
6 8 1 
7 8 1 
8 8 1 
9 8 1 
10 8 1 
11 8 1 
12 8 1 
13 8 1 
14 8 1 
15 8 1 
16 8 1 
17 8 1 
18 3 1 
19 3 1 
20 3 1 
21 3 1 
22 3 1 
23 3 1 
24 3 1 
25 3 1 
26 3 1 
27 3 1 
28 3 1 
29 3 1 
30 3 1 
31 3 1 
32 3 1 
33 3 1 
34 3 1 
35 8 1 
36 4 1 
37 4 1 
38 4 1 
39 4 1 
40 4 1 
41 4 1 
42 3 1 
43 4 1 
44 4 1 
45 4 1 
46 8 1 
47 8 1 
48 8 1 
49 8 1 
50 8 1 
51 8 1 
52 8 1 
53 8 1 
54 8 1 
55 8 1 
56 8 1 
57 8 1 
58 8 1 
59 8 1 
60 8 1 
61 8 1 
62 8 1 
63 4 1 
64 4 1 
65 4 1 
66 4 1 
67 4 1 
68 5 1 
69 5 1 
70 5 1 
71 5 1 
72 5 1 
73 5 1 
74 5 1 
75 5 1 
76 5 1 
77 5 1 
78 5 1 
79 5 1 
80 5 1 
81 5 1 
82 5 1 
83 5 1 
84 5 1 
85 1 1 
86 5 1 
87 1 1 
88 7 1 
89 7 1 
90 7 1 
91 7 1 
92 7 1 
93 7 1 
94 7 1 
95 7 1 
96 7 1 
97 7 1 
98 7 1 
99 7 1 
100 7 1 
101 7 1 
102 7 1 
103 7 1 
104 7 1 
105 8 1 
106 8 1 
107 8 1 
108 8 1 
109 7 1 
110 7 1 
111 7 1 
112 7 1 
113 7 1 
114 7 1 
115 7 1 
116 7 1 
117 7 1 
118 7 1 
119 7 1 
120 7 1 
121 8 1 
122 8 1 
123 8 1 
124 8 1 
125 8 1 
126 8 1 
127 8 1 
128 8 1 
129 1 1 
130 1 1 
131 1 1 
132 1 1 
133 1 1 
134 1 1 
135 1 1 
136 1 1 
137 1 1 
138 1 1 
139 1 1 
140 1 1 
141 1 1 
142 1 1 
143 2 2 
144 2 2 
145 2 2 
146 2 2 
147 2 2 
148 2 2 
149 2 2 
150 8 2 
151 8 2 
152 8 2 
153 8 2 
154 8 2 
155 8 2 
156 8 2 
157 3 2 
158 3 2 
159 3 2 
160 3 2 
161 3 2 
162 3 2 
163 3 2 
164 3 2 
165 3 2 
166 3 2 
167 3 2 
168 3 2 
169 3 2 
170 3 2 
171 3 2 
172 3 2 
173 3 2 
174 3 2 
175 3 2 
176 3 2 
177 3 2 
178 3 2 
179 3 2 
180 3 2 
181 3 2 
182 3 2 
183 3 2 
184 3 2 
185 3 2 
186 3 2 
187 3 2 
188 3 2 
189 3 2 
190 3 2 
191 1 2 
192 1 2 
193 1 2 
194 1 2 
195 1 2 
196 1 2 
197 1 2 
198 6 2 
199 6 2 
200 6 2 
201 6 2 
202 6 2 
203 6 2 
204 6 2 
205 6 2 
206 6 2 
207 6 2 
208 6 2 
209 6 2 
210 6 2 
211 6 2 
212 6 2 
213 6 2 
214 6 2 
215 6 2 
216 6 2 
217 6 2 
218 6 2 
219 6 2 
220 6 2 
221 6 2 
222 6 2 
223 6 2 
224 8 2 
225 8 2 
226 8 2 
227 8 2 
228 8 2 
229 8 2 
230 8 2 
231 7 2 
232 7 2 
233 7 2 
234 7 2 
235 7 2 
236 7 2 
237 8 2 
238 8 2 
239 8 2 
240 8 2 
241 8 2 
242 8 2 
243 8 2 
244 8 2 
245 8 2 
246 8 2 
247 8 2 
248 3 2 
249 3 2 
250 6 2 
251 8 2 
252 8 2 
253 8 2 
254 8 2 
255 8 2 
256 8 2 
257 8 2 
258 8 2 
259 8 2 
260 8 2 
261 8 2 
262 8 2 
263 8 2 
264 8 2 
265 8 2 
266 8 2 
267 8 2 
268 8 2 
269 8 2 
270 8 2 
271 8 2 
272 1 2 
273 1 2 
274 1 2 
275 1 2 
276 1 2 
277 1 2 
278 1 2 
279 1 2 
280 1 2 
281 1 2 
282 1 2 
283 1 2 
284 1 2 
285 1 2 
286 1 2 
287 1 2 
288 1 2 
289 1 2 
290 1 2 
291 1 2 
292 8 3 
293 8 3 
294 8 3 
295 8 3 
296 8 3 
297 8 3 
298 8 3 
299 8 3 
300 8 3 
301 8 3 
302 8 3 
303 8 3 
304 8 3 
305 8 3 
306 8 3 
307 4 3 
308 2 3 
309 2 3 
310 2 3 
311 2 3 
312 8 3 
313 8 3 
314 8 3 
315 8 3 
316 8 3 
317 8 3 
318 8 3 
319 3 3 
320 3 3 
321 3 3 
322 3 3 
323 3 3 
324 3 3 
325 3 3 
326 3 3 
327 3 3 
328 3 3 
329 3 3 
330 3 3 
331 3 3 
332 3 3 
333 3 3 
334 3 3 
335 3 3 
336 3 3 
337 3 3 
338 3 3 
339 3 3 
340 3 3 
341 3 3 
342 3 3 
343 3 3 
344 3 3 
345 3 3 
346 3 3 
347 3 3 
348 4 3 
349 4 3 
350 4 3 
351 4 3 
352 4 3 
353 4 3 
354 4 3 
355 4 3 
356 4 3 
357 4 3 
358 8 3 
359 4 3 
360 4 3 
361 4 3 
362 4 3 
363 4 3 
364 4 3 
365 4 3 
366 4 3 
367 4 3 
368 4 3 
369 4 3 
370 8 3 
371 4 3 
372 5 3 
373 5 3 
374 5 3 
375 5 3 
376 5 3 
377 5 3 
378 5 3 
379 5 3 
380 5 3 
381 5 3 
382 5 3 
383 5 3 
384 5 3 
385 5 3 
386 5 3 
387 5 3 
388 5 3 
389 5 3 
390 5 3 
391 5 3 
392 8 3 
393 8 3 
394 5 3 
395 5 3 
396 5 3 
397 5 3 
398 5 3 
399 5 3 
400 5 3 
401 5 3 
402 5 3 
403 8 3 
404 8 3 
405 7 3 
406 7 3 
407 7 3 
408 7 3 
409 7 3 
410 7 3 
411 7 3 
412 7 3 
413 7 3 
414 8 3 
415 8 3 
416 8 3 
417 8 3 
418 8 3 
419 8 3 
420 8 3 
421 8 3 
422 8 3 
423 8 3 
424 8 3 
425 8 3 
426 8 3 
427 7 3 
428 7 3 
429 7 3 
430 7 3 
431 7 3 
432 7 3 
433 7 3 
434 8 3 
435 8 3 
436 8 3 
437 8 3 
438 8 3 
439 8 3 
440 8 3 
441 8 3 
442 3 3 
443 3 3 
444 3 3 
445 3 3 
446 3 3 
447 3 3 
448 7 3 
449 7 3 
450 7 3 
451 7 3 
452 7 3 
453 7 3 
454 7 3 
455 7 3 
456 7 3 
457 7 3 
458 7 3 
459 7 3 
460 7 3 
461 7 3 
462 7 3 
463 7 3 
464 7 3 
465 7 3 
466 7 3 
467 7 3 
468 7 3 
469 7 3 
470 7 3 
471 7 3 
472 7 3 
473 7 3 
474 8 3 
475 7 3 
476 7 3 
477 7 3 
478 8 3 
479 8 3 
480 8 3 
481 1 3 
482 1 3 
483 1 3 
484 1 3 
485 1 3 
486 1 3 
487 1 3 
488 1 3 
489 1 3 
490 1 3 
491 1 3 
492 1 3 
493 1 3 
494 1 3 
495 1 3 
496 1 3 
497 1 3 
498 1 3 
499 1 3 
500 1 3 
501 1 3 
502 1 3 
503 1 3 
504 2 4 
505 2 4 
506 2 4 
507 2 4 
508 2 4 
509 2 4 
510 2 4 
511 2 4 
512 2 4 
513 2 4 
514 2 4 
515 2 4 
516 2 4 
517 8 4 
518 8 4 
519 8 4 
520 8 4 
521 8 4 
522 8 4 
523 8 4 
524 8 4 
525 8 4 
526 8 4 
527 8 4 
528 8 4 
529 8 4 
530 8 4 
531 8 4 
532 8 4 
533 8 4 
534 8 4 
535 2 4 
536 3 4 
537 3 4 
538 3 4 
539 3 4 
540 3 4 
541 3 4 
542 3 4 
543 3 4 
544 3 4 
545 3 4 
546 3 4 
547 3 4 
548 3 4 
549 3 4 
550 3 4 
551 3 4 
552 3 4 
553 3 4 
554 3 4 
555 3 4 
556 3 4 
557 7 4 
558 7 4 
559 7 4 
560 7 4 
561 7 4 
562 7 4 
563 7 4 
564 7 4 
565 7 4 
566 7 4 
567 7 4 
568 6 4 
569 6 4 
570 6 4 
571 6 4 
572 6 4 
573 6 4 
574 6 4 
575 6 4 
576 7 4 
577 7 4 
578 7 4 
579 7 4 
580 7 4 
581 7 4 
582 7 4 
583 7 4 
584 7 4 
585 7 4 
586 6 4 
587 6 4 
588 6 4 
589 6 4 
590 6 4 
591 6 4 
592 6 4 
593 6 4 
594 6 4 
595 6 4 
596 6 4 
597 6 4 
598 6 4 
599 6 4 
600 6 4 
601 6 4 
602 6 4 
603 7 4 
604 7 4 
605 7 4 
606 7 4 
607 7 4 
608 7 4 
609 7 4 
610 7 4 
611 7 4 
612 7 4 
613 7 4 
614 7 4 
615 7 4 
616 8 4 
617 7 4 
618 6 4 
619 6 4 
620 6 4 
621 6 4 
622 6 4 
623 6 4 
624 6 4 
625 8 4 
626 7 4 
627 7 4 
628 7 4 
629 7 4 
630 7 4 
631 7 4 
632 7 4 
633 7 4 
634 7 4 
635 7 4 
636 7 4 
637 7 4 
638 7 4 
639 7 4 
640 7 4 
641 7 4 
642 7 4 
643 7 4 
644 7 4 
645 7 4 
646 7 4 
647 7 4 
648 7 4 
649 7 4 
650 7 4 
651 7 4 
652 7 4 
653 7 4 
654 7 4 
655 7 4 
656 7 4 
657 7 4 
658 7 4 
659 8 4 
660 8 4 
661 8 4 
662 8 4 
663 8 4 
664 8 4 
665 8 4 
666 8 4 
667 8 4 
668 8 4 
669 8 4 
670 8 4 
671 8 4 
672 8 4 
673 7 4 
674 7 4 
675 7 4 
676 7 4 
677 7 4 
678 7 4 
679 7 4 
680 7 4 
681 7 4 
682 7 4 
683 7 4 
684 8 4 
685 8 4 
686 6 4 
687 8 4 
688 8 4 
689 1 4 
690 1 4 
691 1 4 
692 1 4 
693 1 4 
694 1 4 
695 1 4 
696 1 4 
697 1 4 
698 1 4 
699 1 4 
700 1 4 
701 1 4 
702 1 4 
703 1 4 
704 1 4 
705 1 4 
706 1 4 
707 1 4 
708 1 4 
709 1 4 
710 1 4 
711 1 4 
712 1 4 
713 1 4 
714 2 5 
715 2 5 
716 2 5 
717 2 5 
718 2 5 
719 8 5 
720 8 5 
721 8 5 
722 8 5 
723 8 5 
724 8 5 
725 8 5 
726 3 5 
727 3 5 
728 3 5 
729 3 5 
730 3 5 
731 3 5 
732 3 5 
733 3 5 
734 3 5 
735 3 5 
736 3 5 
737 3 5 
738 3 5 
739 3 5 
740 3 5 
741 3 5 
742 3 5 
743 3 5 
744 3 5 
745 3 5 
746 3 5 
747 3 5 
748 3 5 
749 5 5 
750 5 5 
751 5 5 
752 7 5 
753 7 5 
754 7 5 
755 7 5 
756 7 5 
757 7 5 
758 7 5 
759 7 5 
760 7 5 
761 7 5 
762 7 5 
763 7 5 
764 1 5 
765 1 5 
766 1 5 
767 1 5 
768 1 5 
769 1 5 
770 1 5 
771 1 5 
772 1 5 
773 1 5 
774 1 5 
775 1 5 
776 1 5 
777 1 5 
778 1 5 
779 1 5 
780 1 5 
781 1 5 
782 1 5 
783 1 5 
784 1 5 
;
end;
