param S := 681;
param T := 8;
param D := 5;
param windowsize := 0;

param A := 
1 3
2 9
3 9
4 4
5 4
6 2
7 2
8 16
9 9
10 2
11 80
12 29
13 0
14 9
15 9
16 15
17 146
18 182
19 35
20 128
21 1
22 5
23 5
24 2
25 1
26 2
27 0
28 0
29 0
30 1
31 1
32 1
33 2
34 1
35 1
36 2
37 1
38 2
39 12
40 86
41 86
42 28
43 36
44 24
45 129
46 22
47 106
48 86
49 88
50 4
51 1
52 4
53 104
54 66
55 66
56 66
57 100
58 30
59 31
60 90
61 33
62 33
63 7
64 9
65 17
66 43
67 12
68 4
69 1
70 12
71 2
72 36
73 44
74 22
75 51
76 0
77 106
78 84
79 54
80 39
81 39
82 27
83 22
84 11
85 80
86 18
87 20
88 11
89 3
90 5
91 2
92 22
93 9
94 40
95 27
96 108
97 46
98 1
99 3
100 50
101 91
102 73
103 36
104 55
105 55
106 37
107 15
108 21
109 177
110 442
111 403
112 248
113 63
114 219
115 24
116 23
117 9
118 46
119 68
120 22
121 130
122 26
123 9
124 20
125 4
126 34
127 69
128 4
129 37
130 7
131 53
132 53
133 6
134 6
135 14
136 231
137 52
138 249
139 80
140 222
141 215
142 75
143 133
144 106
145 38
146 1
147 56
148 21
149 8
150 18
151 10
152 45
153 21
154 55
155 18
156 86
157 9
158 40
159 22
160 7
161 86
162 55
163 17
164 11
165 42
166 32
167 23
168 8
169 17
170 55
171 65
172 1
173 1
174 36
175 5
176 4
177 23
178 0
179 13
180 11
181 33
182 55
183 5
184 9
185 18
186 22
187 10
188 13
189 27
190 22
191 7
192 7
193 9
194 9
195 13
196 7
197 8
198 4
199 4
200 4
201 8
202 5
203 12
204 1
205 27
206 1
207 0
208 1
209 3
210 44
211 7
212 7
213 13
214 9
215 9
216 9
217 12
218 18
219 9
220 12
221 2
222 13
223 13
224 7
225 2
226 2
227 1
228 4
229 4
230 9
231 2
232 18
233 2
234 27
235 4
236 5
237 13
238 11
239 9
240 9
241 7
242 15
243 0
244 60
245 42
246 14
247 4
248 13
249 22
250 9
251 13
252 31
253 18
254 11
255 13
256 13
257 2
258 4
259 4
260 0
261 182
262 182
263 150
264 128
265 212
266 106
267 168
268 133
269 106
270 107
271 50
272 55
273 36
274 55
275 73
276 5
277 97
278 61
279 134
280 2
281 13
282 6
283 73
284 84
285 3
286 36
287 364
288 4
289 9
290 4
291 13
292 9
293 36
294 46
295 107
296 15
297 39
298 4
299 52
300 9
301 36
302 48
303 36
304 36
305 9
306 11
307 14
308 7
309 46
310 13
311 129
312 107
313 129
314 107
315 11
316 80
317 41
318 44
319 53
320 44
321 66
322 179
323 119
324 215
325 36
326 102
327 179
328 22
329 11
330 4
331 4
332 5
333 11
334 27
335 133
336 18
337 8
338 2
339 15
340 16
341 4
342 4
343 150
344 371
345 4
346 44
347 221
348 12
349 7
350 2
351 0
352 13
353 16
354 4
355 9
356 110
357 6
358 3
359 3
360 0
361 1
362 1
363 1
364 1
365 5
366 5
367 1
368 1
369 1
370 1
371 1
372 3
373 3
374 1
375 1
376 4
377 117
378 61
379 40
380 2
381 17
382 17
383 24
384 0
385 0
386 50
387 38
388 48
389 61
390 11
391 300
392 150
393 61
394 192
395 45
396 13
397 17
398 5
399 73
400 18
401 23
402 13
403 4
404 31
405 9
406 310
407 55
408 26
409 36
410 18
411 365
412 23
413 8
414 11
415 4
416 9
417 7
418 0
419 64
420 52
421 106
422 133
423 106
424 106
425 88
426 150
427 107
428 88
429 11
430 36
431 137
432 83
433 5
434 88
435 44
436 118
437 67
438 36
439 4
440 133
441 122
442 98
443 106
444 221
445 358
446 86
447 22
448 88
449 7
450 31
451 18
452 13
453 4
454 17
455 25
456 2
457 9
458 18
459 44
460 152
461 13
462 22
463 11
464 55
465 4
466 36
467 94
468 42
469 90
470 110
471 265
472 150
473 110
474 106
475 110
476 222
477 133
478 86
479 179
480 110
481 212
482 64
483 265
484 4
485 15
486 160
487 24
488 7
489 40
490 100
491 18
492 25
493 6
494 6
495 6
496 7
497 9
498 53
499 53
500 133
501 9
502 18
503 29
504 53
505 79
506 110
507 55
508 28
509 30
510 27
511 44
512 43
513 107
514 4
515 22
516 2
517 22
518 44
519 7
520 9
521 9
522 4
523 7
524 71
525 29
526 24
527 5
528 7
529 3
530 26
531 8
532 45
533 21
534 11
535 11
536 14
537 7
538 2
539 2
540 9
541 30
542 23
543 7
544 7
545 9
546 4
547 3
548 30
549 2
550 9
551 5
552 9
553 4
554 7
555 4
556 7
557 3
558 8
559 2
560 9
561 7
562 5
563 2
564 46
565 55
566 44
567 33
568 133
569 44
570 11
571 25
572 25
573 1
574 14
575 6
576 11
577 8
578 14
579 14
580 12
581 3
582 12
583 3
584 0
585 7
586 7
587 143
588 101
589 42
590 75
591 55
592 73
593 55
594 109
595 11
596 61
597 134
598 325
599 3
600 131
601 44
602 18
603 44
604 33
605 146
606 51
607 129
608 13
609 9
610 13
611 7
612 35
613 0
614 1
615 4
616 1
617 5
618 23
619 16
620 7
621 24
622 18
623 9
624 36
625 11
626 55
627 72
628 18
629 22
630 44
631 140
632 18
633 2
634 2
635 4
636 4
637 5
638 12
639 104
640 79
641 104
642 5
643 5
644 14
645 35
646 11
647 16
648 1
649 60
650 158
651 4
652 50
653 73
654 50
655 55
656 11
657 6
658 25
659 5
660 18
661 14
662 14
663 4
664 46
665 9
666 94
667 52
668 114
669 51
670 18
671 5
672 4
673 27
674 244
675 91
676 52
677 22
678 79
679 16
680 2
681 26
;

param Ttarget := 
1 1 1000
2 1 1000
3 1 1000
4 1 1000
5 1 500
6 1 500
7 1 500
8 1 500
1 2 1000
2 2 1000
3 2 1000
4 2 1000
5 2 500
6 2 500
7 2 500
8 2 500
1 3 1000
2 3 1000
3 3 1000
4 3 1000
5 3 500
6 3 500
7 3 500
8 3 500
1 4 1000
2 4 1000
3 4 1000
4 4 1000
5 4 500
6 4 500
7 4 500
8 4 500
1 5 1000
2 5 1000
3 5 1000
4 5 1000
5 5 500
6 5 500
7 5 500
8 5 500
;

set Bannlisti := 
;
set Fixlisti := 
1 8 1 
2 8 1 
3 8 1 
4 8 1 
5 8 1 
6 8 1 
7 8 1 
8 8 1 
9 8 1 
10 8 1 
11 8 1 
12 8 1 
13 8 1 
14 8 1 
15 8 1 
16 8 1 
17 2 1 
18 2 1 
19 2 1 
20 2 1 
21 8 1 
22 8 1 
23 8 1 
24 8 1 
25 8 1 
26 8 1 
27 8 1 
28 8 1 
29 8 1 
30 8 1 
31 8 1 
32 8 1 
33 8 1 
34 8 1 
35 8 1 
36 8 1 
37 8 1 
38 8 1 
39 4 1 
40 4 1 
41 4 1 
42 4 1 
43 4 1 
44 4 1 
45 4 1 
46 4 1 
47 4 1 
48 4 1 
49 4 1 
50 7 1 
51 2 1 
52 6 1 
53 5 1 
54 5 1 
55 5 1 
56 5 1 
57 5 1 
58 5 1 
59 5 1 
60 5 1 
61 5 1 
62 5 1 
63 5 1 
64 5 1 
65 3 1 
66 3 1 
67 3 1 
68 3 1 
69 3 1 
70 3 1 
71 3 1 
72 5 1 
73 5 1 
74 5 1 
75 5 1 
76 5 1 
77 5 1 
78 7 1 
79 7 1 
80 3 1 
81 3 1 
82 3 1 
83 3 1 
84 3 1 
85 3 1 
86 3 1 
87 3 1 
88 3 1 
89 8 1 
90 8 1 
91 8 1 
92 8 1 
93 8 1 
94 8 1 
95 8 1 
96 8 1 
97 8 1 
98 8 1 
99 8 1 
100 1 1 
101 1 1 
102 1 1 
103 1 1 
104 1 1 
105 1 1 
106 1 1 
107 1 1 
108 1 1 
109 1 1 
110 1 1 
111 1 1 
112 1 1 
113 2 2 
114 2 2 
115 2 2 
116 2 2 
117 2 2 
118 2 2 
119 2 2 
120 2 2 
121 2 2 
122 2 2 
123 2 2 
124 2 2 
125 2 2 
126 2 2 
127 2 2 
128 1 2 
129 8 2 
130 6 2 
131 6 2 
132 6 2 
133 6 2 
134 6 2 
135 6 2 
136 6 2 
137 6 2 
138 6 2 
139 6 2 
140 6 2 
141 6 2 
142 6 2 
143 6 2 
144 6 2 
145 6 2 
146 8 2 
147 6 2 
148 8 2 
149 6 2 
150 6 2 
151 6 2 
152 6 2 
153 6 2 
154 6 2 
155 6 2 
156 6 2 
157 6 2 
158 6 2 
159 6 2 
160 6 2 
161 6 2 
162 6 2 
163 6 2 
164 6 2 
165 6 2 
166 6 2 
167 6 2 
168 6 2 
169 6 2 
170 6 2 
171 8 2 
172 8 2 
173 8 2 
174 8 2 
175 8 2 
176 8 2 
177 8 2 
178 8 2 
179 8 2 
180 8 2 
181 8 2 
182 8 2 
183 8 2 
184 8 2 
185 8 2 
186 8 2 
187 8 2 
188 8 2 
189 8 2 
190 8 2 
191 8 2 
192 8 2 
193 8 2 
194 8 2 
195 8 2 
196 8 2 
197 8 2 
198 8 2 
199 8 2 
200 8 2 
201 8 2 
202 8 2 
203 8 2 
204 8 2 
205 8 2 
206 8 2 
207 8 2 
208 8 2 
209 8 2 
210 8 2 
211 8 2 
212 8 2 
213 8 2 
214 8 2 
215 8 2 
216 8 2 
217 8 2 
218 8 2 
219 8 2 
220 8 2 
221 8 2 
222 8 2 
223 8 2 
224 8 2 
225 8 2 
226 8 2 
227 8 2 
228 8 2 
229 8 2 
230 8 2 
231 8 2 
232 8 2 
233 8 2 
234 8 2 
235 8 2 
236 8 2 
237 8 2 
238 8 2 
239 8 2 
240 8 2 
241 8 2 
242 8 2 
243 8 2 
244 8 2 
245 8 2 
246 8 2 
247 8 2 
248 8 2 
249 8 2 
250 8 2 
251 8 2 
252 8 2 
253 8 2 
254 8 2 
255 8 2 
256 8 2 
257 8 2 
258 8 2 
259 8 2 
260 8 3 
261 1 2 
262 1 2 
263 1 2 
264 1 2 
265 1 2 
266 1 2 
267 1 2 
268 1 2 
269 1 2 
270 1 2 
271 1 2 
272 1 2 
273 1 2 
274 1 2 
275 1 2 
276 1 2 
277 1 2 
278 1 2 
279 1 2 
280 2 3 
281 2 3 
282 2 3 
283 2 3 
284 2 3 
285 2 3 
286 2 3 
287 2 3 
288 8 3 
289 8 3 
290 8 3 
291 8 3 
292 8 3 
293 8 3 
294 8 3 
295 8 3 
296 8 3 
297 8 3 
298 8 3 
299 4 3 
300 4 3 
301 4 3 
302 4 3 
303 4 3 
304 4 3 
305 4 3 
306 4 3 
307 4 3 
308 4 3 
309 4 3 
310 4 3 
311 4 3 
312 4 3 
313 4 3 
314 4 3 
315 4 3 
316 4 3 
317 4 3 
318 5 3 
319 5 3 
320 5 3 
321 5 3 
322 5 3 
323 5 3 
324 5 3 
325 5 3 
326 5 3 
327 5 3 
328 5 3 
329 5 3 
330 5 3 
331 5 3 
332 5 3 
333 5 3 
334 5 3 
335 5 3 
336 5 3 
337 5 3 
338 8 3 
339 8 3 
340 3 3 
341 3 3 
342 3 3 
343 3 3 
344 3 3 
345 3 3 
346 5 3 
347 7 3 
348 3 3 
349 3 3 
350 7 3 
351 7 3 
352 8 3 
353 3 3 
354 8 3 
355 8 3 
356 7 3 
357 8 3 
358 3 3 
359 3 3 
360 1 3 
361 1 3 
362 3 3 
363 3 3 
364 3 3 
365 3 3 
366 3 3 
367 3 3 
368 3 3 
369 8 3 
370 8 3 
371 8 3 
372 8 3 
373 8 3 
374 8 3 
375 8 3 
376 1 3 
377 1 3 
378 1 4 
379 1 4 
380 1 3 
381 1 3 
382 1 3 
383 1 3 
384 1 3 
385 1 3 
386 1 3 
387 1 3 
388 1 3 
389 1 3 
390 1 3 
391 1 3 
392 1 4 
393 1 4 
394 1 4 
395 4 4 
396 4 4 
397 2 4 
398 2 4 
399 2 4 
400 2 4 
401 2 4 
402 2 4 
403 2 4 
404 2 4 
405 2 4 
406 2 4 
407 2 4 
408 2 4 
409 2 4 
410 2 4 
411 4 4 
412 3 4 
413 3 4 
414 3 4 
415 3 4 
416 3 4 
417 3 4 
418 3 4 
419 3 4 
420 3 4 
421 3 4 
422 3 4 
423 3 4 
424 3 4 
425 3 4 
426 3 4 
427 3 4 
428 3 4 
429 3 4 
430 3 4 
431 3 4 
432 3 4 
433 3 4 
434 3 4 
435 3 4 
436 3 4 
437 3 4 
438 3 4 
439 3 4 
440 3 4 
441 3 4 
442 3 4 
443 3 4 
444 3 4 
445 3 4 
446 3 4 
447 3 4 
448 3 4 
449 3 4 
450 3 4 
451 3 4 
452 3 4 
453 3 4 
454 3 4 
455 3 4 
456 3 4 
457 3 4 
458 3 4 
459 3 4 
460 3 4 
461 3 4 
462 3 4 
463 3 4 
464 3 4 
465 3 4 
466 8 4 
467 6 4 
468 6 4 
469 6 4 
470 6 4 
471 6 4 
472 6 4 
473 6 4 
474 6 4 
475 6 4 
476 6 4 
477 6 4 
478 6 4 
479 6 4 
480 6 4 
481 6 4 
482 6 4 
483 6 4 
484 6 4 
485 6 4 
486 6 4 
487 6 4 
488 6 4 
489 6 4 
490 6 4 
491 6 4 
492 6 4 
493 6 4 
494 6 4 
495 6 4 
496 6 4 
497 6 4 
498 6 4 
499 6 4 
500 6 4 
501 6 4 
502 6 4 
503 6 4 
504 6 4 
505 6 4 
506 6 4 
507 6 4 
508 6 4 
509 6 4 
510 6 4 
511 6 4 
512 6 4 
513 6 4 
514 7 4 
515 7 4 
516 7 4 
517 7 4 
518 7 4 
519 7 4 
520 7 4 
521 7 4 
522 7 4 
523 7 4 
524 7 4 
525 7 4 
526 7 4 
527 7 4 
528 7 4 
529 7 4 
530 7 4 
531 8 4 
532 8 4 
533 8 4 
534 8 4 
535 8 4 
536 8 4 
537 8 4 
538 8 4 
539 8 4 
540 7 4 
541 7 4 
542 7 4 
543 7 4 
544 7 4 
545 7 4 
546 7 4 
547 7 4 
548 7 4 
549 7 4 
550 7 4 
551 7 4 
552 7 4 
553 8 4 
554 8 4 
555 7 4 
556 7 4 
557 7 4 
558 7 4 
559 7 4 
560 7 4 
561 7 4 
562 7 4 
563 8 4 
564 7 4 
565 7 4 
566 7 4 
567 7 4 
568 7 4 
569 7 4 
570 7 4 
571 7 4 
572 7 4 
573 7 4 
574 7 4 
575 7 4 
576 7 4 
577 7 4 
578 7 4 
579 7 4 
580 8 4 
581 8 4 
582 8 4 
583 7 4 
584 8 4 
585 1 4 
586 1 4 
587 1 4 
588 1 4 
589 1 4 
590 1 4 
591 1 4 
592 1 4 
593 1 4 
594 1 4 
595 1 4 
596 1 4 
597 1 4 
598 1 4 
599 7 4 
600 1 4 
601 1 4 
602 1 4 
603 1 4 
604 2 5 
605 2 5 
606 2 5 
607 8 5 
608 8 5 
609 8 5 
610 8 5 
611 8 5 
612 8 5 
613 8 5 
614 8 5 
615 8 5 
616 8 5 
617 8 5 
618 8 5 
619 8 5 
620 8 5 
621 8 4 
622 8 4 
623 8 4 
624 8 4 
625 8 4 
626 8 4 
627 8 4 
628 8 4 
629 8 4 
630 8 5 
631 4 5 
632 8 5 
633 8 5 
634 8 5 
635 8 5 
636 8 5 
637 8 5 
638 8 5 
639 1 5 
640 1 5 
641 4 5 
642 4 5 
643 4 5 
644 1 5 
645 2 5 
646 8 5 
647 7 5 
648 7 5 
649 8 5 
650 8 5 
651 8 5 
652 1 5 
653 1 5 
654 1 5 
655 1 5 
656 1 5 
657 1 5 
658 1 5 
659 1 5 
660 1 5 
661 1 5 
662 1 5 
663 1 5 
664 1 5 
665 1 5 
666 1 5 
667 1 5 
668 1 5 
669 1 5 
670 1 5 
671 1 5 
672 1 5 
673 1 5 
674 1 5 
675 1 5 
676 1 5 
677 1 5 
678 1 5 
679 1 5 
680 1 5 
681 1 5 
;
end;
