param S := 819;
param T := 8;
param D := 5;
param windowsize := 0;

param A := 
1 5
2 134
3 14
4 9
5 17
6 186
7 30
8 108
9 108
10 4
11 0
12 4
13 9
14 5
15 9
16 9
17 0
18 2
19 12
20 8
21 80
22 106
23 54
24 22
25 12
26 24
27 35
28 52
29 9
30 19
31 24
32 9
33 9
34 134
35 7
36 0
37 36
38 28
39 4
40 4
41 1
42 9
43 4
44 4
45 203
46 22
47 215
48 33
49 18
50 64
51 8
52 7
53 4
54 5
55 12
56 13
57 8
58 13
59 44
60 36
61 4
62 5
63 9
64 4
65 9
66 7
67 7
68 3
69 11
70 3
71 3
72 1
73 5
74 12
75 12
76 12
77 12
78 2
79 2
80 13
81 18
82 9
83 8
84 8
85 3
86 1
87 90
88 7
89 23
90 7
91 6
92 1
93 28
94 42
95 7
96 2
97 6
98 24
99 62
100 24
101 23
102 14
103 61
104 1
105 2
106 7
107 4
108 4
109 4
110 2
111 4
112 5
113 86
114 9
115 4
116 8
117 19
118 9
119 3
120 2
121 7
122 8
123 25
124 30
125 4
126 9
127 42
128 17
129 17
130 41
131 20
132 20
133 28
134 14
135 36
136 6
137 105
138 137
139 31
140 23
141 12
142 30
143 46
144 124
145 5
146 267
147 61
148 5
149 4
150 5
151 0
152 4
153 5
154 13
155 3
156 6
157 36
158 134
159 12
160 75
161 50
162 100
163 25
164 50
165 17
166 12
167 25
168 9
169 5
170 61
171 122
172 5
173 5
174 5
175 36
176 36
177 72
178 152
179 44
180 11
181 4
182 8
183 36
184 73
185 16
186 12
187 35
188 40
189 8
190 8
191 37
192 17
193 4
194 18
195 22
196 23
197 37
198 46
199 88
200 24
201 18
202 146
203 18
204 0
205 24
206 13
207 4
208 4
209 55
210 18
211 52
212 133
213 88
214 106
215 358
216 86
217 4
218 2
219 13
220 4
221 11
222 11
223 72
224 110
225 40
226 13
227 18
228 88
229 8
230 4
231 24
232 20
233 8
234 91
235 23
236 0
237 22
238 72
239 53
240 122
241 9
242 38
243 4
244 2
245 8
246 2
247 2
248 13
249 2
250 9
251 10
252 12
253 0
254 2
255 16
256 5
257 34
258 7
259 9
260 9
261 9
262 6
263 6
264 9
265 166
266 141
267 44
268 37
269 84
270 53
271 38
272 18
273 35
274 106
275 86
276 106
277 215
278 150
279 137
280 9
281 11
282 2
283 15
284 54
285 74
286 100
287 110
288 305
289 44
290 20
291 44
292 22
293 4
294 4
295 4
296 4
297 7
298 133
299 5
300 1
301 0
302 4
303 4
304 11
305 35
306 11
307 59
308 14
309 97
310 43
311 7
312 2
313 53
314 9
315 14
316 18
317 42
318 15
319 7
320 72
321 22
322 40
323 4
324 29
325 22
326 34
327 12
328 2
329 10
330 1
331 14
332 16
333 22
334 30
335 4
336 7
337 4
338 2
339 16
340 9
341 9
342 16
343 3
344 7
345 4
346 9
347 17
348 9
349 9
350 4
351 22
352 9
353 18
354 11
355 49
356 9
357 13
358 7
359 11
360 9
361 13
362 16
363 4
364 35
365 29
366 5
367 14
368 40
369 22
370 88
371 18
372 44
373 4
374 18
375 2
376 24
377 11
378 47
379 47
380 47
381 84
382 238
383 91
384 109
385 109
386 91
387 73
388 50
389 75
390 12
391 25
392 9
393 134
394 9
395 51
396 134
397 64
398 113
399 96
400 133
401 107
402 211
403 106
404 292
405 140
406 103
407 1
408 4
409 1
410 0
411 0
412 2
413 107
414 9
415 15
416 4
417 5
418 24
419 20
420 13
421 51
422 93
423 8
424 31
425 11
426 3
427 3
428 43
429 65
430 22
431 15
432 5
433 28
434 5
435 28
436 2
437 11
438 64
439 15
440 108
441 68
442 50
443 5
444 3
445 5
446 2
447 2
448 7
449 3
450 4
451 9
452 42
453 80
454 23
455 61
456 33
457 44
458 36
459 63
460 54
461 5
462 28
463 61
464 122
465 5
466 5
467 12
468 9
469 97
470 75
471 100
472 100
473 50
474 50
475 10
476 55
477 6
478 2
479 5
480 39
481 1
482 2
483 80
484 129
485 18
486 16
487 7
488 18
489 4
490 26
491 23
492 11
493 128
494 91
495 91
496 43
497 73
498 60
499 9
500 4
501 19
502 29
503 68
504 179
505 31
506 11
507 13
508 72
509 37
510 46
511 18
512 1
513 18
514 36
515 2
516 18
517 2
518 6
519 6
520 4
521 5
522 2
523 4
524 4
525 10
526 3
527 7
528 6
529 6
530 7
531 18
532 18
533 8
534 18
535 129
536 129
537 129
538 133
539 22
540 86
541 36
542 129
543 9
544 4
545 43
546 12
547 7
548 1
549 24
550 5
551 48
552 59
553 24
554 0
555 12
556 36
557 15
558 98
559 24
560 13
561 24
562 24
563 0
564 86
565 9
566 48
567 44
568 75
569 110
570 69
571 26
572 4
573 9
574 9
575 4
576 44
577 8
578 44
579 13
580 32
581 20
582 38
583 90
584 72
585 0
586 5
587 9
588 4
589 2
590 52
591 48
592 22
593 2
594 4
595 1
596 13
597 7
598 14
599 86
600 133
601 2
602 13
603 7
604 9
605 4
606 12
607 9
608 9
609 13
610 13
611 2
612 35
613 13
614 59
615 4
616 11
617 24
618 48
619 7
620 24
621 100
622 100
623 50
624 100
625 0
626 28
627 88
628 133
629 106
630 52
631 48
632 158
633 4
634 4
635 88
636 5
637 5
638 73
639 91
640 36
641 36
642 55
643 55
644 14
645 71
646 46
647 74
648 11
649 34
650 44
651 9
652 143
653 11
654 64
655 106
656 104
657 141
658 150
659 150
660 2
661 98
662 133
663 0
664 11
665 22
666 44
667 31
668 4
669 23
670 17
671 4
672 12
673 17
674 9
675 4
676 16
677 7
678 17
679 12
680 4
681 12
682 4
683 9
684 5
685 9
686 14
687 2
688 18
689 2
690 172
691 34
692 9
693 27
694 44
695 19
696 38
697 106
698 6
699 6
700 5
701 9
702 4
703 6
704 44
705 10
706 58
707 4
708 4
709 133
710 265
711 106
712 179
713 133
714 133
715 110
716 265
717 88
718 52
719 42
720 221
721 107
722 38
723 55
724 55
725 13
726 46
727 18
728 21
729 29
730 27
731 44
732 75
733 110
734 18
735 4
736 7
737 4
738 4
739 4
740 22
741 7
742 2
743 62
744 12
745 13
746 13
747 12
748 4
749 4
750 20
751 4
752 2
753 1
754 6
755 6
756 1
757 12
758 4
759 34
760 44
761 11
762 18
763 7
764 23
765 7
766 27
767 44
768 4
769 4
770 24
771 9
772 24
773 2
774 55
775 4
776 14
777 8
778 3
779 134
780 12
781 9
782 17
783 50
784 25
785 75
786 12
787 25
788 12
789 4
790 7
791 8
792 27
793 38
794 107
795 133
796 96
797 13
798 4
799 18
800 8
801 91
802 36
803 73
804 36
805 55
806 73
807 14
808 55
809 85
810 19
811 168
812 134
813 64
814 133
815 33
816 18
817 99
818 221
819 44
;

param Ttarget := 
1 1 1000
2 1 1000
3 1 1000
4 1 1000
5 1 500
6 1 500
7 1 500
8 1 500
1 2 1000
2 2 1000
3 2 1000
4 2 1000
5 2 500
6 2 500
7 2 500
8 2 500
1 3 1000
2 3 1000
3 3 1000
4 3 1000
5 3 500
6 3 500
7 3 500
8 3 500
1 4 1000
2 4 1000
3 4 1000
4 4 1000
5 4 500
6 4 500
7 4 500
8 4 500
1 5 1000
2 5 1000
3 5 1000
4 5 1000
5 5 500
6 5 500
7 5 500
8 5 500
;

set Bannlisti := 
;
set Fixlisti := 
1 2 1 
2 2 1 
3 2 1 
4 3 1 
5 3 1 
6 3 1 
7 3 1 
8 3 1 
9 3 1 
10 3 1 
11 3 1 
12 3 1 
13 3 1 
14 3 1 
15 3 1 
16 3 1 
17 3 1 
18 4 1 
19 4 1 
20 4 1 
21 4 1 
22 4 1 
23 4 1 
24 4 1 
25 4 1 
26 4 1 
27 4 1 
28 4 1 
29 4 1 
30 4 1 
31 4 1 
32 4 1 
33 4 1 
34 4 1 
35 5 1 
36 5 1 
37 5 1 
38 5 1 
39 5 1 
40 5 1 
41 5 1 
42 5 1 
43 5 1 
44 5 1 
45 5 1 
46 5 1 
47 5 1 
48 5 1 
49 5 1 
50 5 1 
51 5 1 
52 5 1 
53 5 1 
54 5 1 
55 8 1 
56 8 1 
57 8 1 
58 8 1 
59 5 1 
60 5 1 
61 5 1 
62 5 1 
63 5 1 
64 5 1 
65 5 1 
66 5 1 
67 5 1 
68 7 1 
69 7 1 
70 7 1 
71 7 1 
72 7 1 
73 7 1 
74 3 1 
75 3 1 
76 3 1 
77 3 1 
78 3 1 
79 3 1 
80 7 1 
81 7 1 
82 7 1 
83 7 1 
84 7 1 
85 7 1 
86 7 1 
87 7 1 
88 8 1 
89 8 1 
90 8 1 
91 8 1 
92 8 1 
93 8 1 
94 8 1 
95 8 1 
96 8 1 
97 8 1 
98 7 1 
99 7 1 
100 7 1 
101 7 1 
102 8 1 
103 8 1 
104 8 1 
105 7 1 
106 7 1 
107 7 1 
108 7 1 
109 7 1 
110 7 1 
111 7 1 
112 7 1 
113 8 1 
114 8 1 
115 8 1 
116 8 1 
117 8 1 
118 8 1 
119 8 1 
120 8 1 
121 8 1 
122 8 1 
123 7 1 
124 7 1 
125 7 1 
126 7 1 
127 7 1 
128 7 1 
129 7 1 
130 8 1 
131 8 1 
132 8 1 
133 8 1 
134 8 1 
135 1 1 
136 1 1 
137 1 1 
138 1 1 
139 1 1 
140 1 1 
141 1 1 
142 1 1 
143 1 1 
144 1 1 
145 1 1 
146 1 1 
147 1 2 
148 1 2 
149 1 2 
150 1 2 
151 1 2 
152 1 2 
153 1 2 
154 1 2 
155 1 2 
156 1 2 
157 1 2 
158 1 2 
159 1 2 
160 1 2 
161 1 2 
162 1 2 
163 1 2 
164 1 2 
165 1 2 
166 1 2 
167 1 2 
168 1 2 
169 1 2 
170 1 2 
171 1 2 
172 1 2 
173 1 2 
174 1 2 
175 8 2 
176 8 2 
177 8 2 
178 8 2 
179 8 2 
180 8 2 
181 8 2 
182 8 2 
183 4 2 
184 4 2 
185 8 2 
186 2 2 
187 2 2 
188 2 2 
189 2 2 
190 2 2 
191 2 2 
192 2 2 
193 2 2 
194 2 2 
195 2 2 
196 2 2 
197 2 2 
198 2 2 
199 2 2 
200 2 2 
201 2 2 
202 2 2 
203 2 2 
204 8 2 
205 8 2 
206 8 2 
207 8 2 
208 8 2 
209 2 2 
210 2 2 
211 3 2 
212 3 2 
213 3 2 
214 3 2 
215 3 2 
216 3 2 
217 3 2 
218 3 2 
219 3 2 
220 3 2 
221 3 2 
222 3 2 
223 3 2 
224 3 2 
225 3 2 
226 3 2 
227 3 2 
228 3 2 
229 3 2 
230 3 2 
231 3 2 
232 3 2 
233 3 2 
234 3 2 
235 3 2 
236 3 2 
237 3 2 
238 3 2 
239 3 2 
240 3 2 
241 3 2 
242 3 2 
243 3 2 
244 3 2 
245 3 2 
246 3 2 
247 3 2 
248 3 2 
249 3 2 
250 3 2 
251 3 2 
252 8 2 
253 4 2 
254 5 2 
255 3 2 
256 3 2 
257 3 2 
258 3 2 
259 6 2 
260 6 2 
261 6 2 
262 6 2 
263 6 2 
264 6 2 
265 6 2 
266 6 2 
267 6 2 
268 6 2 
269 6 2 
270 6 2 
271 6 2 
272 6 2 
273 6 2 
274 6 2 
275 6 2 
276 6 2 
277 6 2 
278 6 2 
279 6 2 
280 6 2 
281 6 2 
282 6 2 
283 6 2 
284 6 2 
285 6 2 
286 6 2 
287 6 2 
288 6 2 
289 6 2 
290 6 2 
291 6 2 
292 6 2 
293 6 2 
294 6 2 
295 6 2 
296 6 2 
297 7 2 
298 7 2 
299 8 2 
300 8 2 
301 8 2 
302 8 2 
303 8 2 
304 8 2 
305 7 2 
306 7 2 
307 7 2 
308 7 2 
309 7 2 
310 7 2 
311 7 2 
312 7 2 
313 7 2 
314 7 2 
315 7 2 
316 7 2 
317 7 2 
318 7 2 
319 7 2 
320 7 2 
321 7 2 
322 7 2 
323 7 2 
324 7 2 
325 7 2 
326 7 2 
327 8 2 
328 7 2 
329 7 2 
330 7 2 
331 7 2 
332 7 2 
333 8 2 
334 8 2 
335 7 2 
336 7 2 
337 7 2 
338 7 2 
339 7 2 
340 7 2 
341 7 2 
342 7 2 
343 8 2 
344 8 2 
345 8 2 
346 8 2 
347 8 2 
348 8 2 
349 8 2 
350 8 2 
351 8 2 
352 8 2 
353 8 2 
354 8 2 
355 8 2 
356 8 2 
357 8 2 
358 8 2 
359 8 2 
360 8 2 
361 8 2 
362 8 2 
363 8 2 
364 8 2 
365 8 2 
366 8 2 
367 8 2 
368 8 2 
369 8 2 
370 8 2 
371 8 2 
372 8 2 
373 8 2 
374 8 2 
375 8 2 
376 8 2 
377 5 2 
378 1 2 
379 1 2 
380 1 2 
381 1 2 
382 1 2 
383 1 2 
384 1 2 
385 1 2 
386 1 2 
387 1 2 
388 1 2 
389 1 2 
390 1 2 
391 1 2 
392 1 2 
393 1 2 
394 1 2 
395 1 2 
396 1 3 
397 1 3 
398 1 3 
399 1 3 
400 1 3 
401 1 3 
402 2 3 
403 2 3 
404 2 3 
405 2 3 
406 2 3 
407 7 3 
408 1 3 
409 1 3 
410 8 3 
411 6 3 
412 1 3 
413 8 3 
414 8 3 
415 8 3 
416 8 3 
417 8 3 
418 4 3 
419 3 3 
420 3 3 
421 3 3 
422 3 3 
423 3 3 
424 8 3 
425 8 3 
426 8 3 
427 8 3 
428 7 3 
429 7 3 
430 8 3 
431 8 3 
432 8 3 
433 8 3 
434 8 3 
435 8 3 
436 3 3 
437 3 3 
438 1 3 
439 8 3 
440 8 3 
441 8 3 
442 8 3 
443 8 3 
444 8 3 
445 8 3 
446 8 3 
447 8 3 
448 1 3 
449 1 3 
450 1 3 
451 1 3 
452 1 3 
453 1 3 
454 1 3 
455 1 3 
456 1 3 
457 1 3 
458 1 3 
459 1 3 
460 1 3 
461 1 3 
462 1 3 
463 1 3 
464 1 3 
465 1 3 
466 1 3 
467 1 3 
468 1 3 
469 1 3 
470 1 3 
471 1 3 
472 1 3 
473 1 3 
474 1 3 
475 1 3 
476 1 3 
477 2 4 
478 2 4 
479 8 4 
480 8 4 
481 8 4 
482 8 4 
483 8 4 
484 8 4 
485 8 4 
486 8 4 
487 8 4 
488 8 4 
489 8 4 
490 2 4 
491 2 4 
492 2 4 
493 2 4 
494 2 4 
495 2 4 
496 2 4 
497 2 4 
498 2 4 
499 2 4 
500 2 4 
501 2 4 
502 2 4 
503 2 4 
504 2 4 
505 2 4 
506 2 4 
507 2 4 
508 2 4 
509 2 4 
510 2 4 
511 8 4 
512 8 4 
513 8 4 
514 8 4 
515 8 4 
516 8 4 
517 8 4 
518 8 4 
519 8 4 
520 8 4 
521 8 4 
522 8 4 
523 8 4 
524 8 4 
525 8 4 
526 8 4 
527 8 4 
528 8 4 
529 8 4 
530 8 4 
531 8 4 
532 8 4 
533 4 4 
534 4 4 
535 4 4 
536 4 4 
537 4 4 
538 4 4 
539 4 4 
540 4 4 
541 4 4 
542 3 4 
543 3 4 
544 3 4 
545 3 4 
546 3 4 
547 3 4 
548 3 4 
549 3 4 
550 3 4 
551 4 4 
552 4 4 
553 4 4 
554 4 4 
555 4 4 
556 4 4 
557 4 4 
558 1 4 
559 4 4 
560 4 4 
561 4 4 
562 4 4 
563 4 4 
564 4 4 
565 4 4 
566 4 4 
567 4 4 
568 4 4 
569 4 4 
570 5 4 
571 5 4 
572 3 4 
573 5 4 
574 5 4 
575 5 4 
576 5 4 
577 5 4 
578 5 4 
579 5 4 
580 5 4 
581 5 4 
582 6 4 
583 5 4 
584 7 4 
585 7 4 
586 7 4 
587 7 4 
588 7 4 
589 7 4 
590 7 4 
591 7 4 
592 7 4 
593 8 4 
594 7 4 
595 7 4 
596 7 4 
597 7 4 
598 7 4 
599 7 4 
600 7 4 
601 7 4 
602 7 4 
603 7 4 
604 7 4 
605 8 4 
606 8 4 
607 8 4 
608 8 4 
609 8 4 
610 8 4 
611 8 4 
612 5 4 
613 5 4 
614 8 4 
615 4 4 
616 1 4 
617 4 4 
618 4 4 
619 4 4 
620 8 4 
621 1 4 
622 1 4 
623 1 4 
624 1 4 
625 1 4 
626 1 4 
627 1 4 
628 1 4 
629 1 4 
630 1 4 
631 1 4 
632 1 4 
633 1 4 
634 1 4 
635 1 4 
636 1 4 
637 1 4 
638 1 4 
639 1 4 
640 1 4 
641 1 4 
642 1 4 
643 1 4 
644 3 5 
645 3 5 
646 3 5 
647 3 5 
648 3 5 
649 3 5 
650 3 5 
651 3 5 
652 3 5 
653 3 5 
654 3 5 
655 3 5 
656 3 5 
657 3 5 
658 3 5 
659 3 5 
660 3 5 
661 3 5 
662 3 5 
663 3 5 
664 3 5 
665 3 5 
666 3 5 
667 3 5 
668 3 5 
669 3 5 
670 3 5 
671 3 5 
672 3 5 
673 3 5 
674 3 5 
675 3 5 
676 3 5 
677 3 5 
678 3 5 
679 3 5 
680 3 5 
681 3 5 
682 3 5 
683 3 5 
684 3 5 
685 3 5 
686 8 5 
687 8 5 
688 8 5 
689 8 5 
690 3 5 
691 3 5 
692 3 5 
693 3 5 
694 3 5 
695 4 5 
696 6 5 
697 6 5 
698 6 5 
699 6 5 
700 6 5 
701 6 5 
702 6 5 
703 6 5 
704 6 5 
705 6 5 
706 6 5 
707 6 5 
708 6 5 
709 6 5 
710 6 5 
711 6 5 
712 6 5 
713 6 5 
714 6 5 
715 6 5 
716 6 5 
717 6 5 
718 6 5 
719 6 5 
720 6 5 
721 6 5 
722 6 5 
723 6 5 
724 6 5 
725 6 5 
726 6 5 
727 6 5 
728 6 5 
729 6 5 
730 6 5 
731 4 5 
732 4 5 
733 4 5 
734 8 5 
735 8 5 
736 8 5 
737 8 5 
738 8 5 
739 8 5 
740 8 5 
741 8 5 
742 8 5 
743 7 5 
744 7 5 
745 7 5 
746 7 5 
747 7 5 
748 7 5 
749 7 5 
750 8 5 
751 8 5 
752 8 5 
753 8 5 
754 8 5 
755 8 5 
756 8 5 
757 8 5 
758 8 5 
759 6 5 
760 8 5 
761 8 5 
762 8 5 
763 8 5 
764 8 5 
765 8 5 
766 8 5 
767 8 5 
768 8 5 
769 8 5 
770 8 5 
771 8 5 
772 8 5 
773 8 5 
774 8 5 
775 8 5 
776 8 5 
777 8 5 
778 1 5 
779 1 5 
780 1 5 
781 1 5 
782 1 5 
783 1 5 
784 1 5 
785 1 5 
786 1 5 
787 1 5 
788 1 5 
789 1 5 
790 1 5 
791 1 5 
792 1 5 
793 1 5 
794 1 5 
795 1 5 
796 1 5 
797 1 5 
798 1 5 
799 1 5 
800 1 5 
801 1 5 
802 1 5 
803 1 5 
804 1 5 
805 1 5 
806 1 5 
807 1 5 
808 1 5 
809 1 5 
810 1 5 
811 1 5 
812 1 5 
813 1 5 
814 1 5 
815 1 5 
816 1 5 
817 1 5 
818 1 5 
819 1 5 
;
end;
