param S := 1222;
param T := 8;
param D := 5;
param windowsize := 0;

param A := 
1 15
2 27
3 146
4 72
5 182
6 63
7 84
8 146
9 38
10 64
11 104
12 215
13 141
14 300
15 86
16 106
17 197
18 106
19 39
20 44
21 18
22 44
23 177
24 4
25 9
26 7
27 9
28 44
29 4
30 7
31 2
32 25
33 0
34 17
35 9
36 7
37 3
38 53
39 181
40 396
41 297
42 9
43 177
44 22
45 27
46 107
47 21
48 5
49 64
50 15
51 15
52 11
53 33
54 66
55 354
56 257
57 159
58 88
59 97
60 10
61 4
62 4
63 44
64 53
65 44
66 44
67 53
68 9
69 20
70 68
71 9
72 18
73 13
74 11
75 4
76 44
77 7
78 13
79 4
80 44
81 9
82 0
83 18
84 2
85 2
86 18
87 4
88 0
89 9
90 88
91 22
92 44
93 107
94 36
95 22
96 90
97 18
98 66
99 14
100 7
101 18
102 36
103 18
104 88
105 44
106 107
107 179
108 50
109 4
110 23
111 2
112 0
113 4
114 18
115 8
116 2
117 4
118 4
119 7
120 40
121 7
122 13
123 22
124 265
125 66
126 40
127 90
128 22
129 13
130 18
131 4
132 4
133 31
134 7
135 2
136 5
137 9
138 0
139 2
140 13
141 0
142 3
143 1
144 1
145 12
146 13
147 13
148 16
149 16
150 18
151 11
152 5
153 27
154 4
155 4
156 4
157 9
158 44
159 4
160 4
161 7
162 8
163 229
164 25
165 7
166 122
167 107
168 43
169 8
170 12
171 4
172 27
173 8
174 2
175 14
176 0
177 3
178 8
179 3
180 1
181 20
182 36
183 36
184 3
185 5
186 1
187 7
188 5
189 9
190 115
191 76
192 25
193 4
194 8
195 4
196 4
197 4
198 2
199 22
200 7
201 9
202 5
203 7
204 10
205 7
206 2
207 20
208 10
209 14
210 15
211 14
212 7
213 28
214 14
215 12
216 56
217 28
218 12
219 14
220 4
221 12
222 12
223 48
224 12
225 11
226 4
227 8
228 4
229 0
230 74
231 5
232 65
233 31
234 18
235 1
236 6
237 12
238 6
239 12
240 32
241 32
242 1
243 1
244 3
245 1
246 1
247 1
248 1
249 99
250 1
251 3
252 1
253 13
254 0
255 9
256 2
257 2
258 30
259 15
260 14
261 42
262 15
263 35
264 9
265 17
266 3
267 212
268 22
269 16
270 7
271 36
272 182
273 401
274 61
275 12
276 318
277 107
278 7
279 7
280 13
281 84
282 255
283 146
284 1
285 39
286 6
287 22
288 86
289 9
290 183
291 39
292 60
293 13
294 18
295 44
296 15
297 7
298 4
299 20
300 4
301 8
302 9
303 3
304 61
305 1
306 11
307 13
308 107
309 22
310 13
311 8
312 2
313 5
314 4
315 9
316 5
317 7
318 12
319 16
320 4
321 7
322 23
323 23
324 129
325 80
326 27
327 22
328 30
329 7
330 40
331 9
332 4
333 12
334 28
335 33
336 9
337 40
338 110
339 161
340 80
341 16
342 15
343 222
344 83
345 55
346 110
347 221
348 88
349 179
350 44
351 115
352 221
353 411
354 265
355 90
356 47
357 12
358 4
359 4
360 4
361 7
362 11
363 6
364 36
365 45
366 106
367 1
368 249
369 31
370 107
371 85
372 133
373 114
374 13
375 4
376 62
377 9
378 9
379 6
380 27
381 0
382 27
383 2
384 7
385 33
386 2
387 9
388 7
389 2
390 13
391 15
392 15
393 4
394 4
395 7
396 4
397 4
398 4
399 0
400 5
401 4
402 5
403 5
404 4
405 5
406 6
407 0
408 0
409 5
410 4
411 22
412 15
413 37
414 46
415 12
416 55
417 57
418 18
419 28
420 2
421 17
422 18
423 4
424 9
425 9
426 8
427 18
428 4
429 18
430 14
431 3
432 12
433 1
434 59
435 2
436 10
437 7
438 23
439 7
440 4
441 13
442 44
443 4
444 2
445 8
446 22
447 90
448 35
449 88
450 107
451 13
452 8
453 4
454 4
455 15
456 15
457 11
458 36
459 66
460 13
461 110
462 66
463 51
464 22
465 36
466 22
467 44
468 3
469 21
470 1
471 4
472 8
473 16
474 4
475 7
476 4
477 17
478 9
479 9
480 9
481 83
482 8
483 14
484 9
485 3
486 11
487 10
488 2
489 9
490 4
491 9
492 5
493 14
494 18
495 4
496 86
497 22
498 33
499 11
500 106
501 4
502 15
503 13
504 110
505 11
506 9
507 13
508 122
509 7
510 7
511 3
512 7
513 24
514 130
515 11
516 18
517 7
518 33
519 110
520 7
521 2
522 8
523 14
524 8
525 4
526 4
527 9
528 13
529 14
530 8
531 17
532 14
533 9
534 9
535 12
536 5
537 5
538 9
539 20
540 301
541 219
542 10
543 28
544 259
545 109
546 6
547 36
548 36
549 18
550 5
551 36
552 97
553 9
554 5
555 13
556 134
557 18
558 0
559 4
560 127
561 146
562 91
563 73
564 39
565 36
566 13
567 19
568 9
569 9
570 80
571 1
572 1
573 1
574 1
575 1
576 1
577 2
578 1
579 12
580 106
581 64
582 65
583 52
584 106
585 222
586 107
587 86
588 88
589 106
590 3
591 9
592 2
593 2
594 2
595 1
596 1
597 1
598 1
599 1
600 3
601 24
602 24
603 11
604 7
605 133
606 127
607 5
608 44
609 18
610 21
611 14
612 5
613 5
614 20
615 22
616 9
617 2
618 7
619 27
620 3
621 13
622 27
623 21
624 13
625 13
626 0
627 11
628 27
629 27
630 4
631 4
632 9
633 2
634 7
635 4
636 43
637 5
638 28
639 47
640 52
641 5
642 152
643 51
644 84
645 51
646 51
647 4
648 22
649 44
650 0
651 43
652 13
653 106
654 79
655 18
656 42
657 134
658 106
659 474
660 177
661 62
662 66
663 221
664 60
665 54
666 18
667 14
668 7
669 1
670 3
671 18
672 2
673 6
674 21
675 4
676 6
677 8
678 17
679 62
680 26
681 5
682 3
683 47
684 5
685 12
686 5
687 8
688 8
689 18
690 8
691 10
692 10
693 18
694 5
695 10
696 6
697 24
698 6
699 36
700 24
701 52
702 398
703 318
704 106
705 106
706 88
707 442
708 537
709 86
710 371
711 284
712 111
713 34
714 44
715 52
716 166
717 83
718 221
719 106
720 88
721 66
722 244
723 75
724 177
725 143
726 88
727 177
728 44
729 186
730 9
731 40
732 3
733 20
734 12
735 9
736 4
737 19
738 4
739 12
740 96
741 25
742 22
743 22
744 129
745 9
746 22
747 80
748 177
749 9
750 35
751 2
752 3
753 7
754 1
755 8
756 4
757 12
758 9
759 44
760 60
761 22
762 4
763 4
764 0
765 8
766 13
767 94
768 86
769 27
770 64
771 7
772 7
773 4
774 5
775 1
776 1
777 1
778 2
779 13
780 9
781 66
782 121
783 16
784 2
785 4
786 2
787 2
788 2
789 15
790 80
791 133
792 193
793 36
794 18
795 22
796 107
797 320
798 26
799 7
800 7
801 9
802 9
803 27
804 9
805 66
806 4
807 4
808 2
809 7
810 2
811 15
812 4
813 2
814 18
815 9
816 2
817 4
818 2
819 3
820 259
821 37
822 5
823 51
824 179
825 22
826 4
827 215
828 51
829 18
830 55
831 8
832 13
833 9
834 4
835 2
836 9
837 18
838 4
839 2
840 22
841 22
842 27
843 62
844 34
845 44
846 36
847 22
848 22
849 22
850 35
851 221
852 137
853 231
854 62
855 333
856 150
857 86
858 0
859 4
860 4
861 4
862 4
863 6
864 4
865 4
866 9
867 5
868 7
869 9
870 2
871 9
872 2
873 9
874 4
875 7
876 4
877 20
878 117
879 0
880 13
881 86
882 318
883 398
884 110
885 40
886 1
887 38
888 27
889 53
890 1
891 1
892 1
893 1
894 1
895 26
896 9
897 84
898 26
899 36
900 133
901 20
902 7
903 51
904 7
905 18
906 22
907 35
908 13
909 7
910 7
911 7
912 4
913 106
914 53
915 4
916 9
917 8
918 22
919 33
920 27
921 11
922 4
923 9
924 49
925 7
926 9
927 7
928 4
929 4
930 2
931 4
932 4
933 13
934 6
935 86
936 24
937 20
938 183
939 9
940 11
941 4
942 13
943 4
944 1
945 12
946 16
947 0
948 0
949 0
950 0
951 0
952 0
953 0
954 0
955 8
956 15
957 2
958 0
959 4
960 2
961 4
962 6
963 6
964 8
965 9
966 32
967 4
968 0
969 0
970 3
971 7
972 2
973 16
974 2
975 4
976 5
977 16
978 7
979 20
980 2
981 4
982 13
983 9
984 13
985 4
986 61
987 61
988 9
989 1
990 4
991 2
992 9
993 4
994 24
995 9
996 226
997 146
998 109
999 134
1000 36
1001 5
1002 156
1003 125
1004 12
1005 25
1006 18
1007 91
1008 5
1009 75
1010 97
1011 12
1012 61
1013 4
1014 96
1015 52
1016 109
1017 5
1018 140
1019 146
1020 16
1021 2
1022 5
1023 2
1024 11
1025 4
1026 2
1027 9
1028 14
1029 2
1030 2
1031 4
1032 2
1033 8
1034 106
1035 86
1036 22
1037 22
1038 18
1039 88
1040 20
1041 12
1042 12
1043 12
1044 134
1045 9
1046 12
1047 14
1048 1
1049 3
1050 72
1051 215
1052 265
1053 88
1054 86
1055 47
1056 386
1057 94
1058 37
1059 10
1060 9
1061 6
1062 6
1063 2
1064 9
1065 1
1066 133
1067 3
1068 11
1069 159
1070 107
1071 84
1072 166
1073 27
1074 160
1075 110
1076 30
1077 141
1078 75
1079 93
1080 32
1081 12
1082 8
1083 6
1084 9
1085 9
1086 22
1087 2
1088 22
1089 16
1090 0
1091 25
1092 100
1093 24
1094 66
1095 135
1096 152
1097 23
1098 21
1099 18
1100 36
1101 27
1102 44
1103 53
1104 5
1105 7
1106 2
1107 13
1108 27
1109 22
1110 13
1111 27
1112 9
1113 27
1114 12
1115 4
1116 11
1117 2
1118 15
1119 9
1120 76
1121 22
1122 42
1123 28
1124 9
1125 14
1126 9
1127 33
1128 14
1129 5
1130 31
1131 22
1132 20
1133 2
1134 8
1135 81
1136 1
1137 2
1138 11
1139 9
1140 54
1141 2
1142 157
1143 8
1144 8
1145 61
1146 11
1147 27
1148 27
1149 27
1150 10
1151 96
1152 9
1153 13
1154 14
1155 33
1156 7
1157 16
1158 46
1159 7
1160 4
1161 36
1162 9
1163 9
1164 2
1165 9
1166 27
1167 161
1168 99
1169 1
1170 5
1171 2
1172 1
1173 9
1174 12
1175 5
1176 5
1177 2
1178 2
1179 14
1180 12
1181 40
1182 9
1183 18
1184 7
1185 7
1186 9
1187 9
1188 4
1189 4
1190 2
1191 0
1192 6
1193 77
1194 77
1195 44
1196 55
1197 113
1198 4
1199 2
1200 5
1201 28
1202 17
1203 150
1204 182
1205 150
1206 219
1207 12
1208 50
1209 201
1210 21
1211 96
1212 81
1213 24
1214 24
1215 35
1216 128
1217 146
1218 25
1219 164
1220 5
1221 100
1222 17
;

param Ttarget := 
1 1 1000
2 1 1000
3 1 1000
4 1 1000
5 1 500
6 1 500
7 1 500
8 1 500
1 2 1000
2 2 1000
3 2 1000
4 2 1000
5 2 500
6 2 500
7 2 500
8 2 500
1 3 1000
2 3 1000
3 3 1000
4 3 1000
5 3 500
6 3 500
7 3 500
8 3 500
1 4 1000
2 4 1000
3 4 1000
4 4 1000
5 4 500
6 4 500
7 4 500
8 4 500
1 5 1000
2 5 1000
3 5 1000
4 5 1000
5 5 500
6 5 500
7 5 500
8 5 500
;

set Bannlisti := 
;
set Fixlisti := 
1 8 1 
2 2 1 
3 2 1 
4 2 1 
5 2 1 
6 2 1 
7 2 1 
8 2 1 
9 3 1 
10 3 1 
11 3 1 
12 3 1 
13 3 1 
14 3 1 
15 3 1 
16 3 1 
17 3 1 
18 3 1 
19 3 1 
20 3 1 
21 3 1 
22 3 1 
23 3 1 
24 3 1 
25 3 1 
26 3 1 
27 3 1 
28 3 1 
29 3 1 
30 3 1 
31 3 1 
32 3 1 
33 3 1 
34 3 1 
35 3 1 
36 3 1 
37 3 1 
38 3 1 
39 3 1 
40 3 1 
41 3 1 
42 3 1 
43 3 1 
44 3 1 
45 3 1 
46 3 1 
47 3 1 
48 3 1 
49 3 1 
50 3 1 
51 3 1 
52 3 1 
53 3 1 
54 3 1 
55 3 1 
56 3 1 
57 3 1 
58 3 1 
59 1 1 
60 4 1 
61 8 1 
62 8 1 
63 5 1 
64 5 1 
65 5 1 
66 5 1 
67 5 1 
68 5 1 
69 5 1 
70 5 1 
71 5 1 
72 5 1 
73 5 1 
74 5 1 
75 5 1 
76 5 1 
77 5 1 
78 5 1 
79 5 1 
80 5 1 
81 5 1 
82 5 1 
83 5 1 
84 5 1 
85 5 1 
86 5 1 
87 5 1 
88 5 1 
89 5 1 
90 5 1 
91 5 1 
92 5 1 
93 5 1 
94 5 1 
95 5 1 
96 5 1 
97 5 1 
98 5 1 
99 5 1 
100 5 1 
101 5 1 
102 5 1 
103 5 1 
104 5 1 
105 5 1 
106 5 1 
107 5 1 
108 5 1 
109 5 1 
110 5 1 
111 5 1 
112 5 1 
113 5 1 
114 5 1 
115 5 1 
116 5 1 
117 5 1 
118 5 1 
119 5 1 
120 5 1 
121 5 1 
122 5 1 
123 5 1 
124 5 1 
125 5 1 
126 5 1 
127 5 1 
128 5 1 
129 5 1 
130 5 1 
131 5 1 
132 5 1 
133 5 1 
134 7 1 
135 7 1 
136 7 1 
137 5 1 
138 5 1 
139 8 1 
140 8 1 
141 8 1 
142 8 1 
143 8 1 
144 8 1 
145 8 1 
146 8 1 
147 8 1 
148 8 1 
149 8 1 
150 8 1 
151 8 1 
152 8 1 
153 8 1 
154 8 1 
155 8 1 
156 8 1 
157 8 1 
158 8 1 
159 8 1 
160 8 1 
161 8 1 
162 8 1 
163 7 1 
164 7 1 
165 7 1 
166 7 1 
167 7 1 
168 7 1 
169 7 1 
170 7 1 
171 7 1 
172 7 1 
173 7 1 
174 7 1 
175 7 1 
176 7 1 
177 7 1 
178 7 1 
179 7 1 
180 7 1 
181 7 1 
182 7 1 
183 7 1 
184 8 1 
185 8 1 
186 8 1 
187 8 1 
188 8 1 
189 8 1 
190 7 1 
191 7 1 
192 7 1 
193 7 1 
194 8 1 
195 8 1 
196 8 1 
197 8 1 
198 8 1 
199 7 1 
200 7 1 
201 7 1 
202 7 1 
203 7 1 
204 7 1 
205 7 1 
206 8 1 
207 7 1 
208 7 1 
209 7 1 
210 8 1 
211 8 1 
212 8 1 
213 8 1 
214 8 1 
215 8 1 
216 8 1 
217 8 1 
218 8 1 
219 8 1 
220 8 1 
221 3 1 
222 3 1 
223 3 1 
224 3 1 
225 3 1 
226 3 1 
227 3 1 
228 3 1 
229 8 1 
230 8 1 
231 8 1 
232 8 1 
233 7 1 
234 7 1 
235 7 1 
236 7 1 
237 7 1 
238 7 1 
239 7 1 
240 7 1 
241 7 1 
242 7 1 
243 7 1 
244 7 1 
245 7 1 
246 7 1 
247 7 1 
248 7 1 
249 6 1 
250 2 1 
251 8 1 
252 2 1 
253 1 1 
254 1 1 
255 1 1 
256 3 1 
257 3 1 
258 7 1 
259 1 1 
260 1 1 
261 1 1 
262 1 1 
263 1 1 
264 1 1 
265 1 1 
266 1 1 
267 1 1 
268 1 1 
269 1 1 
270 1 2 
271 1 2 
272 1 2 
273 1 2 
274 1 2 
275 1 2 
276 1 2 
277 1 2 
278 1 2 
279 1 2 
280 1 2 
281 2 2 
282 2 2 
283 2 2 
284 8 2 
285 8 2 
286 8 2 
287 8 2 
288 8 2 
289 8 2 
290 8 2 
291 8 2 
292 8 2 
293 8 2 
294 8 2 
295 8 2 
296 8 2 
297 8 2 
298 8 2 
299 8 2 
300 8 2 
301 8 2 
302 8 2 
303 8 2 
304 8 2 
305 8 2 
306 8 2 
307 8 2 
308 8 2 
309 8 2 
310 8 2 
311 8 2 
312 8 2 
313 8 2 
314 8 2 
315 8 2 
316 8 2 
317 8 2 
318 4 2 
319 4 2 
320 3 2 
321 4 2 
322 4 2 
323 4 2 
324 4 2 
325 4 2 
326 4 2 
327 4 2 
328 4 2 
329 4 2 
330 4 2 
331 4 2 
332 4 2 
333 3 2 
334 3 2 
335 3 2 
336 3 2 
337 3 2 
338 3 2 
339 3 2 
340 3 2 
341 3 2 
342 3 2 
343 6 2 
344 6 2 
345 6 2 
346 6 2 
347 6 2 
348 6 2 
349 6 2 
350 6 2 
351 6 2 
352 6 2 
353 6 2 
354 6 2 
355 6 2 
356 6 2 
357 6 2 
358 6 2 
359 6 2 
360 6 2 
361 6 2 
362 8 2 
363 8 2 
364 6 2 
365 6 2 
366 6 2 
367 6 2 
368 6 2 
369 6 2 
370 6 2 
371 6 2 
372 6 2 
373 6 2 
374 6 2 
375 6 2 
376 6 2 
377 6 2 
378 6 2 
379 6 2 
380 6 2 
381 6 2 
382 6 2 
383 3 2 
384 6 2 
385 6 2 
386 6 2 
387 6 2 
388 5 2 
389 8 2 
390 3 2 
391 1 2 
392 6 2 
393 7 2 
394 1 2 
395 1 2 
396 5 2 
397 1 2 
398 6 2 
399 6 2 
400 5 2 
401 8 2 
402 4 2 
403 4 2 
404 5 2 
405 1 2 
406 3 2 
407 8 2 
408 8 2 
409 8 2 
410 8 2 
411 8 2 
412 8 2 
413 7 2 
414 7 2 
415 7 2 
416 7 2 
417 7 2 
418 7 2 
419 7 2 
420 7 2 
421 7 2 
422 7 2 
423 7 2 
424 7 2 
425 7 2 
426 7 2 
427 7 2 
428 7 2 
429 7 2 
430 7 2 
431 7 2 
432 7 2 
433 7 2 
434 7 2 
435 7 2 
436 7 2 
437 7 2 
438 7 2 
439 7 2 
440 7 2 
441 7 2 
442 7 2 
443 7 2 
444 7 2 
445 7 2 
446 7 2 
447 7 2 
448 7 2 
449 7 2 
450 7 2 
451 7 2 
452 7 2 
453 7 2 
454 7 2 
455 8 2 
456 8 2 
457 8 2 
458 5 2 
459 5 2 
460 5 2 
461 5 2 
462 5 2 
463 5 2 
464 5 2 
465 5 2 
466 5 2 
467 5 2 
468 8 2 
469 8 2 
470 8 2 
471 8 2 
472 8 2 
473 7 2 
474 7 2 
475 7 2 
476 7 2 
477 7 2 
478 7 2 
479 7 2 
480 7 2 
481 7 2 
482 7 2 
483 7 2 
484 7 2 
485 7 2 
486 7 2 
487 7 2 
488 7 2 
489 7 2 
490 7 2 
491 7 2 
492 7 2 
493 7 2 
494 7 2 
495 7 2 
496 7 2 
497 7 2 
498 7 2 
499 7 2 
500 7 2 
501 7 2 
502 7 2 
503 7 2 
504 7 2 
505 5 2 
506 5 2 
507 5 2 
508 8 2 
509 8 2 
510 8 2 
511 8 2 
512 8 2 
513 8 2 
514 7 2 
515 8 2 
516 8 2 
517 8 2 
518 8 2 
519 8 2 
520 8 2 
521 8 2 
522 7 2 
523 8 2 
524 7 2 
525 7 2 
526 7 2 
527 7 2 
528 7 2 
529 7 2 
530 7 2 
531 6 2 
532 8 2 
533 8 2 
534 8 2 
535 8 2 
536 8 2 
537 8 2 
538 8 2 
539 3 2 
540 1 2 
541 1 2 
542 1 2 
543 1 2 
544 1 2 
545 1 2 
546 1 2 
547 1 2 
548 1 2 
549 1 2 
550 1 2 
551 1 2 
552 1 2 
553 1 2 
554 1 2 
555 1 3 
556 1 3 
557 1 3 
558 1 3 
559 7 3 
560 2 3 
561 2 3 
562 2 3 
563 2 3 
564 2 3 
565 2 3 
566 4 3 
567 2 3 
568 2 3 
569 2 3 
570 7 3 
571 8 3 
572 8 3 
573 8 3 
574 8 3 
575 8 3 
576 8 3 
577 8 3 
578 8 3 
579 3 3 
580 3 3 
581 3 3 
582 3 3 
583 3 3 
584 3 3 
585 3 3 
586 3 3 
587 3 3 
588 3 3 
589 3 3 
590 7 3 
591 7 3 
592 3 3 
593 1 3 
594 8 3 
595 8 3 
596 8 3 
597 8 3 
598 8 3 
599 8 3 
600 2 3 
601 8 3 
602 8 3 
603 8 3 
604 8 3 
605 5 3 
606 8 3 
607 8 3 
608 8 3 
609 8 3 
610 8 3 
611 8 3 
612 8 3 
613 7 3 
614 3 3 
615 3 3 
616 5 3 
617 8 3 
618 8 3 
619 8 3 
620 8 3 
621 8 3 
622 8 3 
623 8 3 
624 8 3 
625 8 3 
626 8 3 
627 8 3 
628 8 3 
629 8 3 
630 5 3 
631 5 3 
632 7 3 
633 6 3 
634 3 3 
635 1 4 
636 2 4 
637 1 4 
638 1 4 
639 1 4 
640 1 4 
641 1 4 
642 1 4 
643 1 4 
644 1 4 
645 1 4 
646 1 4 
647 1 4 
648 1 4 
649 1 4 
650 1 4 
651 2 4 
652 2 4 
653 2 4 
654 2 4 
655 2 4 
656 2 4 
657 2 4 
658 2 4 
659 2 4 
660 2 4 
661 2 4 
662 2 4 
663 2 4 
664 2 4 
665 8 4 
666 8 4 
667 8 4 
668 8 4 
669 8 4 
670 8 4 
671 8 4 
672 8 4 
673 8 4 
674 8 4 
675 8 4 
676 8 4 
677 2 4 
678 2 4 
679 2 4 
680 2 4 
681 2 4 
682 2 4 
683 2 4 
684 8 4 
685 8 4 
686 8 4 
687 8 4 
688 8 4 
689 8 4 
690 8 4 
691 8 4 
692 8 4 
693 8 4 
694 8 4 
695 8 4 
696 8 4 
697 8 4 
698 8 4 
699 8 4 
700 8 4 
701 3 4 
702 3 4 
703 3 4 
704 3 4 
705 3 4 
706 3 4 
707 3 4 
708 3 4 
709 3 4 
710 3 4 
711 3 4 
712 3 4 
713 3 4 
714 3 4 
715 3 4 
716 3 4 
717 3 4 
718 3 4 
719 3 4 
720 3 4 
721 3 4 
722 3 4 
723 3 4 
724 3 4 
725 3 4 
726 3 4 
727 3 4 
728 3 4 
729 3 4 
730 3 4 
731 3 4 
732 3 4 
733 3 4 
734 3 4 
735 3 4 
736 3 4 
737 3 4 
738 3 4 
739 3 4 
740 3 4 
741 3 4 
742 3 4 
743 3 4 
744 3 4 
745 3 4 
746 3 4 
747 3 4 
748 3 4 
749 3 4 
750 3 4 
751 3 4 
752 3 4 
753 3 4 
754 3 4 
755 3 4 
756 3 4 
757 4 4 
758 3 4 
759 3 4 
760 3 4 
761 3 4 
762 3 4 
763 3 4 
764 3 4 
765 3 4 
766 3 4 
767 3 4 
768 8 4 
769 8 4 
770 8 4 
771 8 4 
772 8 4 
773 8 4 
774 8 4 
775 8 4 
776 8 4 
777 8 4 
778 8 4 
779 8 4 
780 8 4 
781 8 4 
782 8 4 
783 8 4 
784 8 4 
785 8 4 
786 8 4 
787 8 4 
788 8 4 
789 8 4 
790 8 4 
791 8 4 
792 8 4 
793 8 4 
794 8 4 
795 8 4 
796 8 4 
797 8 4 
798 8 4 
799 8 4 
800 8 4 
801 8 4 
802 8 4 
803 8 4 
804 8 4 
805 8 4 
806 8 4 
807 8 4 
808 8 4 
809 8 4 
810 8 4 
811 8 4 
812 8 4 
813 8 4 
814 8 4 
815 8 4 
816 8 4 
817 8 4 
818 8 4 
819 8 4 
820 4 4 
821 5 4 
822 5 4 
823 5 4 
824 5 4 
825 5 4 
826 5 4 
827 5 4 
828 5 4 
829 5 4 
830 5 4 
831 5 4 
832 5 4 
833 5 4 
834 5 4 
835 5 4 
836 5 4 
837 5 4 
838 5 4 
839 5 4 
840 5 4 
841 5 4 
842 5 4 
843 5 4 
844 5 4 
845 5 4 
846 5 4 
847 5 4 
848 5 4 
849 5 4 
850 5 4 
851 6 4 
852 6 4 
853 6 4 
854 6 4 
855 6 4 
856 6 4 
857 6 4 
858 5 4 
859 5 4 
860 5 4 
861 5 4 
862 5 4 
863 5 4 
864 5 4 
865 5 4 
866 5 4 
867 6 4 
868 5 4 
869 5 4 
870 5 4 
871 5 4 
872 5 4 
873 5 4 
874 5 4 
875 5 4 
876 5 4 
877 6 4 
878 6 4 
879 6 4 
880 6 4 
881 6 4 
882 6 4 
883 6 4 
884 6 4 
885 6 4 
886 6 4 
887 6 4 
888 6 4 
889 6 4 
890 8 4 
891 8 4 
892 8 4 
893 8 4 
894 8 4 
895 7 4 
896 7 4 
897 7 4 
898 7 4 
899 7 4 
900 7 4 
901 8 4 
902 7 4 
903 5 4 
904 5 4 
905 5 4 
906 8 4 
907 8 4 
908 8 4 
909 8 4 
910 8 4 
911 8 4 
912 8 4 
913 8 4 
914 8 4 
915 8 4 
916 8 4 
917 8 4 
918 7 4 
919 7 4 
920 7 4 
921 7 4 
922 7 4 
923 8 4 
924 8 4 
925 8 4 
926 8 4 
927 8 4 
928 8 4 
929 8 4 
930 8 4 
931 8 4 
932 8 4 
933 7 4 
934 7 4 
935 7 4 
936 8 4 
937 8 4 
938 8 4 
939 8 4 
940 8 4 
941 8 4 
942 8 4 
943 8 4 
944 8 4 
945 8 4 
946 8 4 
947 8 4 
948 8 4 
949 8 4 
950 8 4 
951 8 4 
952 8 4 
953 8 4 
954 8 4 
955 8 4 
956 8 4 
957 8 4 
958 8 4 
959 8 4 
960 8 4 
961 8 4 
962 8 4 
963 8 4 
964 8 4 
965 8 4 
966 8 4 
967 8 4 
968 8 4 
969 8 4 
970 8 4 
971 8 4 
972 8 4 
973 8 4 
974 8 4 
975 8 4 
976 8 4 
977 8 4 
978 8 4 
979 8 4 
980 8 4 
981 8 4 
982 8 4 
983 8 4 
984 8 4 
985 7 4 
986 8 4 
987 8 4 
988 8 4 
989 8 4 
990 8 4 
991 8 4 
992 8 4 
993 1 4 
994 1 4 
995 1 4 
996 1 4 
997 1 4 
998 1 4 
999 1 4 
1000 1 4 
1001 1 4 
1002 1 4 
1003 1 4 
1004 1 4 
1005 1 4 
1006 1 4 
1007 1 4 
1008 1 4 
1009 1 4 
1010 1 4 
1011 1 4 
1012 1 4 
1013 8 5 
1014 2 5 
1015 2 5 
1016 2 5 
1017 2 5 
1018 2 5 
1019 2 5 
1020 8 5 
1021 8 5 
1022 8 5 
1023 6 5 
1024 8 5 
1025 7 5 
1026 1 5 
1027 7 5 
1028 7 5 
1029 6 5 
1030 3 5 
1031 4 5 
1032 7 5 
1033 7 5 
1034 4 5 
1035 4 5 
1036 4 5 
1037 4 5 
1038 4 5 
1039 4 5 
1040 4 5 
1041 4 5 
1042 4 5 
1043 4 5 
1044 4 5 
1045 4 5 
1046 4 5 
1047 4 5 
1048 4 5 
1049 7 5 
1050 6 5 
1051 6 5 
1052 6 5 
1053 6 5 
1054 6 5 
1055 6 5 
1056 6 5 
1057 6 5 
1058 6 5 
1059 6 5 
1060 6 5 
1061 6 5 
1062 6 5 
1063 6 5 
1064 6 5 
1065 6 5 
1066 6 5 
1067 8 5 
1068 6 5 
1069 6 5 
1070 6 5 
1071 6 5 
1072 6 5 
1073 6 5 
1074 6 5 
1075 6 5 
1076 6 5 
1077 6 5 
1078 6 5 
1079 6 5 
1080 7 5 
1081 7 5 
1082 7 5 
1083 7 5 
1084 7 5 
1085 7 5 
1086 7 5 
1087 7 5 
1088 7 5 
1089 7 5 
1090 7 5 
1091 7 5 
1092 7 5 
1093 7 5 
1094 7 5 
1095 7 5 
1096 7 5 
1097 7 5 
1098 7 5 
1099 7 5 
1100 7 5 
1101 7 5 
1102 7 5 
1103 8 5 
1104 8 5 
1105 8 5 
1106 8 5 
1107 7 5 
1108 7 5 
1109 8 5 
1110 8 5 
1111 8 5 
1112 8 5 
1113 8 5 
1114 8 5 
1115 8 5 
1116 8 5 
1117 8 5 
1118 7 5 
1119 7 5 
1120 7 5 
1121 7 5 
1122 7 5 
1123 7 5 
1124 7 5 
1125 7 5 
1126 7 5 
1127 8 5 
1128 8 5 
1129 8 5 
1130 8 5 
1131 8 5 
1132 8 5 
1133 7 5 
1134 8 5 
1135 8 5 
1136 8 5 
1137 7 5 
1138 8 5 
1139 8 5 
1140 8 5 
1141 7 5 
1142 8 5 
1143 8 5 
1144 8 5 
1145 8 5 
1146 8 5 
1147 8 5 
1148 8 5 
1149 8 5 
1150 8 5 
1151 8 5 
1152 8 5 
1153 8 5 
1154 8 5 
1155 8 5 
1156 8 5 
1157 8 5 
1158 8 5 
1159 8 5 
1160 8 5 
1161 8 5 
1162 8 5 
1163 8 5 
1164 8 5 
1165 8 5 
1166 8 5 
1167 8 5 
1168 8 5 
1169 8 5 
1170 8 5 
1171 8 5 
1172 8 5 
1173 8 5 
1174 8 5 
1175 8 5 
1176 8 5 
1177 8 5 
1178 8 5 
1179 8 5 
1180 8 5 
1181 8 5 
1182 8 5 
1183 8 5 
1184 8 5 
1185 8 5 
1186 8 5 
1187 8 5 
1188 8 5 
1189 8 5 
1190 5 5 
1191 5 5 
1192 8 5 
1193 8 5 
1194 8 5 
1195 8 5 
1196 8 5 
1197 8 5 
1198 8 5 
1199 8 5 
1200 1 5 
1201 1 5 
1202 1 5 
1203 1 5 
1204 1 5 
1205 1 5 
1206 1 5 
1207 1 5 
1208 1 5 
1209 1 5 
1210 1 5 
1211 1 5 
1212 1 5 
1213 1 5 
1214 1 5 
1215 1 5 
1216 1 5 
1217 1 5 
1218 1 5 
1219 1 5 
1220 1 5 
1221 1 5 
1222 1 5 
;
end;
