param S := 695;
param T := 8;
param D := 5;
param windowsize := 0;

param A := 
1 71
2 46
3 74
4 11
5 34
6 44
7 9
8 143
9 11
10 64
11 106
12 104
13 141
14 150
15 150
16 2
17 98
18 133
19 0
20 11
21 22
22 44
23 31
24 4
25 23
26 17
27 4
28 12
29 17
30 9
31 4
32 16
33 7
34 17
35 12
36 4
37 12
38 4
39 9
40 5
41 9
42 14
43 2
44 2
45 18
46 172
47 34
48 9
49 27
50 44
51 19
52 38
53 106
54 6
55 6
56 5
57 9
58 4
59 6
60 44
61 10
62 58
63 4
64 4
65 133
66 265
67 106
68 179
69 133
70 133
71 110
72 265
73 88
74 52
75 42
76 221
77 107
78 38
79 55
80 55
81 13
82 46
83 18
84 21
85 29
86 27
87 44
88 75
89 110
90 18
91 4
92 7
93 4
94 4
95 4
96 22
97 7
98 2
99 62
100 12
101 13
102 13
103 12
104 4
105 4
106 20
107 4
108 2
109 1
110 6
111 6
112 1
113 12
114 4
115 34
116 44
117 11
118 18
119 7
120 23
121 7
122 27
123 44
124 4
125 4
126 24
127 9
128 24
129 2
130 55
131 4
132 14
133 8
134 3
135 134
136 12
137 9
138 17
139 50
140 25
141 75
142 12
143 25
144 12
145 4
146 7
147 8
148 27
149 38
150 107
151 133
152 96
153 13
154 4
155 18
156 8
157 91
158 36
159 73
160 36
161 55
162 73
163 14
164 55
165 85
166 19
167 168
168 134
169 64
170 133
171 33
172 18
173 99
174 221
175 44
176 1
177 2
178 0
179 1
180 9
181 2
182 14
183 4
184 9
185 17
186 36
187 0
188 36
189 80
190 186
191 31
192 24
193 10
194 10
195 27
196 6
197 14
198 4
199 4
200 4
201 20
202 158
203 44
204 55
205 7
206 4
207 1
208 1
209 60
210 4
211 2
212 7
213 4
214 12
215 43
216 52
217 24
218 19
219 24
220 24
221 12
222 7
223 81
224 22
225 106
226 133
227 86
228 60
229 13
230 9
231 4
232 32
233 265
234 13
235 13
236 7
237 4
238 5
239 7
240 45
241 7
242 215
243 179
244 60
245 72
246 7
247 4
248 11
249 4
250 32
251 5
252 12
253 2
254 4
255 2
256 7
257 4
258 2
259 48
260 9
261 13
262 7
263 22
264 9
265 14
266 5
267 9
268 27
269 14
270 7
271 9
272 27
273 9
274 5
275 15
276 5
277 13
278 7
279 44
280 7
281 51
282 27
283 2
284 7
285 61
286 4
287 9
288 126
289 42
290 46
291 18
292 18
293 57
294 88
295 22
296 12
297 2
298 28
299 28
300 7
301 7
302 3
303 7
304 48
305 48
306 12
307 6
308 1
309 12
310 2
311 4
312 4
313 11
314 2
315 4
316 9
317 4
318 12
319 68
320 5
321 1
322 5
323 12
324 7
325 4
326 1
327 6
328 5
329 127
330 9
331 2
332 2
333 4
334 2
335 55
336 55
337 36
338 36
339 75
340 12
341 25
342 50
343 97
344 12
345 5
346 81
347 40
348 106
349 79
350 52
351 101
352 40
353 59
354 37
355 14
356 18
357 61
358 5
359 61
360 28
361 61
362 14
363 12
364 134
365 5
366 5
367 5
368 5
369 122
370 5
371 73
372 2
373 23
374 32
375 13
376 73
377 5
378 2
379 4
380 5
381 22
382 27
383 44
384 88
385 65
386 88
387 40
388 13
389 4
390 4
391 169
392 84
393 48
394 190
395 19
396 5
397 63
398 63
399 73
400 63
401 51
402 36
403 5
404 61
405 5
406 24
407 112
408 267
409 154
410 2
411 265
412 21
413 7
414 2
415 8
416 146
417 104
418 42
419 107
420 80
421 86
422 122
423 358
424 86
425 71
426 23
427 36
428 11
429 44
430 53
431 7
432 55
433 177
434 4
435 26
436 6
437 16
438 16
439 22
440 44
441 22
442 14
443 22
444 20
445 44
446 13
447 12
448 44
449 13
450 11
451 4
452 18
453 121
454 13
455 24
456 88
457 320
458 107
459 18
460 36
461 64
462 14
463 9
464 19
465 7
466 9
467 24
468 9
469 19
470 40
471 0
472 35
473 22
474 36
475 15
476 5
477 221
478 36
479 123
480 86
481 185
482 106
483 86
484 86
485 179
486 5
487 9
488 6
489 6
490 5
491 6
492 14
493 157
494 65
495 36
496 221
497 141
498 0
499 55
500 54
501 28
502 106
503 133
504 265
505 64
506 2
507 9
508 27
509 18
510 8
511 6
512 18
513 333
514 44
515 22
516 125
517 113
518 53
519 27
520 23
521 55
522 76
523 249
524 68
525 42
526 28
527 53
528 7
529 5
530 35
531 8
532 4
533 4
534 4
535 2
536 46
537 18
538 19
539 139
540 72
541 0
542 9
543 0
544 9
545 2
546 9
547 4
548 15
549 26
550 9
551 35
552 7
553 17
554 17
555 0
556 30
557 15
558 61
559 45
560 1
561 6
562 24
563 1
564 9
565 4
566 1
567 0
568 1
569 3
570 8
571 30
572 5
573 3
574 4
575 8
576 7
577 5
578 0
579 1
580 1
581 4
582 2
583 133
584 106
585 50
586 25
587 25
588 9
589 0
590 17
591 47
592 152
593 219
594 47
595 52
596 79
597 48
598 81
599 96
600 124
601 0
602 73
603 55
604 55
605 75
606 109
607 146
608 26
609 128
610 36
611 474
612 80
613 4
614 2
615 120
616 54
617 76
618 4
619 7
620 7
621 5
622 2
623 4
624 5
625 2
626 4
627 76
628 6
629 35
630 27
631 25
632 38
633 4
634 9
635 5
636 106
637 64
638 222
639 107
640 265
641 88
642 106
643 106
644 133
645 29
646 4
647 11
648 1
649 1
650 28
651 32
652 6
653 3
654 9
655 9
656 12
657 33
658 32
659 9
660 7
661 13
662 18
663 15
664 6
665 1
666 1
667 40
668 42
669 51
670 26
671 5
672 134
673 12
674 3
675 109
676 73
677 11
678 10
679 5
680 5
681 73
682 73
683 73
684 109
685 146
686 6
687 5
688 10
689 10
690 4
691 10
692 18
693 6
694 18
695 14
;

param Ttarget := 
1 1 1000
2 1 1000
3 1 1000
4 1 1000
5 1 500
6 1 500
7 1 500
8 1 500
1 2 1000
2 2 1000
3 2 1000
4 2 1000
5 2 500
6 2 500
7 2 500
8 2 500
1 3 1000
2 3 1000
3 3 1000
4 3 1000
5 3 500
6 3 500
7 3 500
8 3 500
1 4 1000
2 4 1000
3 4 1000
4 4 1000
5 4 500
6 4 500
7 4 500
8 4 500
1 5 1000
2 5 1000
3 5 1000
4 5 1000
5 5 500
6 5 500
7 5 500
8 5 500
;

set Bannlisti := 
;
set Fixlisti := 
1 3 1 
2 3 1 
3 3 1 
4 3 1 
5 3 1 
6 3 1 
7 3 1 
8 3 1 
9 3 1 
10 3 1 
11 3 1 
12 3 1 
13 3 1 
14 3 1 
15 3 1 
16 3 1 
17 3 1 
18 3 1 
19 3 1 
20 3 1 
21 3 1 
22 3 1 
23 3 1 
24 3 1 
25 3 1 
26 3 1 
27 3 1 
28 3 1 
29 3 1 
30 3 1 
31 3 1 
32 3 1 
33 3 1 
34 3 1 
35 3 1 
36 3 1 
37 3 1 
38 3 1 
39 3 1 
40 3 1 
41 3 1 
42 8 1 
43 8 1 
44 8 1 
45 8 1 
46 3 1 
47 3 1 
48 3 1 
49 3 1 
50 3 1 
51 4 1 
52 6 1 
53 6 1 
54 6 1 
55 6 1 
56 6 1 
57 6 1 
58 6 1 
59 6 1 
60 6 1 
61 6 1 
62 6 1 
63 6 1 
64 6 1 
65 6 1 
66 6 1 
67 6 1 
68 6 1 
69 6 1 
70 6 1 
71 6 1 
72 6 1 
73 6 1 
74 6 1 
75 6 1 
76 6 1 
77 6 1 
78 6 1 
79 6 1 
80 6 1 
81 6 1 
82 6 1 
83 6 1 
84 6 1 
85 6 1 
86 6 1 
87 4 1 
88 4 1 
89 4 1 
90 8 1 
91 8 1 
92 8 1 
93 8 1 
94 8 1 
95 8 1 
96 8 1 
97 8 1 
98 8 1 
99 7 1 
100 7 1 
101 7 1 
102 7 1 
103 7 1 
104 7 1 
105 7 1 
106 8 1 
107 8 1 
108 8 1 
109 8 1 
110 8 1 
111 8 1 
112 8 1 
113 8 1 
114 8 1 
115 6 1 
116 8 1 
117 8 1 
118 8 1 
119 8 1 
120 8 1 
121 8 1 
122 8 1 
123 8 1 
124 8 1 
125 8 1 
126 8 1 
127 8 1 
128 8 1 
129 8 1 
130 8 1 
131 8 1 
132 8 1 
133 8 1 
134 1 1 
135 1 1 
136 1 1 
137 1 1 
138 1 1 
139 1 1 
140 1 1 
141 1 1 
142 1 1 
143 1 1 
144 1 1 
145 1 1 
146 1 1 
147 1 1 
148 1 1 
149 1 1 
150 1 1 
151 1 1 
152 1 1 
153 1 1 
154 1 1 
155 1 1 
156 1 1 
157 1 1 
158 1 1 
159 1 1 
160 1 1 
161 1 1 
162 1 1 
163 1 1 
164 1 1 
165 1 1 
166 1 1 
167 1 1 
168 1 1 
169 1 1 
170 1 1 
171 1 1 
172 1 1 
173 1 1 
174 1 1 
175 1 1 
176 1 2 
177 1 2 
178 2 2 
179 1 2 
180 3 2 
181 1 2 
182 6 2 
183 6 2 
184 3 2 
185 3 2 
186 3 2 
187 3 2 
188 3 2 
189 3 2 
190 3 2 
191 3 2 
192 3 2 
193 3 2 
194 3 2 
195 3 2 
196 3 2 
197 8 2 
198 8 2 
199 8 2 
200 8 2 
201 8 2 
202 8 2 
203 8 2 
204 8 2 
205 8 2 
206 8 2 
207 8 2 
208 8 2 
209 8 2 
210 8 2 
211 8 2 
212 8 2 
213 8 2 
214 4 2 
215 4 2 
216 4 2 
217 4 2 
218 4 2 
219 4 2 
220 4 2 
221 4 2 
222 4 2 
223 4 2 
224 4 2 
225 4 2 
226 4 2 
227 4 2 
228 4 2 
229 4 2 
230 4 2 
231 8 2 
232 5 2 
233 5 2 
234 5 2 
235 5 2 
236 5 2 
237 5 2 
238 5 2 
239 5 2 
240 5 2 
241 5 2 
242 5 2 
243 5 2 
244 5 2 
245 5 2 
246 5 2 
247 5 2 
248 5 2 
249 5 2 
250 5 2 
251 5 2 
252 5 2 
253 5 2 
254 5 2 
255 5 2 
256 5 2 
257 5 2 
258 5 2 
259 5 2 
260 5 2 
261 5 2 
262 5 2 
263 5 2 
264 5 2 
265 7 2 
266 8 2 
267 8 2 
268 8 2 
269 8 2 
270 8 2 
271 8 2 
272 8 2 
273 8 2 
274 8 2 
275 8 2 
276 8 2 
277 7 2 
278 7 2 
279 5 2 
280 5 2 
281 5 2 
282 5 2 
283 5 2 
284 5 2 
285 8 2 
286 8 2 
287 8 2 
288 7 2 
289 7 2 
290 7 2 
291 7 2 
292 7 2 
293 7 2 
294 7 2 
295 7 2 
296 8 2 
297 8 2 
298 8 2 
299 8 2 
300 8 2 
301 8 2 
302 8 2 
303 8 2 
304 3 2 
305 3 2 
306 3 2 
307 3 2 
308 3 2 
309 3 2 
310 3 2 
311 7 2 
312 7 2 
313 7 2 
314 7 2 
315 8 2 
316 8 2 
317 8 2 
318 8 2 
319 8 2 
320 8 2 
321 8 2 
322 8 2 
323 8 2 
324 8 2 
325 8 2 
326 8 2 
327 8 2 
328 8 2 
329 3 2 
330 3 2 
331 3 2 
332 3 2 
333 1 2 
334 6 2 
335 1 2 
336 1 2 
337 1 2 
338 1 2 
339 1 2 
340 1 2 
341 1 2 
342 1 2 
343 1 2 
344 1 2 
345 1 2 
346 1 2 
347 1 2 
348 1 2 
349 1 2 
350 1 2 
351 1 2 
352 1 2 
353 1 2 
354 1 2 
355 1 2 
356 1 2 
357 1 2 
358 1 2 
359 1 2 
360 1 2 
361 1 2 
362 1 2 
363 1 2 
364 1 2 
365 1 2 
366 1 2 
367 1 2 
368 1 2 
369 1 2 
370 2 3 
371 2 3 
372 2 3 
373 2 3 
374 4 3 
375 4 3 
376 4 3 
377 2 3 
378 2 3 
379 2 3 
380 2 3 
381 2 3 
382 2 3 
383 2 3 
384 2 3 
385 2 3 
386 2 3 
387 2 3 
388 2 3 
389 2 3 
390 8 3 
391 2 3 
392 2 3 
393 2 3 
394 2 3 
395 2 3 
396 2 3 
397 2 3 
398 2 3 
399 2 3 
400 2 3 
401 2 3 
402 2 3 
403 8 3 
404 8 3 
405 8 3 
406 2 3 
407 2 3 
408 2 3 
409 2 3 
410 2 3 
411 3 3 
412 3 3 
413 3 3 
414 3 3 
415 3 3 
416 3 3 
417 3 3 
418 3 3 
419 3 3 
420 3 3 
421 3 3 
422 3 3 
423 3 3 
424 3 3 
425 3 3 
426 3 3 
427 3 3 
428 3 3 
429 3 3 
430 3 3 
431 3 3 
432 3 3 
433 3 3 
434 3 3 
435 8 3 
436 8 3 
437 8 3 
438 3 3 
439 3 3 
440 3 3 
441 3 3 
442 3 3 
443 3 3 
444 3 3 
445 3 3 
446 3 3 
447 3 3 
448 8 3 
449 8 3 
450 8 3 
451 8 3 
452 8 3 
453 8 3 
454 8 3 
455 8 3 
456 8 3 
457 8 3 
458 8 3 
459 8 3 
460 8 3 
461 8 3 
462 8 3 
463 8 3 
464 8 3 
465 8 3 
466 8 3 
467 8 3 
468 3 3 
469 8 3 
470 8 3 
471 8 3 
472 8 3 
473 3 3 
474 8 3 
475 8 3 
476 8 3 
477 6 3 
478 6 3 
479 6 3 
480 6 3 
481 6 3 
482 6 3 
483 6 3 
484 6 3 
485 6 3 
486 6 3 
487 6 3 
488 6 3 
489 6 3 
490 6 3 
491 6 3 
492 6 3 
493 6 3 
494 6 3 
495 6 3 
496 6 3 
497 6 3 
498 6 3 
499 6 3 
500 6 3 
501 6 3 
502 6 3 
503 6 3 
504 6 3 
505 6 3 
506 6 3 
507 6 3 
508 6 3 
509 6 3 
510 6 3 
511 6 3 
512 6 3 
513 6 3 
514 7 3 
515 6 3 
516 6 3 
517 6 3 
518 6 3 
519 6 3 
520 6 3 
521 6 3 
522 6 3 
523 6 3 
524 6 3 
525 6 3 
526 6 3 
527 6 3 
528 8 3 
529 8 3 
530 8 3 
531 7 3 
532 7 3 
533 7 3 
534 7 3 
535 7 3 
536 7 3 
537 7 3 
538 7 3 
539 7 3 
540 7 3 
541 7 3 
542 7 3 
543 7 3 
544 7 3 
545 1 3 
546 7 3 
547 7 3 
548 8 3 
549 7 3 
550 7 3 
551 7 3 
552 7 3 
553 7 3 
554 7 3 
555 7 3 
556 7 3 
557 7 3 
558 7 3 
559 7 3 
560 7 3 
561 7 3 
562 7 3 
563 7 3 
564 7 3 
565 7 3 
566 7 3 
567 7 3 
568 7 3 
569 7 3 
570 7 3 
571 7 3 
572 7 3 
573 7 3 
574 7 3 
575 7 3 
576 8 3 
577 7 3 
578 7 3 
579 7 3 
580 7 3 
581 7 3 
582 7 3 
583 1 3 
584 1 3 
585 1 3 
586 1 3 
587 1 3 
588 1 3 
589 1 4 
590 1 3 
591 1 3 
592 1 3 
593 1 3 
594 1 3 
595 1 3 
596 1 3 
597 1 3 
598 1 3 
599 1 3 
600 1 3 
601 1 3 
602 1 3 
603 1 3 
604 1 3 
605 1 3 
606 2 4 
607 2 4 
608 2 4 
609 2 4 
610 2 4 
611 2 4 
612 2 4 
613 8 4 
614 8 4 
615 8 4 
616 8 4 
617 8 4 
618 8 4 
619 8 4 
620 8 4 
621 8 4 
622 8 4 
623 8 4 
624 8 4 
625 8 4 
626 3 4 
627 3 4 
628 3 4 
629 3 4 
630 3 4 
631 3 4 
632 3 4 
633 3 4 
634 3 4 
635 3 4 
636 3 4 
637 3 4 
638 3 4 
639 3 4 
640 3 4 
641 3 4 
642 3 4 
643 3 4 
644 3 4 
645 3 4 
646 3 4 
647 3 4 
648 2 4 
649 2 4 
650 8 4 
651 7 4 
652 8 4 
653 8 4 
654 8 4 
655 8 4 
656 8 4 
657 8 4 
658 8 4 
659 8 4 
660 8 4 
661 8 4 
662 8 4 
663 8 4 
664 1 4 
665 1 4 
666 1 4 
667 1 4 
668 1 4 
669 1 4 
670 1 4 
671 1 4 
672 1 4 
673 1 4 
674 1 4 
675 1 4 
676 1 4 
677 1 4 
678 1 4 
679 1 4 
680 1 4 
681 1 4 
682 1 4 
683 1 4 
684 1 4 
685 1 4 
686 8 4 
687 8 4 
688 8 4 
689 8 4 
690 8 4 
691 8 4 
692 8 4 
693 8 4 
694 8 4 
695 8 4 
;
end;
