param S := 902;
param T := 8;
param D := 5;
param windowsize := 0;

param A := 
1 0
2 12
3 26
4 11
5 0
6 11
7 169
8 112
9 25
10 25
11 25
12 42
13 72
14 318
15 110
16 66
17 4
18 66
19 107
20 221
21 129
22 9
23 9
24 7
25 7
26 2
27 7
28 9
29 4
30 62
31 44
32 27
33 27
34 24
35 18
36 72
37 9
38 12
39 13
40 9
41 6
42 9
43 4
44 4
45 7
46 62
47 40
48 0
49 48
50 0
51 91
52 52
53 73
54 106
55 36
56 18
57 11
58 8
59 7
60 12
61 18
62 7
63 24
64 18
65 14
66 7
67 2
68 18
69 14
70 2
71 18
72 9
73 71
74 1
75 48
76 12
77 6
78 36
79 104
80 17
81 48
82 53
83 244
84 215
85 86
86 81
87 43
88 15
89 22
90 53
91 4
92 104
93 22
94 22
95 18
96 13
97 62
98 68
99 16
100 54
101 203
102 179
103 62
104 44
105 43
106 233
107 0
108 31
109 2
110 14
111 20
112 8
113 8
114 2
115 18
116 41
117 18
118 14
119 5
120 7
121 110
122 7
123 133
124 11
125 2
126 2
127 11
128 11
129 4
130 7
131 9
132 12
133 9
134 135
135 7
136 7
137 13
138 18
139 21
140 10
141 0
142 7
143 9
144 7
145 238
146 10
147 10
148 1
149 4
150 1
151 1
152 18
153 5
154 18
155 3
156 6
157 81
158 12
159 0
160 20
161 77
162 6
163 3
164 2
165 54
166 0
167 27
168 75
169 53
170 9
171 0
172 172
173 7
174 106
175 4
176 7
177 0
178 35
179 6
180 47
181 146
182 94
183 62
184 84
185 84
186 79
187 62
188 85
189 91
190 0
191 182
192 91
193 0
194 9
195 23
196 251
197 50
198 24
199 134
200 75
201 75
202 100
203 182
204 14
205 24
206 0
207 351
208 35
209 23
210 146
211 182
212 69
213 7
214 18
215 55
216 22
217 54
218 9
219 9
220 17
221 13
222 129
223 146
224 104
225 212
226 106
227 122
228 177
229 129
230 88
231 133
232 38
233 4
234 7
235 4
236 4
237 9
238 7
239 7
240 9
241 7
242 5
243 12
244 9
245 52
246 12
247 3
248 1
249 8
250 15
251 17
252 4
253 9
254 27
255 91
256 6
257 42
258 83
259 67
260 114
261 22
262 104
263 12
264 18
265 18
266 9
267 18
268 18
269 21
270 2
271 25
272 16
273 7
274 0
275 89
276 52
277 146
278 3
279 84
280 6
281 219
282 36
283 26
284 14
285 106
286 40
287 158
288 8
289 30
290 44
291 31
292 37
293 95
294 65
295 44
296 158
297 158
298 83
299 86
300 185
301 110
302 133
303 107
304 398
305 215
306 7
307 13
308 333
309 199
310 318
311 62
312 11
313 58
314 54
315 110
316 84
317 11
318 4
319 53
320 27
321 18
322 6
323 127
324 36
325 37
326 4
327 40
328 12
329 7
330 20
331 8
332 12
333 18
334 18
335 18
336 22
337 33
338 5
339 11
340 7
341 2
342 2
343 15
344 76
345 72
346 11
347 5
348 54
349 16
350 20
351 8
352 3
353 4
354 3
355 7
356 7
357 4
358 18
359 4
360 4
361 5
362 22
363 4
364 88
365 1
366 26
367 146
368 182
369 91
370 91
371 268
372 186
373 64
374 221
375 289
376 100
377 124
378 265
379 318
380 133
381 7
382 133
383 215
384 6
385 1
386 10
387 14
388 7
389 384
390 649
391 487
392 162
393 634
394 438
395 146
396 36
397 169
398 18
399 292
400 84
401 9
402 35
403 52
404 12
405 49
406 3
407 7
408 96
409 4
410 80
411 11
412 150
413 186
414 186
415 36
416 49
417 31
418 9
419 7
420 19
421 11
422 20
423 88
424 44
425 46
426 12
427 24
428 48
429 71
430 59
431 24
432 5
433 0
434 9
435 134
436 1
437 7
438 11
439 2
440 22
441 11
442 107
443 129
444 129
445 133
446 53
447 212
448 53
449 172
450 54
451 44
452 107
453 18
454 11
455 4
456 11
457 4
458 37
459 5
460 8
461 36
462 4
463 22
464 13
465 9
466 13
467 13
468 6
469 9
470 9
471 10
472 9
473 72
474 106
475 399
476 85
477 86
478 2
479 38
480 266
481 5
482 3
483 1
484 4
485 4
486 398
487 133
488 107
489 398
490 33
491 13
492 8
493 2
494 15
495 46
496 9
497 30
498 37
499 0
500 16
501 32
502 18
503 9
504 4
505 2
506 4
507 4
508 16
509 39
510 107
511 13
512 2
513 4
514 12
515 5
516 9
517 0
518 4
519 21
520 0
521 2
522 18
523 12
524 12
525 60
526 0
527 5
528 8
529 23
530 3
531 1
532 3
533 3
534 5
535 0
536 12
537 5
538 18
539 7
540 12
541 2
542 42
543 28
544 14
545 10
546 3
547 12
548 12
549 12
550 12
551 46
552 48
553 12
554 3
555 35
556 66
557 10
558 0
559 4
560 12
561 9
562 12
563 12
564 24
565 5
566 35
567 59
568 182
569 182
570 36
571 91
572 49
573 1
574 1
575 201
576 125
577 194
578 59
579 24
580 267
581 22
582 95
583 22
584 47
585 2
586 12
587 1
588 19
589 5
590 32
591 169
592 32
593 73
594 19
595 24
596 24
597 46
598 44
599 88
600 130
601 22
602 80
603 37
604 93
605 54
606 40
607 18
608 7
609 16
610 65
611 179
612 67
613 22
614 18
615 9
616 16
617 4
618 122
619 23
620 7
621 143
622 44
623 40
624 5
625 27
626 40
627 36
628 76
629 111
630 23
631 88
632 13
633 118
634 143
635 36
636 78
637 26
638 265
639 257
640 16
641 72
642 18
643 13
644 4
645 11
646 36
647 32
648 22
649 13
650 14
651 22
652 121
653 71
654 18
655 60
656 31
657 45
658 55
659 12
660 13
661 18
662 27
663 76
664 249
665 53
666 55
667 45
668 27
669 47
670 5
671 82
672 106
673 53
674 158
675 106
676 305
677 221
678 200
679 159
680 9
681 20
682 21
683 23
684 7
685 5
686 221
687 94
688 123
689 231
690 110
691 221
692 150
693 411
694 150
695 110
696 7
697 45
698 44
699 19
700 9
701 3
702 18
703 9
704 9
705 4
706 22
707 18
708 15
709 9
710 7
711 18
712 22
713 18
714 4
715 11
716 13
717 22
718 9
719 5
720 72
721 22
722 22
723 2
724 4
725 18
726 18
727 110
728 27
729 265
730 61
731 5
732 5
733 42
734 55
735 23
736 110
737 5
738 18
739 5
740 28
741 9
742 11
743 9
744 6
745 4
746 8
747 4
748 9
749 18
750 13
751 9
752 8
753 13
754 9
755 4
756 4
757 13
758 11
759 134
760 12
761 36
762 26
763 17
764 36
765 4
766 5
767 4
768 72
769 66
770 14
771 14
772 9
773 16
774 7
775 9
776 18
777 22
778 16
779 31
780 9
781 29
782 44
783 53
784 14
785 135
786 54
787 14
788 0
789 4
790 36
791 251
792 25
793 109
794 40
795 122
796 221
797 225
798 94
799 47
800 62
801 62
802 72
803 487
804 244
805 52
806 59
807 77
808 12
809 146
810 146
811 84
812 106
813 79
814 73
815 5
816 61
817 1
818 107
819 107
820 80
821 141
822 115
823 150
824 106
825 107
826 66
827 86
828 129
829 44
830 11
831 1
832 106
833 158
834 265
835 86
836 88
837 2
838 98
839 80
840 358
841 86
842 21
843 59
844 115
845 43
846 33
847 106
848 1
849 53
850 53
851 38
852 106
853 266
854 53
855 2
856 1
857 35
858 9
859 2
860 7
861 2
862 2
863 4
864 27
865 4
866 2
867 2
868 2
869 7
870 4
871 2
872 52
873 9
874 52
875 11
876 48
877 9
878 51
879 31
880 11
881 16
882 3
883 3
884 37
885 8
886 7
887 4
888 13
889 9
890 2
891 4
892 9
893 18
894 4
895 19
896 11
897 4
898 2
899 3
900 2
901 61
902 12
;

param Ttarget := 
1 1 1000
2 1 1000
3 1 1000
4 1 1000
5 1 500
6 1 500
7 1 500
8 1 500
1 2 1000
2 2 1000
3 2 1000
4 2 1000
5 2 500
6 2 500
7 2 500
8 2 500
1 3 1000
2 3 1000
3 3 1000
4 3 1000
5 3 500
6 3 500
7 3 500
8 3 500
1 4 1000
2 4 1000
3 4 1000
4 4 1000
5 4 500
6 4 500
7 4 500
8 4 500
1 5 1000
2 5 1000
3 5 1000
4 5 1000
5 5 500
6 5 500
7 5 500
8 5 500
;

set Bannlisti := 
;
set Fixlisti := 
1 1 1 
2 8 1 
3 2 1 
4 2 1 
5 2 1 
6 2 1 
7 2 1 
8 2 1 
9 8 1 
10 8 1 
11 8 1 
12 1 1 
13 1 1 
14 1 1 
15 1 1 
16 1 1 
17 1 1 
18 1 1 
19 1 1 
20 1 1 
21 8 1 
22 8 1 
23 8 1 
24 8 1 
25 8 1 
26 8 1 
27 8 1 
28 2 1 
29 2 1 
30 2 1 
31 2 1 
32 2 1 
33 2 1 
34 2 1 
35 2 1 
36 2 1 
37 2 1 
38 2 1 
39 8 1 
40 8 1 
41 8 1 
42 8 1 
43 8 1 
44 8 1 
45 8 1 
46 8 1 
47 8 1 
48 8 1 
49 8 1 
50 2 1 
51 2 1 
52 2 1 
53 2 1 
54 2 1 
55 2 1 
56 8 1 
57 8 1 
58 8 1 
59 8 1 
60 8 1 
61 8 1 
62 8 1 
63 8 1 
64 8 1 
65 8 1 
66 8 1 
67 8 1 
68 8 1 
69 8 1 
70 8 1 
71 8 1 
72 8 1 
73 4 1 
74 4 1 
75 4 1 
76 4 1 
77 4 1 
78 4 1 
79 4 1 
80 4 1 
81 4 1 
82 4 1 
83 4 1 
84 4 1 
85 4 1 
86 4 1 
87 4 1 
88 4 1 
89 4 1 
90 5 1 
91 5 1 
92 5 1 
93 5 1 
94 5 1 
95 5 1 
96 5 1 
97 5 1 
98 5 1 
99 5 1 
100 5 1 
101 5 1 
102 5 1 
103 5 1 
104 5 1 
105 5 1 
106 5 1 
107 1 1 
108 1 1 
109 7 1 
110 7 1 
111 7 1 
112 7 1 
113 8 1 
114 7 1 
115 7 1 
116 7 1 
117 7 1 
118 7 1 
119 7 1 
120 7 1 
121 7 1 
122 7 1 
123 7 1 
124 7 1 
125 7 1 
126 7 1 
127 7 1 
128 5 1 
129 5 1 
130 5 1 
131 8 1 
132 8 1 
133 5 1 
134 2 1 
135 7 1 
136 7 1 
137 7 1 
138 7 1 
139 7 1 
140 7 1 
141 7 1 
142 7 1 
143 7 1 
144 7 1 
145 8 1 
146 7 1 
147 7 1 
148 8 1 
149 8 1 
150 8 1 
151 8 1 
152 7 1 
153 8 1 
154 8 1 
155 8 1 
156 8 1 
157 8 1 
158 1 1 
159 1 1 
160 1 1 
161 1 1 
162 7 1 
163 1 1 
164 1 1 
165 1 1 
166 1 1 
167 1 1 
168 6 1 
169 6 1 
170 6 1 
171 1 1 
172 1 1 
173 8 1 
174 6 1 
175 8 1 
176 8 1 
177 8 1 
178 4 1 
179 1 2 
180 1 2 
181 1 2 
182 1 2 
183 1 2 
184 1 2 
185 1 2 
186 1 2 
187 1 2 
188 1 2 
189 1 1 
190 1 1 
191 1 1 
192 1 1 
193 1 1 
194 1 1 
195 1 2 
196 1 1 
197 1 1 
198 1 1 
199 1 1 
200 1 1 
201 1 1 
202 1 1 
203 1 1 
204 1 1 
205 1 1 
206 1 1 
207 1 1 
208 1 1 
209 1 2 
210 2 2 
211 2 2 
212 2 2 
213 3 2 
214 3 2 
215 3 2 
216 3 2 
217 3 2 
218 3 2 
219 3 2 
220 3 2 
221 3 2 
222 3 2 
223 3 2 
224 3 2 
225 3 2 
226 3 2 
227 3 2 
228 3 2 
229 3 2 
230 3 2 
231 3 2 
232 3 2 
233 3 2 
234 3 2 
235 3 2 
236 3 2 
237 3 2 
238 3 2 
239 3 2 
240 3 2 
241 3 2 
242 3 2 
243 3 2 
244 3 2 
245 3 2 
246 3 2 
247 3 2 
248 3 2 
249 3 2 
250 3 2 
251 3 2 
252 3 2 
253 3 2 
254 3 2 
255 3 2 
256 3 2 
257 3 2 
258 3 2 
259 3 2 
260 3 2 
261 3 2 
262 4 2 
263 8 2 
264 3 2 
265 3 2 
266 3 2 
267 3 2 
268 3 2 
269 3 2 
270 3 2 
271 3 2 
272 3 2 
273 8 2 
274 8 2 
275 1 2 
276 4 2 
277 4 2 
278 8 2 
279 2 2 
280 2 2 
281 2 2 
282 2 2 
283 2 2 
284 2 2 
285 6 2 
286 6 2 
287 6 2 
288 6 2 
289 6 2 
290 6 2 
291 6 2 
292 6 2 
293 6 2 
294 6 2 
295 6 2 
296 6 2 
297 6 2 
298 6 2 
299 6 2 
300 6 2 
301 6 2 
302 6 2 
303 6 2 
304 6 2 
305 6 2 
306 6 2 
307 6 2 
308 6 2 
309 6 2 
310 6 2 
311 6 2 
312 6 2 
313 6 2 
314 6 2 
315 6 2 
316 6 2 
317 6 2 
318 6 2 
319 6 2 
320 6 2 
321 6 2 
322 6 2 
323 8 2 
324 8 2 
325 8 2 
326 8 2 
327 8 2 
328 7 2 
329 7 2 
330 7 2 
331 7 2 
332 7 2 
333 7 2 
334 7 2 
335 7 2 
336 8 2 
337 8 2 
338 8 2 
339 8 2 
340 8 2 
341 6 2 
342 6 2 
343 8 2 
344 8 2 
345 6 2 
346 6 2 
347 6 2 
348 6 2 
349 6 2 
350 6 2 
351 6 2 
352 8 2 
353 8 2 
354 8 2 
355 8 2 
356 8 2 
357 8 2 
358 8 2 
359 8 2 
360 8 2 
361 8 2 
362 8 2 
363 8 2 
364 6 2 
365 8 2 
366 1 2 
367 1 2 
368 1 2 
369 1 2 
370 1 2 
371 1 3 
372 1 3 
373 1 3 
374 1 3 
375 1 3 
376 1 3 
377 1 3 
378 1 3 
379 1 3 
380 1 3 
381 8 3 
382 1 2 
383 1 2 
384 1 2 
385 1 2 
386 1 2 
387 1 2 
388 1 2 
389 1 2 
390 1 2 
391 1 2 
392 1 2 
393 1 2 
394 2 3 
395 2 3 
396 2 3 
397 2 3 
398 2 3 
399 2 3 
400 2 3 
401 2 3 
402 3 3 
403 3 3 
404 3 3 
405 3 3 
406 3 3 
407 3 3 
408 3 3 
409 3 3 
410 3 3 
411 3 3 
412 3 3 
413 3 3 
414 3 3 
415 3 3 
416 3 3 
417 3 3 
418 3 3 
419 3 3 
420 3 3 
421 3 3 
422 3 3 
423 4 3 
424 4 3 
425 4 3 
426 4 3 
427 4 3 
428 4 3 
429 4 3 
430 4 3 
431 4 3 
432 4 3 
433 4 3 
434 4 3 
435 4 3 
436 4 3 
437 5 3 
438 5 3 
439 5 3 
440 5 3 
441 5 3 
442 4 3 
443 4 3 
444 4 3 
445 4 3 
446 4 3 
447 4 3 
448 4 3 
449 4 3 
450 4 3 
451 4 3 
452 5 3 
453 5 3 
454 5 3 
455 5 3 
456 5 3 
457 5 3 
458 5 3 
459 5 3 
460 3 3 
461 3 3 
462 3 3 
463 3 3 
464 6 3 
465 6 3 
466 6 3 
467 6 3 
468 6 3 
469 6 3 
470 6 3 
471 6 3 
472 3 3 
473 6 3 
474 6 3 
475 6 3 
476 6 3 
477 6 3 
478 6 3 
479 6 3 
480 6 3 
481 7 3 
482 7 3 
483 8 3 
484 8 3 
485 8 3 
486 6 3 
487 6 3 
488 6 3 
489 6 3 
490 8 3 
491 8 3 
492 8 3 
493 8 3 
494 7 3 
495 7 3 
496 7 3 
497 7 3 
498 7 3 
499 7 3 
500 7 3 
501 7 3 
502 7 3 
503 7 3 
504 7 3 
505 7 3 
506 7 3 
507 7 3 
508 7 3 
509 8 3 
510 8 3 
511 8 3 
512 8 3 
513 8 3 
514 8 3 
515 6 3 
516 8 3 
517 7 3 
518 8 3 
519 8 3 
520 7 3 
521 7 3 
522 7 3 
523 8 3 
524 8 3 
525 4 3 
526 4 3 
527 8 3 
528 7 3 
529 7 3 
530 7 3 
531 7 3 
532 7 3 
533 7 3 
534 7 3 
535 7 3 
536 7 3 
537 7 3 
538 8 3 
539 8 3 
540 8 3 
541 8 3 
542 8 3 
543 8 3 
544 8 3 
545 8 3 
546 8 3 
547 8 3 
548 3 3 
549 3 3 
550 3 3 
551 3 3 
552 3 3 
553 3 3 
554 3 3 
555 6 3 
556 5 3 
557 5 3 
558 5 3 
559 5 3 
560 7 3 
561 8 3 
562 7 3 
563 4 3 
564 7 3 
565 7 3 
566 4 4 
567 1 4 
568 1 3 
569 1 3 
570 1 3 
571 1 3 
572 1 3 
573 1 3 
574 1 3 
575 1 3 
576 1 3 
577 1 3 
578 1 3 
579 1 3 
580 1 3 
581 1 3 
582 1 3 
583 1 3 
584 1 3 
585 1 3 
586 2 4 
587 2 4 
588 2 4 
589 2 4 
590 2 4 
591 2 4 
592 4 4 
593 4 4 
594 4 4 
595 4 4 
596 4 4 
597 2 4 
598 2 4 
599 2 4 
600 2 4 
601 2 4 
602 2 4 
603 2 4 
604 2 4 
605 2 4 
606 2 4 
607 2 4 
608 2 4 
609 2 4 
610 2 4 
611 2 4 
612 2 4 
613 3 4 
614 3 4 
615 3 4 
616 3 4 
617 3 4 
618 3 4 
619 3 4 
620 3 4 
621 3 4 
622 3 4 
623 3 4 
624 3 4 
625 3 4 
626 3 4 
627 3 4 
628 3 4 
629 3 4 
630 3 4 
631 3 4 
632 3 4 
633 3 4 
634 3 4 
635 3 4 
636 8 4 
637 8 4 
638 8 4 
639 8 4 
640 8 4 
641 8 4 
642 8 4 
643 8 4 
644 8 4 
645 8 4 
646 8 4 
647 8 4 
648 8 4 
649 8 4 
650 8 4 
651 8 4 
652 4 4 
653 4 4 
654 5 4 
655 8 4 
656 8 4 
657 3 4 
658 3 4 
659 6 4 
660 6 4 
661 6 4 
662 6 4 
663 6 4 
664 6 4 
665 6 4 
666 6 4 
667 6 4 
668 6 4 
669 6 4 
670 6 4 
671 6 4 
672 6 4 
673 6 4 
674 6 4 
675 6 4 
676 6 4 
677 6 4 
678 6 4 
679 6 4 
680 6 4 
681 6 4 
682 8 4 
683 6 4 
684 6 4 
685 6 4 
686 6 4 
687 6 4 
688 6 4 
689 6 4 
690 6 4 
691 6 4 
692 6 4 
693 6 4 
694 6 4 
695 6 4 
696 7 4 
697 7 4 
698 7 4 
699 7 4 
700 7 4 
701 7 4 
702 7 4 
703 7 4 
704 7 4 
705 7 4 
706 7 4 
707 7 4 
708 7 4 
709 7 4 
710 7 4 
711 7 4 
712 7 4 
713 7 4 
714 7 4 
715 7 4 
716 7 4 
717 7 4 
718 7 4 
719 7 4 
720 7 4 
721 7 4 
722 7 4 
723 7 4 
724 7 4 
725 7 4 
726 7 4 
727 7 4 
728 7 4 
729 7 4 
730 7 4 
731 7 4 
732 7 4 
733 7 4 
734 7 4 
735 7 4 
736 7 4 
737 7 4 
738 7 4 
739 7 4 
740 8 4 
741 8 4 
742 8 4 
743 8 4 
744 8 4 
745 8 4 
746 8 4 
747 8 4 
748 8 4 
749 8 4 
750 8 4 
751 8 4 
752 8 4 
753 8 4 
754 8 4 
755 8 4 
756 8 4 
757 8 4 
758 8 4 
759 8 4 
760 8 4 
761 8 4 
762 8 4 
763 8 4 
764 8 4 
765 8 4 
766 8 4 
767 8 4 
768 8 4 
769 8 4 
770 8 4 
771 8 4 
772 8 4 
773 8 4 
774 8 4 
775 8 4 
776 8 4 
777 8 4 
778 7 4 
779 7 4 
780 8 4 
781 8 4 
782 8 4 
783 8 4 
784 8 4 
785 8 4 
786 8 4 
787 8 4 
788 8 4 
789 8 4 
790 1 4 
791 1 4 
792 1 4 
793 1 4 
794 1 4 
795 1 5 
796 1 5 
797 1 4 
798 1 4 
799 1 4 
800 1 4 
801 1 4 
802 1 4 
803 1 4 
804 1 4 
805 1 4 
806 1 4 
807 1 4 
808 1 5 
809 2 5 
810 2 5 
811 2 5 
812 2 5 
813 2 5 
814 2 5 
815 8 5 
816 8 5 
817 8 5 
818 3 5 
819 3 5 
820 3 5 
821 3 5 
822 3 5 
823 3 5 
824 3 5 
825 3 5 
826 3 5 
827 3 5 
828 3 5 
829 3 5 
830 3 5 
831 3 5 
832 3 5 
833 3 5 
834 3 5 
835 3 5 
836 3 5 
837 3 5 
838 3 5 
839 3 5 
840 3 5 
841 3 5 
842 6 5 
843 6 5 
844 6 5 
845 8 5 
846 8 5 
847 6 5 
848 6 5 
849 6 5 
850 6 5 
851 6 5 
852 6 5 
853 6 5 
854 6 5 
855 8 5 
856 8 5 
857 8 5 
858 8 5 
859 8 5 
860 8 5 
861 8 5 
862 8 5 
863 8 5 
864 8 5 
865 8 5 
866 8 5 
867 8 5 
868 8 5 
869 8 5 
870 8 5 
871 8 5 
872 7 5 
873 7 5 
874 7 5 
875 7 5 
876 7 5 
877 7 5 
878 7 5 
879 8 5 
880 8 5 
881 8 5 
882 8 5 
883 8 5 
884 8 5 
885 8 5 
886 8 5 
887 8 5 
888 8 5 
889 8 5 
890 8 5 
891 8 5 
892 8 5 
893 8 5 
894 8 5 
895 8 5 
896 8 5 
897 8 5 
898 8 5 
899 8 5 
900 8 5 
901 8 5 
902 8 5 
;
end;
