param S := 725;
param T := 8;
param D := 5;
param windowsize := 0;

param A := 
1 133
2 39
3 150
4 91
5 146
6 35
7 109
8 63
9 2
10 4
11 4
12 18
13 2
14 0
15 0
16 18
17 44
18 16
19 22
20 2
21 2
22 2
23 9
24 4
25 2
26 5
27 2
28 8
29 2
30 4
31 2
32 11
33 2
34 6
35 2
36 2
37 2
38 0
39 13
40 4
41 34
42 20
43 6
44 16
45 2
46 0
47 2
48 2
49 3
50 29
51 2
52 80
53 16
54 12
55 24
56 1
57 16
58 36
59 39
60 69
61 86
62 88
63 13
64 44
65 44
66 59
67 24
68 24
69 13
70 24
71 24
72 52
73 52
74 36
75 48
76 36
77 5
78 3
79 5
80 8
81 10
82 2
83 18
84 6
85 18
86 24
87 36
88 18
89 7
90 1
91 2
92 4
93 18
94 2
95 14
96 3
97 12
98 3
99 3
100 2
101 2
102 100
103 7
104 6
105 6
106 6
107 9
108 10
109 12
110 52
111 106
112 95
113 265
114 411
115 333
116 215
117 55
118 115
119 86
120 110
121 212
122 33
123 110
124 265
125 9
126 4
127 8
128 4
129 22
130 13
131 13
132 13
133 2
134 4
135 22
136 7
137 84
138 53
139 38
140 53
141 133
142 265
143 9
144 18
145 9
146 7
147 40
148 12
149 18
150 7
151 0
152 9
153 4
154 8
155 12
156 3
157 39
158 29
159 48
160 32
161 35
162 13
163 6
164 4
165 4
166 265
167 1
168 13
169 4
170 20
171 9
172 29
173 46
174 4
175 36
176 44
177 106
178 2
179 18
180 4
181 0
182 9
183 7
184 9
185 7
186 9
187 8
188 7
189 9
190 2
191 27
192 5
193 46
194 4
195 5
196 4
197 7
198 4
199 4
200 2
201 27
202 7
203 17
204 42
205 33
206 0
207 7
208 4
209 4
210 7
211 7
212 21
213 13
214 8
215 8
216 9
217 4
218 13
219 18
220 76
221 129
222 2
223 0
224 2
225 1
226 8
227 13
228 3
229 7
230 18
231 318
232 134
233 38
234 90
235 36
236 44
237 44
238 4
239 48
240 182
241 182
242 182
243 97
244 26
245 100
246 50
247 75
248 75
249 17
250 36
251 12
252 38
253 221
254 168
255 133
256 66
257 133
258 133
259 8
260 44
261 113
262 4
263 4
264 4
265 7
266 9
267 9
268 4
269 9
270 5
271 4
272 4
273 4
274 5
275 296
276 63
277 292
278 112
279 73
280 84
281 0
282 0
283 3
284 18
285 11
286 7
287 8
288 2
289 2
290 21
291 2
292 2
293 2
294 2
295 4
296 13
297 27
298 11
299 7
300 1
301 1
302 11
303 2
304 4
305 2
306 44
307 4
308 44
309 4
310 31
311 22
312 13
313 29
314 18
315 13
316 7
317 22
318 22
319 12
320 12
321 48
322 48
323 6
324 2
325 12
326 14
327 7
328 2
329 42
330 28
331 1
332 10
333 4
334 6
335 14
336 9
337 18
338 44
339 18
340 7
341 20
342 8
343 14
344 40
345 9
346 44
347 22
348 44
349 18
350 22
351 22
352 15
353 4
354 11
355 9
356 4
357 4
358 2
359 2
360 134
361 24
362 12
363 17
364 9
365 474
366 0
367 35
368 11
369 73
370 4
371 47
372 75
373 25
374 1
375 27
376 73
377 146
378 73
379 146
380 16
381 26
382 18
383 221
384 358
385 86
386 186
387 133
388 16
389 20
390 83
391 118
392 67
393 76
394 27
395 8
396 18
397 110
398 7
399 158
400 52
401 88
402 222
403 88
404 80
405 150
406 107
407 107
408 133
409 9
410 4
411 8
412 8
413 21
414 4
415 72
416 72
417 27
418 8
419 21
420 7
421 44
422 9
423 17
424 6
425 4
426 3
427 2
428 2
429 11
430 5
431 16
432 12
433 42
434 5
435 22
436 2
437 3
438 52
439 52
440 9
441 36
442 36
443 9
444 9
445 4
446 4
447 4
448 12
449 4
450 2
451 11
452 14
453 25
454 9
455 9
456 4
457 2
458 4
459 4
460 62
461 90
462 4
463 8
464 36
465 107
466 46
467 86
468 59
469 40
470 177
471 4
472 2
473 2
474 7
475 4
476 7
477 11
478 2
479 27
480 80
481 9
482 3
483 23
484 8
485 17
486 24
487 12
488 11
489 5
490 3
491 7
492 40
493 14
494 14
495 20
496 5
497 4
498 0
499 4
500 5
501 2
502 9
503 4
504 4
505 4
506 13
507 7
508 4
509 4
510 11
511 4
512 52
513 1
514 2
515 4
516 9
517 12
518 2
519 6
520 4
521 44
522 22
523 54
524 66
525 66
526 4
527 13
528 2
529 4
530 4
531 2
532 2
533 2
534 2
535 2
536 4
537 2
538 2
539 18
540 64
541 3
542 5
543 0
544 3
545 91
546 91
547 91
548 27
549 88
550 134
551 96
552 47
553 47
554 62
555 79
556 81
557 158
558 100
559 39
560 84
561 134
562 103
563 128
564 146
565 69
566 42
567 18
568 13
569 18
570 80
571 50
572 4
573 14
574 4
575 28
576 31
577 51
578 177
579 19
580 13
581 32
582 146
583 72
584 44
585 9
586 44
587 13
588 27
589 24
590 5
591 46
592 72
593 68
594 44
595 38
596 179
597 5
598 7
599 0
600 1
601 0
602 65
603 19
604 12
605 28
606 38
607 53
608 48
609 141
610 37
611 43
612 36
613 110
614 86
615 3
616 3
617 53
618 5
619 5
620 11
621 9
622 4
623 4
624 9
625 5
626 2
627 8
628 27
629 27
630 38
631 93
632 67
633 11
634 38
635 72
636 83
637 30
638 111
639 221
640 75
641 106
642 88
643 172
644 179
645 133
646 6
647 19
648 6
649 9
650 9
651 0
652 10
653 49
654 27
655 53
656 53
657 20
658 53
659 133
660 18
661 46
662 51
663 28
664 13
665 13
666 26
667 9
668 36
669 7
670 22
671 11
672 1
673 3
674 2
675 7
676 9
677 9
678 7
679 45
680 27
681 18
682 0
683 5
684 38
685 110
686 72
687 139
688 53
689 100
690 27
691 18
692 5
693 3
694 15
695 14
696 28
697 42
698 14
699 46
700 27
701 5
702 10
703 5
704 3
705 2
706 4
707 5
708 133
709 9
710 6
711 0
712 2
713 4
714 1
715 0
716 36
717 9
718 24
719 18
720 126
721 27
722 95
723 58
724 21
725 154
;

param Ttarget := 
1 1 1000
2 1 1000
3 1 1000
4 1 1000
5 1 500
6 1 500
7 1 500
8 1 500
1 2 1000
2 2 1000
3 2 1000
4 2 1000
5 2 500
6 2 500
7 2 500
8 2 500
1 3 1000
2 3 1000
3 3 1000
4 3 1000
5 3 500
6 3 500
7 3 500
8 3 500
1 4 1000
2 4 1000
3 4 1000
4 4 1000
5 4 500
6 4 500
7 4 500
8 4 500
1 5 1000
2 5 1000
3 5 1000
4 5 1000
5 5 500
6 5 500
7 5 500
8 5 500
;

set Bannlisti := 
;
set Fixlisti := 
1 1 1 
2 2 1 
3 2 1 
4 2 1 
5 2 1 
6 2 1 
7 2 1 
8 2 1 
9 8 1 
10 8 1 
11 8 1 
12 8 1 
13 8 1 
14 8 1 
15 8 1 
16 8 1 
17 8 1 
18 8 1 
19 8 1 
20 8 1 
21 8 1 
22 8 1 
23 8 1 
24 8 1 
25 8 1 
26 8 1 
27 8 1 
28 8 1 
29 8 1 
30 8 1 
31 8 1 
32 8 1 
33 8 1 
34 8 1 
35 8 1 
36 8 1 
37 8 1 
38 8 1 
39 8 1 
40 8 1 
41 8 1 
42 8 1 
43 3 1 
44 3 1 
45 3 1 
46 3 1 
47 3 1 
48 3 1 
49 3 1 
50 3 1 
51 3 1 
52 3 1 
53 3 1 
54 3 1 
55 3 1 
56 3 1 
57 3 1 
58 3 1 
59 3 1 
60 3 1 
61 4 1 
62 4 1 
63 4 1 
64 4 1 
65 5 1 
66 4 1 
67 4 1 
68 4 1 
69 4 1 
70 4 1 
71 4 1 
72 4 1 
73 4 1 
74 4 1 
75 4 1 
76 4 1 
77 8 1 
78 8 1 
79 8 1 
80 8 1 
81 8 1 
82 8 1 
83 8 1 
84 8 1 
85 8 1 
86 8 1 
87 8 1 
88 8 1 
89 8 1 
90 8 1 
91 8 1 
92 8 1 
93 8 1 
94 8 1 
95 8 1 
96 8 1 
97 8 1 
98 8 1 
99 8 1 
100 8 1 
101 8 1 
102 8 1 
103 6 1 
104 6 1 
105 6 1 
106 6 1 
107 6 1 
108 6 1 
109 6 1 
110 6 1 
111 6 1 
112 6 1 
113 6 1 
114 6 1 
115 6 1 
116 6 1 
117 6 1 
118 6 1 
119 6 1 
120 6 1 
121 6 1 
122 6 1 
123 6 1 
124 6 1 
125 6 1 
126 6 1 
127 6 1 
128 6 1 
129 6 1 
130 6 1 
131 6 1 
132 6 1 
133 6 1 
134 6 1 
135 6 1 
136 6 1 
137 6 1 
138 6 1 
139 6 1 
140 6 1 
141 6 1 
142 6 1 
143 6 1 
144 6 1 
145 6 1 
146 6 1 
147 7 1 
148 7 1 
149 7 1 
150 7 1 
151 7 1 
152 7 1 
153 7 1 
154 7 1 
155 7 1 
156 8 1 
157 7 1 
158 7 1 
159 7 1 
160 7 1 
161 7 1 
162 7 1 
163 8 1 
164 8 1 
165 8 1 
166 7 1 
167 7 1 
168 7 1 
169 7 1 
170 7 1 
171 7 1 
172 7 1 
173 7 1 
174 7 1 
175 7 1 
176 7 1 
177 7 1 
178 7 1 
179 7 1 
180 7 1 
181 7 1 
182 7 1 
183 7 1 
184 7 1 
185 7 1 
186 7 1 
187 7 1 
188 7 1 
189 7 1 
190 7 1 
191 7 1 
192 7 1 
193 7 1 
194 7 1 
195 7 1 
196 8 1 
197 8 1 
198 8 1 
199 8 1 
200 8 1 
201 8 1 
202 8 1 
203 7 1 
204 7 1 
205 7 1 
206 7 1 
207 4 1 
208 7 1 
209 7 1 
210 7 1 
211 7 1 
212 7 1 
213 7 1 
214 7 1 
215 7 1 
216 7 1 
217 7 1 
218 8 1 
219 8 1 
220 8 1 
221 8 1 
222 7 1 
223 7 1 
224 7 1 
225 7 1 
226 7 1 
227 8 1 
228 8 1 
229 4 1 
230 1 1 
231 1 1 
232 1 1 
233 1 1 
234 1 1 
235 1 1 
236 1 1 
237 1 1 
238 1 1 
239 1 1 
240 1 1 
241 1 1 
242 1 1 
243 1 1 
244 1 1 
245 1 1 
246 1 1 
247 1 1 
248 1 1 
249 1 1 
250 1 1 
251 1 1 
252 1 1 
253 1 1 
254 1 1 
255 1 1 
256 1 1 
257 1 1 
258 1 1 
259 1 1 
260 1 1 
261 1 1 
262 1 1 
263 1 1 
264 1 1 
265 1 1 
266 1 1 
267 1 1 
268 1 1 
269 1 1 
270 1 1 
271 1 1 
272 1 1 
273 1 1 
274 1 2 
275 2 2 
276 2 2 
277 2 2 
278 2 2 
279 2 2 
280 2 2 
281 1 2 
282 1 2 
283 1 2 
284 7 2 
285 7 2 
286 7 2 
287 7 2 
288 8 2 
289 8 2 
290 8 2 
291 8 2 
292 8 2 
293 8 2 
294 8 2 
295 8 2 
296 8 2 
297 8 2 
298 8 2 
299 8 2 
300 8 2 
301 8 2 
302 8 2 
303 8 2 
304 8 2 
305 8 2 
306 8 2 
307 8 2 
308 8 2 
309 8 2 
310 8 2 
311 8 2 
312 8 2 
313 8 2 
314 8 2 
315 8 2 
316 8 2 
317 8 2 
318 8 2 
319 3 2 
320 3 2 
321 3 2 
322 3 2 
323 3 2 
324 3 2 
325 8 2 
326 8 2 
327 8 2 
328 8 2 
329 8 2 
330 8 2 
331 8 2 
332 8 2 
333 8 2 
334 8 2 
335 8 2 
336 8 2 
337 8 2 
338 8 2 
339 8 2 
340 8 2 
341 8 2 
342 8 2 
343 8 2 
344 8 2 
345 8 2 
346 8 2 
347 8 2 
348 8 2 
349 8 2 
350 8 2 
351 8 2 
352 8 2 
353 8 2 
354 8 2 
355 8 2 
356 8 2 
357 8 2 
358 8 2 
359 8 2 
360 8 2 
361 8 2 
362 8 2 
363 8 2 
364 8 2 
365 2 3 
366 1 3 
367 2 3 
368 2 3 
369 2 3 
370 2 3 
371 2 3 
372 1 3 
373 1 3 
374 1 3 
375 1 3 
376 1 3 
377 1 3 
378 1 3 
379 1 3 
380 1 3 
381 1 3 
382 1 3 
383 3 3 
384 3 3 
385 3 3 
386 3 3 
387 3 3 
388 3 3 
389 3 3 
390 3 3 
391 3 3 
392 3 3 
393 3 3 
394 3 3 
395 3 3 
396 3 3 
397 3 3 
398 3 3 
399 3 3 
400 3 3 
401 3 3 
402 3 3 
403 3 3 
404 3 3 
405 3 3 
406 3 3 
407 3 3 
408 3 3 
409 3 3 
410 3 3 
411 3 3 
412 3 3 
413 3 3 
414 3 3 
415 3 3 
416 3 3 
417 3 3 
418 3 3 
419 3 3 
420 3 3 
421 3 3 
422 3 3 
423 3 3 
424 3 3 
425 3 3 
426 3 3 
427 3 3 
428 3 3 
429 3 3 
430 3 3 
431 3 3 
432 4 3 
433 8 3 
434 4 3 
435 4 3 
436 4 3 
437 4 3 
438 4 3 
439 4 3 
440 4 3 
441 4 3 
442 4 3 
443 3 3 
444 5 3 
445 5 3 
446 5 3 
447 5 3 
448 5 3 
449 5 3 
450 5 3 
451 5 3 
452 5 3 
453 5 3 
454 5 3 
455 5 3 
456 5 3 
457 5 3 
458 5 3 
459 5 3 
460 5 3 
461 5 3 
462 5 3 
463 4 3 
464 4 3 
465 4 3 
466 4 3 
467 4 3 
468 4 3 
469 4 3 
470 4 3 
471 8 3 
472 8 3 
473 8 3 
474 8 3 
475 8 3 
476 8 3 
477 8 3 
478 8 3 
479 8 3 
480 8 3 
481 8 3 
482 8 3 
483 8 3 
484 8 3 
485 8 3 
486 8 3 
487 8 3 
488 8 3 
489 8 3 
490 7 3 
491 7 3 
492 7 3 
493 7 3 
494 7 3 
495 7 3 
496 8 3 
497 8 3 
498 8 3 
499 8 3 
500 8 3 
501 8 3 
502 8 3 
503 8 3 
504 5 3 
505 5 3 
506 5 3 
507 5 3 
508 8 3 
509 5 3 
510 8 3 
511 8 3 
512 7 3 
513 8 3 
514 8 3 
515 8 3 
516 8 3 
517 7 3 
518 7 3 
519 7 3 
520 7 3 
521 7 3 
522 7 3 
523 7 3 
524 7 3 
525 7 3 
526 7 3 
527 7 3 
528 7 3 
529 7 3 
530 7 3 
531 7 3 
532 7 3 
533 7 3 
534 7 3 
535 7 3 
536 7 3 
537 7 3 
538 7 3 
539 7 3 
540 8 3 
541 8 3 
542 8 3 
543 1 3 
544 1 3 
545 1 3 
546 1 3 
547 1 3 
548 1 3 
549 1 3 
550 1 3 
551 1 3 
552 1 3 
553 1 3 
554 1 3 
555 1 3 
556 1 3 
557 1 3 
558 1 3 
559 2 4 
560 2 4 
561 2 4 
562 2 4 
563 2 4 
564 2 4 
565 2 4 
566 2 4 
567 2 4 
568 2 4 
569 2 4 
570 2 4 
571 2 4 
572 2 4 
573 2 4 
574 2 4 
575 2 4 
576 2 4 
577 2 4 
578 2 4 
579 2 4 
580 2 4 
581 2 4 
582 2 4 
583 2 4 
584 2 4 
585 2 4 
586 2 4 
587 2 4 
588 2 4 
589 2 4 
590 2 4 
591 2 4 
592 2 4 
593 2 4 
594 2 4 
595 2 4 
596 2 4 
597 6 4 
598 4 4 
599 4 4 
600 1 4 
601 1 4 
602 4 4 
603 4 4 
604 4 4 
605 6 4 
606 6 4 
607 6 4 
608 6 4 
609 6 4 
610 6 4 
611 6 4 
612 6 4 
613 6 4 
614 6 4 
615 6 4 
616 6 4 
617 6 4 
618 6 4 
619 6 4 
620 6 4 
621 6 4 
622 6 4 
623 6 4 
624 6 4 
625 6 4 
626 6 4 
627 6 4 
628 6 4 
629 6 4 
630 6 4 
631 6 4 
632 6 4 
633 6 4 
634 6 4 
635 6 4 
636 6 4 
637 6 4 
638 6 4 
639 6 4 
640 6 4 
641 6 4 
642 6 4 
643 6 4 
644 6 4 
645 6 4 
646 6 4 
647 6 4 
648 6 4 
649 6 4 
650 6 4 
651 6 4 
652 6 4 
653 6 4 
654 6 4 
655 6 4 
656 6 4 
657 6 4 
658 6 4 
659 6 4 
660 6 4 
661 6 4 
662 6 4 
663 6 4 
664 6 4 
665 6 4 
666 7 4 
667 7 4 
668 7 4 
669 7 4 
670 7 4 
671 8 4 
672 7 4 
673 8 4 
674 8 4 
675 8 4 
676 7 4 
677 7 4 
678 7 4 
679 7 4 
680 7 4 
681 7 4 
682 7 4 
683 7 4 
684 7 4 
685 7 4 
686 7 4 
687 7 4 
688 7 4 
689 7 4 
690 7 4 
691 7 4 
692 7 4 
693 6 4 
694 7 4 
695 7 4 
696 7 4 
697 7 4 
698 7 4 
699 7 4 
700 7 4 
701 8 4 
702 8 4 
703 7 4 
704 7 4 
705 7 4 
706 8 4 
707 8 4 
708 8 4 
709 8 4 
710 7 4 
711 7 4 
712 7 4 
713 7 4 
714 7 4 
715 7 4 
716 8 4 
717 1 4 
718 1 4 
719 1 4 
720 1 4 
721 1 4 
722 1 4 
723 1 4 
724 1 4 
725 1 4 
;
end;
