param S := 640;
param T := 8;
param D := 5;
param windowsize := 0;

param A := 
1 150
2 25
3 75
4 97
5 12
6 5
7 107
8 106
9 86
10 115
11 88
12 107
13 107
14 177
15 186
16 88
17 159
18 11
19 19
20 66
21 9
22 68
23 72
24 14
25 35
26 125
27 7
28 143
29 25
30 4
31 24
32 7
33 10
34 11
35 109
36 146
37 69
38 73
39 5
40 0
41 0
42 0
43 0
44 39
45 73
46 36
47 2
48 18
49 14
50 18
51 18
52 17
53 17
54 16
55 14
56 1
57 9
58 7
59 5
60 84
61 58
62 150
63 106
64 81
65 133
66 5
67 36
68 6
69 6
70 61
71 37
72 23
73 19
74 23
75 179
76 179
77 265
78 107
79 18
80 22
81 7
82 8
83 19
84 20
85 133
86 8
87 7
88 3
89 44
90 2
91 5
92 14
93 8
94 13
95 4
96 12
97 4
98 27
99 21
100 13
101 9
102 2
103 9
104 13
105 40
106 44
107 18
108 0
109 12
110 22
111 11
112 59
113 9
114 24
115 2
116 133
117 22
118 18
119 13
120 14
121 7
122 7
123 7
124 7
125 53
126 73
127 73
128 55
129 55
130 36
131 5
132 4
133 9
134 12
135 4
136 4
137 193
138 168
139 106
140 27
141 221
142 88
143 221
144 107
145 106
146 133
147 44
148 79
149 73
150 28
151 146
152 26
153 91
154 13
155 5
156 134
157 14
158 9
159 17
160 186
161 30
162 108
163 108
164 4
165 4
166 0
167 9
168 5
169 9
170 9
171 0
172 2
173 12
174 8
175 80
176 106
177 54
178 22
179 12
180 24
181 35
182 52
183 9
184 19
185 24
186 9
187 9
188 134
189 7
190 0
191 36
192 28
193 4
194 4
195 1
196 9
197 4
198 4
199 203
200 22
201 215
202 33
203 18
204 64
205 8
206 7
207 4
208 5
209 12
210 13
211 8
212 13
213 44
214 36
215 4
216 5
217 9
218 4
219 9
220 7
221 7
222 3
223 11
224 3
225 3
226 1
227 5
228 12
229 12
230 12
231 12
232 2
233 2
234 13
235 18
236 9
237 8
238 8
239 3
240 1
241 90
242 7
243 23
244 7
245 6
246 1
247 28
248 42
249 7
250 2
251 6
252 24
253 62
254 24
255 23
256 14
257 61
258 1
259 2
260 7
261 4
262 4
263 4
264 2
265 4
266 5
267 86
268 9
269 4
270 8
271 19
272 9
273 3
274 2
275 7
276 8
277 25
278 30
279 4
280 9
281 42
282 17
283 17
284 41
285 20
286 20
287 28
288 14
289 36
290 6
291 105
292 137
293 31
294 23
295 12
296 30
297 46
298 124
299 5
300 267
301 61
302 5
303 4
304 5
305 0
306 4
307 5
308 13
309 3
310 6
311 36
312 134
313 12
314 75
315 50
316 100
317 25
318 50
319 17
320 12
321 25
322 9
323 5
324 61
325 122
326 5
327 5
328 5
329 36
330 36
331 72
332 152
333 44
334 11
335 4
336 8
337 36
338 73
339 16
340 12
341 35
342 40
343 8
344 8
345 37
346 17
347 4
348 18
349 22
350 23
351 37
352 46
353 88
354 24
355 18
356 146
357 18
358 0
359 24
360 13
361 4
362 4
363 55
364 18
365 52
366 133
367 88
368 106
369 358
370 86
371 4
372 2
373 13
374 4
375 11
376 11
377 72
378 110
379 40
380 13
381 18
382 88
383 8
384 4
385 24
386 20
387 8
388 91
389 23
390 0
391 22
392 72
393 53
394 122
395 9
396 38
397 4
398 2
399 8
400 2
401 2
402 13
403 2
404 9
405 10
406 12
407 0
408 2
409 16
410 5
411 34
412 7
413 9
414 9
415 9
416 6
417 6
418 9
419 166
420 141
421 44
422 37
423 84
424 53
425 38
426 18
427 35
428 106
429 86
430 106
431 215
432 150
433 137
434 9
435 11
436 2
437 15
438 54
439 74
440 100
441 110
442 305
443 44
444 20
445 44
446 22
447 4
448 4
449 4
450 4
451 7
452 133
453 5
454 1
455 0
456 4
457 4
458 11
459 35
460 11
461 59
462 14
463 97
464 43
465 7
466 2
467 53
468 9
469 14
470 18
471 42
472 15
473 7
474 72
475 22
476 40
477 4
478 29
479 22
480 34
481 12
482 2
483 10
484 1
485 14
486 16
487 22
488 30
489 4
490 7
491 4
492 2
493 16
494 9
495 9
496 16
497 3
498 7
499 4
500 9
501 17
502 9
503 9
504 4
505 22
506 9
507 18
508 11
509 49
510 9
511 13
512 7
513 11
514 9
515 13
516 16
517 4
518 35
519 29
520 5
521 14
522 40
523 22
524 88
525 18
526 44
527 4
528 18
529 2
530 24
531 11
532 47
533 47
534 47
535 84
536 238
537 91
538 109
539 109
540 91
541 73
542 50
543 75
544 12
545 25
546 9
547 134
548 9
549 51
550 134
551 64
552 113
553 96
554 133
555 107
556 211
557 106
558 292
559 140
560 103
561 1
562 4
563 1
564 0
565 0
566 2
567 107
568 9
569 15
570 4
571 5
572 24
573 20
574 13
575 51
576 93
577 8
578 31
579 11
580 3
581 3
582 43
583 65
584 22
585 15
586 5
587 28
588 5
589 28
590 2
591 11
592 64
593 15
594 108
595 68
596 50
597 5
598 3
599 5
600 2
601 2
602 7
603 3
604 4
605 9
606 42
607 80
608 23
609 61
610 33
611 44
612 36
613 63
614 54
615 5
616 28
617 61
618 122
619 5
620 5
621 12
622 9
623 97
624 75
625 100
626 100
627 50
628 50
629 10
630 55
631 4
632 4
633 10
634 3
635 7
636 6
637 6
638 7
639 18
640 18
;

param Ttarget := 
1 1 1000
2 1 1000
3 1 1000
4 1 1000
5 1 500
6 1 500
7 1 500
8 1 500
1 2 1000
2 2 1000
3 2 1000
4 2 1000
5 2 500
6 2 500
7 2 500
8 2 500
1 3 1000
2 3 1000
3 3 1000
4 3 1000
5 3 500
6 3 500
7 3 500
8 3 500
1 4 1000
2 4 1000
3 4 1000
4 4 1000
5 4 500
6 4 500
7 4 500
8 4 500
1 5 1000
2 5 1000
3 5 1000
4 5 1000
5 5 500
6 5 500
7 5 500
8 5 500
;

set Bannlisti := 
;
set Fixlisti := 
1 1 1 
2 1 1 
3 1 1 
4 1 1 
5 1 1 
6 2 1 
7 3 1 
8 3 1 
9 3 1 
10 3 1 
11 3 1 
12 3 1 
13 3 1 
14 3 1 
15 3 1 
16 3 1 
17 3 1 
18 3 1 
19 3 1 
20 3 1 
21 3 1 
22 3 1 
23 3 1 
24 3 1 
25 3 1 
26 3 1 
27 3 1 
28 3 1 
29 3 1 
30 3 1 
31 3 1 
32 3 1 
33 4 1 
34 3 1 
35 2 1 
36 2 1 
37 2 1 
38 2 1 
39 3 1 
40 3 1 
41 3 1 
42 3 1 
43 3 1 
44 4 1 
45 4 1 
46 4 1 
47 5 1 
48 3 1 
49 3 1 
50 3 1 
51 3 1 
52 3 1 
53 3 1 
54 3 1 
55 3 1 
56 2 1 
57 3 1 
58 3 1 
59 3 1 
60 4 1 
61 1 1 
62 6 1 
63 6 1 
64 6 1 
65 6 1 
66 6 1 
67 6 1 
68 6 1 
69 6 1 
70 6 1 
71 6 1 
72 6 1 
73 6 1 
74 6 1 
75 6 1 
76 6 1 
77 6 1 
78 6 1 
79 7 1 
80 7 1 
81 7 1 
82 6 1 
83 6 1 
84 6 1 
85 6 1 
86 6 1 
87 6 1 
88 6 1 
89 6 1 
90 6 1 
91 8 1 
92 8 1 
93 8 1 
94 7 1 
95 7 1 
96 7 1 
97 8 1 
98 8 1 
99 8 1 
100 8 1 
101 8 1 
102 8 1 
103 8 1 
104 8 1 
105 7 1 
106 7 1 
107 7 1 
108 6 1 
109 8 1 
110 8 1 
111 8 1 
112 8 1 
113 8 1 
114 8 1 
115 8 1 
116 8 1 
117 8 1 
118 8 1 
119 8 1 
120 8 1 
121 8 1 
122 8 1 
123 8 1 
124 8 1 
125 1 1 
126 1 1 
127 1 1 
128 1 1 
129 1 1 
130 1 1 
131 1 1 
132 1 1 
133 1 1 
134 1 1 
135 1 1 
136 1 1 
137 1 1 
138 1 1 
139 1 1 
140 1 1 
141 1 1 
142 1 1 
143 1 1 
144 1 1 
145 1 1 
146 1 1 
147 1 1 
148 2 1 
149 2 1 
150 2 1 
151 2 1 
152 2 1 
153 2 1 
154 2 2 
155 2 2 
156 2 2 
157 2 2 
158 3 2 
159 3 2 
160 3 2 
161 3 2 
162 3 2 
163 3 2 
164 3 2 
165 3 2 
166 3 2 
167 3 2 
168 3 2 
169 3 2 
170 3 2 
171 3 2 
172 4 2 
173 4 2 
174 4 2 
175 4 2 
176 4 2 
177 4 2 
178 4 2 
179 4 2 
180 4 2 
181 4 2 
182 4 2 
183 4 2 
184 4 2 
185 4 2 
186 4 2 
187 4 2 
188 4 2 
189 5 2 
190 5 2 
191 5 2 
192 5 2 
193 5 2 
194 5 2 
195 5 2 
196 5 2 
197 5 2 
198 5 2 
199 5 2 
200 5 2 
201 5 2 
202 5 2 
203 5 2 
204 5 2 
205 5 2 
206 5 2 
207 5 2 
208 5 2 
209 8 2 
210 8 2 
211 8 2 
212 8 2 
213 5 2 
214 5 2 
215 5 2 
216 5 2 
217 5 2 
218 5 2 
219 5 2 
220 5 2 
221 5 2 
222 7 2 
223 7 2 
224 7 2 
225 7 2 
226 7 2 
227 7 2 
228 3 2 
229 3 2 
230 3 2 
231 3 2 
232 3 2 
233 3 2 
234 7 2 
235 7 2 
236 7 2 
237 7 2 
238 7 2 
239 7 2 
240 7 2 
241 7 2 
242 8 2 
243 8 2 
244 8 2 
245 8 2 
246 8 2 
247 8 2 
248 8 2 
249 8 2 
250 8 2 
251 8 2 
252 7 2 
253 7 2 
254 7 2 
255 7 2 
256 8 2 
257 8 2 
258 8 2 
259 7 2 
260 7 2 
261 7 2 
262 7 2 
263 7 2 
264 7 2 
265 7 2 
266 7 2 
267 8 2 
268 8 2 
269 8 2 
270 8 2 
271 8 2 
272 8 2 
273 8 2 
274 8 2 
275 8 2 
276 8 2 
277 7 2 
278 7 2 
279 7 2 
280 7 2 
281 7 2 
282 7 2 
283 7 2 
284 8 2 
285 8 2 
286 8 2 
287 8 2 
288 8 2 
289 1 2 
290 1 2 
291 1 2 
292 1 2 
293 1 2 
294 1 2 
295 1 2 
296 1 2 
297 1 2 
298 1 2 
299 1 2 
300 1 2 
301 1 3 
302 1 3 
303 1 3 
304 1 3 
305 1 3 
306 1 3 
307 1 3 
308 1 3 
309 1 3 
310 1 3 
311 1 3 
312 1 3 
313 1 3 
314 1 3 
315 1 3 
316 1 3 
317 1 3 
318 1 3 
319 1 3 
320 1 3 
321 1 3 
322 1 3 
323 1 3 
324 1 3 
325 1 3 
326 1 3 
327 1 3 
328 1 3 
329 8 3 
330 8 3 
331 8 3 
332 8 3 
333 8 3 
334 8 3 
335 8 3 
336 8 3 
337 4 3 
338 4 3 
339 8 3 
340 2 3 
341 2 3 
342 2 3 
343 2 3 
344 2 3 
345 2 3 
346 2 3 
347 2 3 
348 2 3 
349 2 3 
350 2 3 
351 2 3 
352 2 3 
353 2 3 
354 2 3 
355 2 3 
356 2 3 
357 2 3 
358 8 3 
359 8 3 
360 8 3 
361 8 3 
362 8 3 
363 2 3 
364 2 3 
365 3 3 
366 3 3 
367 3 3 
368 3 3 
369 3 3 
370 3 3 
371 3 3 
372 3 3 
373 3 3 
374 3 3 
375 3 3 
376 3 3 
377 3 3 
378 3 3 
379 3 3 
380 3 3 
381 3 3 
382 3 3 
383 3 3 
384 3 3 
385 3 3 
386 3 3 
387 3 3 
388 3 3 
389 3 3 
390 3 3 
391 3 3 
392 3 3 
393 3 3 
394 3 3 
395 3 3 
396 3 3 
397 3 3 
398 3 3 
399 3 3 
400 3 3 
401 3 3 
402 3 3 
403 3 3 
404 3 3 
405 3 3 
406 8 3 
407 4 3 
408 5 3 
409 3 3 
410 3 3 
411 3 3 
412 3 3 
413 6 3 
414 6 3 
415 6 3 
416 6 3 
417 6 3 
418 6 3 
419 6 3 
420 6 3 
421 6 3 
422 6 3 
423 6 3 
424 6 3 
425 6 3 
426 6 3 
427 6 3 
428 6 3 
429 6 3 
430 6 3 
431 6 3 
432 6 3 
433 6 3 
434 6 3 
435 6 3 
436 6 3 
437 6 3 
438 6 3 
439 6 3 
440 6 3 
441 6 3 
442 6 3 
443 6 3 
444 6 3 
445 6 3 
446 6 3 
447 6 3 
448 6 3 
449 6 3 
450 6 3 
451 7 3 
452 7 3 
453 8 3 
454 8 3 
455 8 3 
456 8 3 
457 8 3 
458 8 3 
459 7 3 
460 7 3 
461 7 3 
462 7 3 
463 7 3 
464 7 3 
465 7 3 
466 7 3 
467 7 3 
468 7 3 
469 7 3 
470 7 3 
471 7 3 
472 7 3 
473 7 3 
474 7 3 
475 7 3 
476 7 3 
477 7 3 
478 7 3 
479 7 3 
480 7 3 
481 8 3 
482 7 3 
483 7 3 
484 7 3 
485 7 3 
486 7 3 
487 8 3 
488 8 3 
489 7 3 
490 7 3 
491 7 3 
492 7 3 
493 7 3 
494 7 3 
495 7 3 
496 7 3 
497 8 3 
498 8 3 
499 8 3 
500 8 3 
501 8 3 
502 8 3 
503 8 3 
504 8 3 
505 8 3 
506 8 3 
507 8 3 
508 8 3 
509 8 3 
510 8 3 
511 8 3 
512 8 3 
513 8 3 
514 8 3 
515 8 3 
516 8 3 
517 8 3 
518 8 3 
519 8 3 
520 8 3 
521 8 3 
522 8 3 
523 8 3 
524 8 3 
525 8 3 
526 8 3 
527 8 3 
528 8 3 
529 8 3 
530 8 3 
531 5 3 
532 1 3 
533 1 3 
534 1 3 
535 1 3 
536 1 3 
537 1 3 
538 1 3 
539 1 3 
540 1 3 
541 1 3 
542 1 3 
543 1 3 
544 1 3 
545 1 3 
546 1 3 
547 1 3 
548 1 3 
549 1 3 
550 1 4 
551 1 4 
552 1 4 
553 1 4 
554 1 4 
555 1 4 
556 2 4 
557 2 4 
558 2 4 
559 2 4 
560 2 4 
561 7 4 
562 1 4 
563 1 4 
564 8 4 
565 6 4 
566 1 4 
567 8 4 
568 8 4 
569 8 4 
570 8 4 
571 8 4 
572 4 4 
573 3 4 
574 3 4 
575 3 4 
576 3 4 
577 3 4 
578 8 4 
579 8 4 
580 8 4 
581 8 4 
582 7 4 
583 7 4 
584 8 4 
585 8 4 
586 8 4 
587 8 4 
588 8 4 
589 8 4 
590 3 4 
591 3 4 
592 1 4 
593 8 4 
594 8 4 
595 8 4 
596 8 4 
597 8 4 
598 8 4 
599 8 4 
600 8 4 
601 8 4 
602 1 4 
603 1 4 
604 1 4 
605 1 4 
606 1 4 
607 1 4 
608 1 4 
609 1 4 
610 1 4 
611 1 4 
612 1 4 
613 1 4 
614 1 4 
615 1 4 
616 1 4 
617 1 4 
618 1 4 
619 1 4 
620 1 4 
621 1 4 
622 1 4 
623 1 4 
624 1 4 
625 1 4 
626 1 4 
627 1 4 
628 1 4 
629 1 4 
630 1 4 
631 8 4 
632 8 4 
633 8 4 
634 8 4 
635 8 4 
636 8 4 
637 8 4 
638 8 4 
639 8 4 
640 8 4 
;
end;
