param S := 659;
param T := 8;
param D := 5;
param windowsize := 0;

param A := 
1 15
2 27
3 146
4 72
5 182
6 63
7 84
8 146
9 38
10 64
11 104
12 215
13 141
14 300
15 86
16 106
17 197
18 106
19 39
20 44
21 18
22 44
23 177
24 4
25 9
26 7
27 9
28 44
29 4
30 7
31 2
32 25
33 0
34 17
35 9
36 7
37 3
38 53
39 181
40 396
41 297
42 9
43 177
44 22
45 27
46 107
47 21
48 5
49 64
50 15
51 15
52 11
53 33
54 66
55 354
56 257
57 159
58 88
59 97
60 10
61 4
62 4
63 44
64 53
65 44
66 44
67 53
68 9
69 20
70 68
71 9
72 18
73 13
74 11
75 4
76 44
77 7
78 13
79 4
80 44
81 9
82 0
83 18
84 2
85 2
86 18
87 4
88 0
89 9
90 88
91 22
92 44
93 107
94 36
95 22
96 90
97 18
98 66
99 14
100 7
101 18
102 36
103 18
104 88
105 44
106 107
107 179
108 50
109 4
110 23
111 0
112 2
113 4
114 18
115 8
116 2
117 4
118 4
119 7
120 40
121 7
122 13
123 22
124 265
125 66
126 40
127 90
128 22
129 13
130 18
131 4
132 4
133 31
134 7
135 2
136 5
137 9
138 0
139 2
140 13
141 0
142 3
143 1
144 1
145 12
146 13
147 13
148 16
149 16
150 18
151 11
152 5
153 27
154 4
155 4
156 4
157 9
158 44
159 4
160 4
161 7
162 8
163 229
164 25
165 7
166 122
167 107
168 43
169 8
170 12
171 4
172 27
173 8
174 2
175 14
176 0
177 3
178 8
179 3
180 1
181 20
182 36
183 36
184 3
185 5
186 1
187 7
188 5
189 9
190 115
191 76
192 25
193 4
194 8
195 4
196 4
197 4
198 2
199 22
200 7
201 9
202 5
203 7
204 10
205 7
206 2
207 20
208 10
209 14
210 15
211 14
212 7
213 28
214 14
215 12
216 56
217 28
218 12
219 14
220 4
221 12
222 12
223 48
224 12
225 11
226 4
227 8
228 4
229 0
230 74
231 5
232 65
233 31
234 18
235 1
236 6
237 12
238 6
239 12
240 32
241 32
242 1
243 1
244 3
245 1
246 1
247 1
248 1
249 99
250 1
251 3
252 1
253 13
254 0
255 9
256 2
257 2
258 30
259 15
260 14
261 42
262 15
263 35
264 9
265 17
266 3
267 212
268 22
269 16
270 7
271 36
272 182
273 401
274 61
275 12
276 318
277 107
278 7
279 7
280 13
281 84
282 255
283 146
284 1
285 39
286 6
287 22
288 86
289 9
290 183
291 39
292 60
293 13
294 18
295 44
296 15
297 7
298 4
299 20
300 4
301 8
302 9
303 3
304 61
305 1
306 11
307 13
308 107
309 22
310 13
311 8
312 2
313 5
314 4
315 9
316 5
317 7
318 12
319 16
320 4
321 7
322 23
323 23
324 129
325 80
326 27
327 22
328 30
329 7
330 40
331 9
332 4
333 12
334 28
335 33
336 9
337 40
338 110
339 161
340 80
341 16
342 15
343 222
344 83
345 55
346 110
347 221
348 88
349 179
350 44
351 115
352 221
353 411
354 265
355 90
356 47
357 12
358 4
359 4
360 4
361 7
362 11
363 6
364 36
365 45
366 106
367 1
368 249
369 31
370 107
371 85
372 133
373 114
374 13
375 4
376 62
377 9
378 9
379 6
380 27
381 0
382 27
383 2
384 7
385 33
386 2
387 9
388 7
389 2
390 13
391 15
392 15
393 4
394 4
395 7
396 4
397 4
398 4
399 0
400 5
401 4
402 5
403 5
404 4
405 5
406 6
407 0
408 0
409 5
410 4
411 22
412 15
413 37
414 46
415 12
416 55
417 57
418 18
419 28
420 2
421 17
422 18
423 4
424 9
425 9
426 8
427 18
428 4
429 18
430 14
431 3
432 12
433 1
434 59
435 2
436 10
437 7
438 23
439 7
440 4
441 13
442 44
443 4
444 2
445 8
446 22
447 90
448 35
449 88
450 107
451 13
452 8
453 4
454 4
455 15
456 15
457 11
458 36
459 66
460 13
461 110
462 66
463 51
464 22
465 36
466 22
467 44
468 3
469 21
470 1
471 4
472 8
473 16
474 4
475 7
476 4
477 17
478 9
479 9
480 9
481 83
482 8
483 14
484 9
485 3
486 11
487 10
488 2
489 9
490 4
491 9
492 5
493 14
494 18
495 4
496 86
497 22
498 33
499 11
500 106
501 4
502 15
503 13
504 110
505 11
506 9
507 13
508 122
509 7
510 7
511 3
512 7
513 24
514 130
515 11
516 18
517 7
518 33
519 110
520 7
521 2
522 8
523 14
524 8
525 4
526 4
527 9
528 13
529 14
530 8
531 17
532 14
533 9
534 9
535 12
536 5
537 5
538 9
539 20
540 301
541 219
542 10
543 28
544 259
545 109
546 6
547 36
548 36
549 18
550 5
551 36
552 97
553 9
554 5
555 13
556 134
557 18
558 0
559 4
560 127
561 146
562 91
563 73
564 39
565 36
566 13
567 19
568 9
569 9
570 80
571 1
572 1
573 1
574 1
575 1
576 1
577 2
578 1
579 12
580 106
581 64
582 65
583 52
584 106
585 222
586 107
587 86
588 88
589 106
590 3
591 9
592 2
593 2
594 2
595 1
596 1
597 1
598 1
599 1
600 3
601 24
602 24
603 11
604 7
605 133
606 127
607 5
608 44
609 18
610 21
611 14
612 5
613 5
614 20
615 22
616 9
617 2
618 7
619 27
620 3
621 13
622 27
623 21
624 13
625 13
626 11
627 0
628 27
629 27
630 4
631 4
632 9
633 2
634 7
635 215
636 94
637 62
638 9
639 18
640 7
641 2
642 59
643 9
644 2
645 18
646 3
647 8
648 21
649 1
650 5
651 28
652 47
653 52
654 5
655 152
656 51
657 84
658 51
659 51
;

param Ttarget := 
1 1 1000
2 1 1000
3 1 1000
4 1 1000
5 1 500
6 1 500
7 1 500
8 1 500
1 2 1000
2 2 1000
3 2 1000
4 2 1000
5 2 500
6 2 500
7 2 500
8 2 500
1 3 1000
2 3 1000
3 3 1000
4 3 1000
5 3 500
6 3 500
7 3 500
8 3 500
1 4 1000
2 4 1000
3 4 1000
4 4 1000
5 4 500
6 4 500
7 4 500
8 4 500
1 5 1000
2 5 1000
3 5 1000
4 5 1000
5 5 500
6 5 500
7 5 500
8 5 500
;

set Bannlisti := 
;
set Fixlisti := 
1 8 1 
2 2 1 
3 2 1 
4 2 1 
5 2 1 
6 2 1 
7 2 1 
8 2 1 
9 3 1 
10 3 1 
11 3 1 
12 3 1 
13 3 1 
14 3 1 
15 3 1 
16 3 1 
17 3 1 
18 3 1 
19 3 1 
20 3 1 
21 3 1 
22 3 1 
23 3 1 
24 3 1 
25 3 1 
26 3 1 
27 3 1 
28 3 1 
29 3 1 
30 3 1 
31 3 1 
32 3 1 
33 3 1 
34 3 1 
35 3 1 
36 3 1 
37 3 1 
38 3 1 
39 3 1 
40 3 1 
41 3 1 
42 3 1 
43 3 1 
44 3 1 
45 3 1 
46 3 1 
47 3 1 
48 3 1 
49 3 1 
50 3 1 
51 3 1 
52 3 1 
53 3 1 
54 3 1 
55 3 1 
56 3 1 
57 3 1 
58 3 1 
59 1 1 
60 4 1 
61 8 1 
62 8 1 
63 5 1 
64 5 1 
65 5 1 
66 5 1 
67 5 1 
68 5 1 
69 5 1 
70 5 1 
71 5 1 
72 5 1 
73 5 1 
74 5 1 
75 5 1 
76 5 1 
77 5 1 
78 5 1 
79 5 1 
80 5 1 
81 5 1 
82 5 1 
83 5 1 
84 5 1 
85 5 1 
86 5 1 
87 5 1 
88 5 1 
89 5 1 
90 5 1 
91 5 1 
92 5 1 
93 5 1 
94 5 1 
95 5 1 
96 5 1 
97 5 1 
98 5 1 
99 5 1 
100 5 1 
101 5 1 
102 5 1 
103 5 1 
104 5 1 
105 5 1 
106 5 1 
107 5 1 
108 5 1 
109 5 1 
110 5 1 
111 5 1 
112 5 1 
113 5 1 
114 5 1 
115 5 1 
116 5 1 
117 5 1 
118 5 1 
119 5 1 
120 5 1 
121 5 1 
122 5 1 
123 5 1 
124 5 1 
125 5 1 
126 5 1 
127 5 1 
128 5 1 
129 5 1 
130 5 1 
131 5 1 
132 5 1 
133 5 1 
134 7 1 
135 7 1 
136 7 1 
137 5 1 
138 5 1 
139 8 1 
140 8 1 
141 8 1 
142 8 1 
143 8 1 
144 8 1 
145 8 1 
146 8 1 
147 8 1 
148 8 1 
149 8 1 
150 8 1 
151 8 1 
152 8 1 
153 8 1 
154 8 1 
155 8 1 
156 8 1 
157 8 1 
158 8 1 
159 8 1 
160 8 1 
161 8 1 
162 8 1 
163 7 1 
164 7 1 
165 7 1 
166 7 1 
167 7 1 
168 7 1 
169 7 1 
170 7 1 
171 7 1 
172 7 1 
173 7 1 
174 7 1 
175 7 1 
176 7 1 
177 7 1 
178 7 1 
179 7 1 
180 7 1 
181 7 1 
182 7 1 
183 7 1 
184 8 1 
185 8 1 
186 8 1 
187 8 1 
188 8 1 
189 8 1 
190 7 1 
191 7 1 
192 7 1 
193 7 1 
194 8 1 
195 8 1 
196 8 1 
197 8 1 
198 8 1 
199 7 1 
200 7 1 
201 7 1 
202 7 1 
203 7 1 
204 7 1 
205 7 1 
206 8 1 
207 7 1 
208 7 1 
209 7 1 
210 8 1 
211 8 1 
212 8 1 
213 8 1 
214 8 1 
215 8 1 
216 8 1 
217 8 1 
218 8 1 
219 8 1 
220 8 1 
221 3 1 
222 3 1 
223 3 1 
224 3 1 
225 3 1 
226 3 1 
227 3 1 
228 3 1 
229 8 1 
230 8 1 
231 8 1 
232 8 1 
233 7 1 
234 7 1 
235 7 1 
236 7 1 
237 7 1 
238 7 1 
239 7 1 
240 7 1 
241 7 1 
242 7 1 
243 7 1 
244 7 1 
245 7 1 
246 7 1 
247 7 1 
248 7 1 
249 6 1 
250 2 1 
251 8 1 
252 2 1 
253 1 1 
254 1 1 
255 1 1 
256 3 1 
257 3 1 
258 7 1 
259 1 1 
260 1 1 
261 1 1 
262 1 1 
263 1 1 
264 1 1 
265 1 1 
266 1 1 
267 1 1 
268 1 1 
269 1 1 
270 1 2 
271 1 2 
272 1 2 
273 1 2 
274 1 2 
275 1 2 
276 1 1 
277 1 1 
278 1 1 
279 1 1 
280 1 1 
281 2 2 
282 2 2 
283 2 2 
284 8 2 
285 8 2 
286 8 2 
287 8 2 
288 8 2 
289 8 2 
290 8 2 
291 8 2 
292 8 2 
293 8 2 
294 8 2 
295 8 2 
296 8 2 
297 8 2 
298 8 2 
299 8 2 
300 8 2 
301 8 2 
302 8 2 
303 8 2 
304 8 2 
305 8 2 
306 8 2 
307 8 2 
308 8 2 
309 8 2 
310 8 2 
311 8 2 
312 8 2 
313 8 2 
314 8 2 
315 8 2 
316 8 2 
317 8 2 
318 4 2 
319 4 2 
320 3 2 
321 4 2 
322 4 2 
323 4 2 
324 4 2 
325 4 2 
326 4 2 
327 4 2 
328 4 2 
329 4 2 
330 4 2 
331 4 2 
332 4 2 
333 3 2 
334 3 2 
335 3 2 
336 3 2 
337 3 2 
338 3 2 
339 3 2 
340 3 2 
341 3 2 
342 3 2 
343 6 2 
344 6 2 
345 6 2 
346 6 2 
347 6 2 
348 6 2 
349 6 2 
350 6 2 
351 6 2 
352 6 2 
353 6 2 
354 6 2 
355 6 2 
356 6 2 
357 6 2 
358 6 2 
359 6 2 
360 6 2 
361 6 2 
362 8 2 
363 8 2 
364 6 2 
365 6 2 
366 6 2 
367 6 2 
368 6 2 
369 6 2 
370 6 2 
371 6 2 
372 6 2 
373 6 2 
374 6 2 
375 6 2 
376 6 2 
377 6 2 
378 6 2 
379 6 2 
380 6 2 
381 6 2 
382 6 2 
383 3 2 
384 6 2 
385 6 2 
386 6 2 
387 6 2 
388 5 2 
389 8 2 
390 3 2 
391 1 2 
392 6 2 
393 7 2 
394 1 2 
395 1 2 
396 5 2 
397 1 2 
398 6 2 
399 6 2 
400 5 2 
401 8 2 
402 4 2 
403 4 2 
404 5 2 
405 1 2 
406 3 2 
407 8 2 
408 8 2 
409 8 2 
410 8 2 
411 8 2 
412 8 2 
413 7 2 
414 7 2 
415 7 2 
416 7 2 
417 7 2 
418 7 2 
419 7 2 
420 7 2 
421 7 2 
422 7 2 
423 7 2 
424 7 2 
425 7 2 
426 7 2 
427 7 2 
428 7 2 
429 7 2 
430 7 2 
431 7 2 
432 7 2 
433 7 2 
434 7 2 
435 7 2 
436 7 2 
437 7 2 
438 7 2 
439 7 2 
440 7 2 
441 7 2 
442 7 2 
443 7 2 
444 7 2 
445 7 2 
446 7 2 
447 7 2 
448 7 2 
449 7 2 
450 7 2 
451 7 2 
452 7 2 
453 7 2 
454 7 2 
455 8 2 
456 8 2 
457 8 2 
458 5 2 
459 5 2 
460 5 2 
461 5 2 
462 5 2 
463 5 2 
464 5 2 
465 5 2 
466 5 2 
467 5 2 
468 8 2 
469 8 2 
470 8 2 
471 8 2 
472 8 2 
473 7 2 
474 7 2 
475 7 2 
476 7 2 
477 7 2 
478 7 2 
479 7 2 
480 7 2 
481 7 2 
482 7 2 
483 7 2 
484 7 2 
485 7 2 
486 7 2 
487 7 2 
488 7 2 
489 7 2 
490 7 2 
491 7 2 
492 7 2 
493 7 2 
494 7 2 
495 7 2 
496 7 2 
497 7 2 
498 7 2 
499 7 2 
500 7 2 
501 7 2 
502 7 2 
503 7 2 
504 7 2 
505 5 2 
506 5 2 
507 5 2 
508 8 2 
509 8 2 
510 8 2 
511 8 2 
512 8 2 
513 8 2 
514 7 2 
515 8 2 
516 8 2 
517 8 2 
518 8 2 
519 8 2 
520 8 2 
521 8 2 
522 7 2 
523 8 2 
524 7 2 
525 7 2 
526 7 2 
527 7 2 
528 7 2 
529 7 2 
530 7 2 
531 6 2 
532 8 2 
533 8 2 
534 8 2 
535 8 2 
536 8 2 
537 8 2 
538 8 2 
539 3 2 
540 1 2 
541 1 2 
542 1 2 
543 1 2 
544 1 2 
545 1 2 
546 1 2 
547 1 2 
548 1 2 
549 1 2 
550 1 2 
551 1 2 
552 1 2 
553 1 2 
554 1 2 
555 1 3 
556 1 3 
557 1 2 
558 1 2 
559 7 3 
560 2 3 
561 2 3 
562 2 3 
563 2 3 
564 2 3 
565 2 3 
566 4 3 
567 2 3 
568 2 3 
569 2 3 
570 7 3 
571 8 3 
572 8 3 
573 8 3 
574 8 3 
575 8 3 
576 8 3 
577 8 3 
578 8 3 
579 3 3 
580 3 3 
581 3 3 
582 3 3 
583 3 3 
584 3 3 
585 3 3 
586 3 3 
587 3 3 
588 3 3 
589 3 3 
590 7 3 
591 7 3 
592 3 3 
593 1 3 
594 8 3 
595 8 3 
596 8 3 
597 8 3 
598 8 3 
599 8 3 
600 2 3 
601 8 3 
602 8 3 
603 8 3 
604 8 3 
605 5 3 
606 8 3 
607 8 3 
608 8 3 
609 8 3 
610 8 3 
611 8 3 
612 8 3 
613 7 3 
614 3 3 
615 3 3 
616 5 3 
617 8 3 
618 8 3 
619 8 3 
620 8 3 
621 8 3 
622 8 3 
623 8 3 
624 8 3 
625 8 3 
626 8 3 
627 8 3 
628 8 3 
629 8 3 
630 5 3 
631 5 3 
632 7 3 
633 6 3 
634 3 3 
635 1 4 
636 1 4 
637 1 4 
638 1 4 
639 1 4 
640 1 4 
641 1 4 
642 1 4 
643 1 4 
644 1 4 
645 1 4 
646 1 4 
647 1 4 
648 1 4 
649 1 4 
650 1 3 
651 1 3 
652 1 3 
653 1 3 
654 1 3 
655 1 3 
656 1 3 
657 1 3 
658 1 3 
659 1 3 
;
end;
