param S := 751;
param T := 8;
param D := 5;
param windowsize := 0;

param A := 
1 3
2 88
3 221
4 40
5 81
6 15
7 84
8 28
9 32
10 67
11 5
12 9
13 37
14 6
15 9
16 5
17 6
18 16
19 9
20 35
21 11
22 13
23 19
24 12
25 52
26 88
27 36
28 129
29 128
30 146
31 43
32 91
33 18
34 28
35 46
36 31
37 36
38 60
39 40
40 11
41 5
42 6
43 2
44 6
45 25
46 27
47 8
48 108
49 35
50 26
51 18
52 14
53 1
54 2
55 4
56 24
57 2
58 10
59 14
60 6
61 14
62 6
63 10
64 18
65 1
66 5
67 6
68 12
69 10
70 4
71 18
72 12
73 18
74 20
75 36
76 6
77 5
78 194
79 13
80 24
81 129
82 106
83 86
84 129
85 22
86 21
87 0
88 42
89 11
90 53
91 44
92 88
93 322
94 31
95 18
96 265
97 4
98 9
99 9
100 44
101 2
102 18
103 27
104 13
105 20
106 21
107 7
108 5
109 5
110 9
111 28
112 24
113 59
114 5
115 9
116 13
117 13
118 12
119 20
120 30
121 46
122 11
123 23
124 3
125 1
126 3
127 1
128 0
129 1
130 2
131 1
132 3
133 8
134 12
135 45
136 18
137 14
138 14
139 14
140 18
141 18
142 7
143 9
144 47
145 129
146 336
147 106
148 96
149 36
150 107
151 18
152 0
153 11
154 182
155 109
156 91
157 75
158 25
159 5
160 401
161 62
162 240
163 162
164 244
165 52
166 317
167 14
168 10
169 268
170 61
171 134
172 26
173 63
174 14
175 109
176 43
177 109
178 36
179 10
180 0
181 73
182 7
183 3
184 3
185 4
186 21
187 36
188 22
189 88
190 88
191 17
192 23
193 7
194 9
195 52
196 42
197 106
198 115
199 88
200 133
201 215
202 98
203 179
204 86
205 4
206 17
207 13
208 2
209 0
210 32
211 76
212 35
213 36
214 22
215 13
216 11
217 53
218 12
219 10
220 6
221 7
222 53
223 53
224 133
225 106
226 129
227 90
228 9
229 133
230 52
231 86
232 44
233 9
234 13
235 133
236 133
237 133
238 115
239 12
240 22
241 2
242 4
243 24
244 9
245 7
246 7
247 9
248 9
249 9
250 13
251 2
252 13
253 9
254 7
255 13
256 8
257 8
258 4
259 4
260 2
261 4
262 22
263 4
264 2
265 12
266 9
267 86
268 3
269 5
270 2
271 24
272 7
273 1
274 1
275 16
276 6
277 25
278 16
279 66
280 12
281 9
282 2
283 2
284 22
285 4
286 7
287 18
288 4
289 5
290 9
291 7
292 9
293 12
294 18
295 33
296 99
297 22
298 19
299 28
300 18
301 13
302 0
303 51
304 267
305 24
306 97
307 23
308 182
309 55
310 219
311 146
312 104
313 113
314 14
315 10
316 96
317 113
318 106
319 42
320 14
321 33
322 3
323 3
324 2
325 159
326 474
327 127
328 84
329 63
330 146
331 12
332 4
333 0
334 64
335 146
336 107
337 88
338 150
339 86
340 106
341 221
342 186
343 133
344 122
345 52
346 12
347 1
348 22
349 76
350 1
351 11
352 27
353 96
354 18
355 27
356 53
357 80
358 11
359 186
360 53
361 72
362 30
363 16
364 2
365 13
366 11
367 27
368 21
369 27
370 9
371 11
372 13
373 21
374 32
375 2
376 4
377 2
378 4
379 2
380 2
381 12
382 11
383 9
384 14
385 37
386 13
387 4
388 14
389 53
390 72
391 88
392 88
393 215
394 358
395 44
396 72
397 11
398 35
399 7
400 19
401 9
402 5
403 11
404 13
405 17
406 0
407 25
408 13
409 0
410 9
411 14
412 1
413 8
414 58
415 4
416 3
417 1
418 0
419 0
420 33
421 14
422 18
423 9
424 13
425 90
426 5
427 12
428 9
429 20
430 4
431 5
432 1
433 20
434 8
435 8
436 1
437 12
438 48
439 48
440 24
441 2
442 44
443 21
444 18
445 14
446 18
447 4
448 28
449 10
450 4
451 10
452 25
453 0
454 0
455 125
456 201
457 11
458 11
459 10
460 11
461 1
462 1
463 1
464 95
465 27
466 44
467 101
468 137
469 18
470 13
471 7
472 33
473 158
474 80
475 5
476 30
477 40
478 101
479 40
480 156
481 101
482 12
483 47
484 27
485 18
486 29
487 16
488 144
489 38
490 88
491 179
492 177
493 13
494 18
495 5
496 2
497 9
498 46
499 37
500 2
501 25
502 24
503 27
504 18
505 80
506 88
507 42
508 46
509 40
510 2
511 4
512 154
513 267
514 0
515 5
516 6
517 3
518 9
519 7
520 12
521 4
522 1
523 1
524 1
525 17
526 6
527 18
528 11
529 2
530 147
531 107
532 36
533 64
534 4
535 5
536 18
537 9
538 9
539 21
540 12
541 7
542 17
543 7
544 18
545 142
546 8
547 34
548 22
549 83
550 22
551 27
552 11
553 67
554 18
555 80
556 5
557 55
558 22
559 21
560 110
561 72
562 44
563 40
564 44
565 40
566 44
567 7
568 8
569 13
570 3
571 12
572 0
573 0
574 1
575 6
576 52
577 43
578 24
579 48
580 71
581 52
582 10
583 2
584 107
585 129
586 265
587 2
588 86
589 39
590 40
591 32
592 46
593 0
594 5
595 6
596 17
597 10
598 2
599 137
600 231
601 42
602 110
603 265
604 333
605 86
606 179
607 38
608 107
609 106
610 265
611 9
612 7
613 2
614 9
615 59
616 23
617 32
618 6
619 34
620 84
621 55
622 35
623 9
624 185
625 72
626 36
627 139
628 90
629 179
630 106
631 110
632 18
633 11
634 25
635 13
636 7
637 13
638 14
639 18
640 9
641 18
642 9
643 5
644 18
645 13
646 7
647 13
648 9
649 13
650 13
651 4
652 110
653 55
654 5
655 11
656 21
657 8
658 18
659 28
660 5
661 7
662 15
663 4
664 24
665 11
666 21
667 14
668 7
669 9
670 18
671 34
672 13
673 13
674 13
675 4
676 4
677 7
678 12
679 24
680 0
681 24
682 3
683 3
684 96
685 177
686 134
687 182
688 146
689 134
690 12
691 50
692 50
693 124
694 0
695 221
696 47
697 47
698 158
699 36
700 81
701 162
702 96
703 107
704 106
705 2
706 63
707 6
708 32
709 106
710 292
711 56
712 109
713 182
714 52
715 73
716 146
717 158
718 265
719 107
720 107
721 122
722 358
723 86
724 129
725 52
726 0
727 82
728 27
729 13
730 8
731 11
732 18
733 18
734 9
735 18
736 5
737 19
738 12
739 15
740 28
741 3
742 30
743 0
744 9
745 14
746 1
747 5
748 7
749 1
750 1
751 1
;

param Ttarget := 
1 1 1000
2 1 1000
3 1 1000
4 1 1000
5 1 500
6 1 500
7 1 500
8 1 500
1 2 1000
2 2 1000
3 2 1000
4 2 1000
5 2 500
6 2 500
7 2 500
8 2 500
1 3 1000
2 3 1000
3 3 1000
4 3 1000
5 3 500
6 3 500
7 3 500
8 3 500
1 4 1000
2 4 1000
3 4 1000
4 4 1000
5 4 500
6 4 500
7 4 500
8 4 500
1 5 1000
2 5 1000
3 5 1000
4 5 1000
5 5 500
6 5 500
7 5 500
8 5 500
;

set Bannlisti := 
;
set Fixlisti := 
1 1 1 
2 1 1 
3 1 1 
4 1 1 
5 1 1 
6 1 1 
7 1 1 
8 1 1 
9 1 1 
10 1 1 
11 1 1 
12 1 1 
13 1 1 
14 8 1 
15 8 1 
16 8 1 
17 8 1 
18 8 1 
19 8 1 
20 2 1 
21 2 1 
22 8 1 
23 8 1 
24 8 1 
25 8 1 
26 8 1 
27 8 1 
28 8 1 
29 2 1 
30 2 1 
31 2 1 
32 2 1 
33 2 1 
34 2 1 
35 2 1 
36 2 1 
37 2 1 
38 2 1 
39 2 1 
40 2 1 
41 2 1 
42 2 1 
43 2 1 
44 2 1 
45 2 1 
46 3 1 
47 3 1 
48 3 1 
49 3 1 
50 3 1 
51 8 1 
52 8 1 
53 8 1 
54 8 1 
55 8 1 
56 8 1 
57 8 1 
58 8 1 
59 8 1 
60 8 1 
61 8 1 
62 8 1 
63 8 1 
64 8 1 
65 8 1 
66 8 1 
67 8 1 
68 8 1 
69 8 1 
70 8 1 
71 8 1 
72 8 1 
73 8 1 
74 8 1 
75 8 1 
76 8 1 
77 8 1 
78 4 1 
79 4 1 
80 4 1 
81 4 1 
82 4 1 
83 4 1 
84 4 1 
85 4 1 
86 4 1 
87 4 1 
88 5 1 
89 5 1 
90 5 1 
91 5 1 
92 5 1 
93 5 1 
94 5 1 
95 5 1 
96 5 1 
97 5 1 
98 5 1 
99 5 1 
100 5 1 
101 5 1 
102 5 1 
103 5 1 
104 7 1 
105 7 1 
106 7 1 
107 7 1 
108 7 1 
109 7 1 
110 7 1 
111 7 1 
112 7 1 
113 7 1 
114 7 1 
115 7 1 
116 7 1 
117 7 1 
118 7 1 
119 7 1 
120 7 1 
121 7 1 
122 7 1 
123 7 1 
124 8 1 
125 7 1 
126 7 1 
127 7 1 
128 7 1 
129 7 1 
130 7 1 
131 7 1 
132 7 1 
133 7 1 
134 7 1 
135 8 1 
136 8 1 
137 8 1 
138 8 1 
139 8 1 
140 8 1 
141 8 1 
142 1 1 
143 1 1 
144 1 1 
145 1 1 
146 1 1 
147 1 1 
148 1 1 
149 1 1 
150 1 1 
151 1 1 
152 1 1 
153 1 1 
154 1 1 
155 1 1 
156 1 1 
157 1 1 
158 1 1 
159 1 1 
160 1 1 
161 1 1 
162 1 1 
163 1 1 
164 1 1 
165 1 1 
166 1 1 
167 1 1 
168 1 1 
169 1 1 
170 1 2 
171 2 2 
172 2 2 
173 2 2 
174 2 2 
175 2 2 
176 2 2 
177 2 2 
178 2 2 
179 2 2 
180 2 2 
181 2 2 
182 3 2 
183 3 2 
184 3 2 
185 3 2 
186 3 2 
187 3 2 
188 3 2 
189 3 2 
190 3 2 
191 3 2 
192 3 2 
193 3 2 
194 3 2 
195 3 2 
196 3 2 
197 3 2 
198 3 2 
199 3 2 
200 3 2 
201 3 2 
202 3 2 
203 3 2 
204 3 2 
205 3 2 
206 3 2 
207 3 2 
208 1 2 
209 2 2 
210 3 2 
211 3 2 
212 3 2 
213 3 2 
214 3 2 
215 3 2 
216 3 2 
217 3 2 
218 3 2 
219 3 2 
220 6 2 
221 6 2 
222 6 2 
223 6 2 
224 6 2 
225 6 2 
226 6 2 
227 6 2 
228 6 2 
229 6 2 
230 6 2 
231 6 2 
232 6 2 
233 6 2 
234 6 2 
235 6 2 
236 6 2 
237 6 2 
238 6 2 
239 6 2 
240 6 2 
241 6 2 
242 8 2 
243 8 2 
244 8 2 
245 8 2 
246 8 2 
247 8 2 
248 8 2 
249 7 2 
250 7 2 
251 7 2 
252 7 2 
253 7 2 
254 7 2 
255 8 2 
256 8 2 
257 8 2 
258 8 2 
259 8 2 
260 8 2 
261 8 2 
262 8 2 
263 8 2 
264 8 2 
265 8 2 
266 5 2 
267 8 2 
268 8 2 
269 8 2 
270 8 2 
271 8 2 
272 8 2 
273 8 2 
274 8 2 
275 8 2 
276 8 2 
277 8 2 
278 8 2 
279 8 2 
280 8 2 
281 8 2 
282 8 2 
283 8 2 
284 8 2 
285 8 2 
286 8 2 
287 8 2 
288 8 2 
289 8 2 
290 8 2 
291 8 2 
292 8 2 
293 8 2 
294 8 2 
295 8 2 
296 8 2 
297 8 2 
298 8 2 
299 8 2 
300 8 2 
301 8 2 
302 8 2 
303 1 2 
304 1 2 
305 1 2 
306 1 2 
307 1 2 
308 1 2 
309 1 2 
310 1 2 
311 1 2 
312 1 2 
313 1 2 
314 1 2 
315 1 2 
316 1 2 
317 1 2 
318 1 2 
319 1 2 
320 1 2 
321 1 2 
322 1 3 
323 1 3 
324 1 3 
325 1 3 
326 2 3 
327 2 3 
328 2 3 
329 2 3 
330 2 3 
331 2 3 
332 2 3 
333 2 3 
334 3 3 
335 3 3 
336 3 3 
337 3 3 
338 3 3 
339 3 3 
340 3 3 
341 3 3 
342 3 3 
343 3 3 
344 8 3 
345 3 3 
346 3 3 
347 3 3 
348 3 3 
349 3 3 
350 3 3 
351 3 3 
352 3 3 
353 3 3 
354 3 3 
355 3 3 
356 3 3 
357 3 3 
358 3 3 
359 3 3 
360 3 3 
361 3 3 
362 3 3 
363 8 3 
364 8 3 
365 8 3 
366 8 3 
367 8 3 
368 8 3 
369 8 3 
370 8 3 
371 8 3 
372 8 3 
373 8 3 
374 8 3 
375 8 3 
376 8 3 
377 8 3 
378 8 3 
379 8 3 
380 8 3 
381 8 3 
382 5 3 
383 5 3 
384 5 3 
385 5 3 
386 5 3 
387 5 3 
388 5 3 
389 5 3 
390 5 3 
391 5 3 
392 5 3 
393 5 3 
394 5 3 
395 5 3 
396 5 3 
397 5 3 
398 8 3 
399 1 3 
400 2 3 
401 3 3 
402 3 3 
403 7 3 
404 7 3 
405 7 3 
406 7 3 
407 7 3 
408 8 3 
409 8 3 
410 7 3 
411 7 3 
412 7 3 
413 7 3 
414 7 3 
415 8 3 
416 8 3 
417 8 3 
418 8 3 
419 8 3 
420 8 3 
421 8 3 
422 8 3 
423 7 3 
424 7 3 
425 7 3 
426 7 3 
427 7 3 
428 7 3 
429 7 3 
430 7 3 
431 8 3 
432 8 3 
433 8 3 
434 8 3 
435 8 3 
436 8 3 
437 3 3 
438 3 3 
439 3 3 
440 3 3 
441 3 3 
442 8 3 
443 8 3 
444 8 3 
445 8 3 
446 8 3 
447 8 3 
448 8 3 
449 8 3 
450 8 3 
451 8 3 
452 8 3 
453 1 3 
454 1 3 
455 1 4 
456 1 4 
457 1 4 
458 1 4 
459 1 4 
460 1 4 
461 7 4 
462 2 4 
463 1 4 
464 1 4 
465 1 4 
466 1 4 
467 1 4 
468 1 4 
469 1 4 
470 1 4 
471 1 4 
472 1 4 
473 1 4 
474 1 4 
475 1 4 
476 1 4 
477 1 4 
478 1 4 
479 1 4 
480 1 4 
481 1 4 
482 2 4 
483 2 4 
484 2 4 
485 2 4 
486 2 4 
487 2 4 
488 2 4 
489 2 4 
490 2 4 
491 2 4 
492 2 4 
493 2 4 
494 2 4 
495 2 4 
496 2 4 
497 2 4 
498 2 4 
499 2 4 
500 2 4 
501 2 4 
502 2 4 
503 2 4 
504 2 4 
505 2 4 
506 2 4 
507 2 4 
508 2 4 
509 2 4 
510 2 4 
511 2 4 
512 2 4 
513 2 4 
514 2 4 
515 8 4 
516 8 4 
517 8 4 
518 8 4 
519 8 4 
520 8 4 
521 8 4 
522 8 4 
523 8 4 
524 8 4 
525 8 4 
526 8 4 
527 8 4 
528 8 4 
529 8 4 
530 8 4 
531 8 4 
532 8 4 
533 8 4 
534 3 4 
535 3 4 
536 3 4 
537 3 4 
538 3 4 
539 3 4 
540 3 4 
541 3 4 
542 3 4 
543 3 4 
544 3 4 
545 3 4 
546 3 4 
547 3 4 
548 3 4 
549 3 4 
550 3 4 
551 3 4 
552 3 4 
553 3 4 
554 3 4 
555 3 4 
556 3 4 
557 3 4 
558 3 4 
559 3 4 
560 3 4 
561 3 4 
562 3 4 
563 3 4 
564 3 4 
565 3 4 
566 3 4 
567 3 4 
568 3 4 
569 3 4 
570 3 4 
571 3 4 
572 4 4 
573 4 4 
574 4 4 
575 4 4 
576 4 4 
577 4 4 
578 4 4 
579 4 4 
580 4 4 
581 4 4 
582 4 4 
583 8 4 
584 4 4 
585 4 4 
586 4 4 
587 4 4 
588 4 4 
589 4 4 
590 4 4 
591 4 4 
592 4 4 
593 4 4 
594 6 4 
595 6 4 
596 6 4 
597 6 4 
598 6 4 
599 6 4 
600 6 4 
601 6 4 
602 6 4 
603 6 4 
604 6 4 
605 6 4 
606 6 4 
607 6 4 
608 6 4 
609 6 4 
610 6 4 
611 6 4 
612 6 4 
613 6 4 
614 7 4 
615 7 4 
616 7 4 
617 7 4 
618 7 4 
619 7 4 
620 7 4 
621 7 4 
622 7 4 
623 7 4 
624 7 4 
625 7 4 
626 7 4 
627 7 4 
628 7 4 
629 7 4 
630 7 4 
631 7 4 
632 7 4 
633 7 4 
634 7 4 
635 7 4 
636 7 4 
637 7 4 
638 7 4 
639 7 4 
640 7 4 
641 7 4 
642 7 4 
643 7 4 
644 7 4 
645 7 4 
646 7 4 
647 8 4 
648 8 4 
649 8 4 
650 8 4 
651 8 4 
652 5 4 
653 5 4 
654 7 4 
655 7 4 
656 7 4 
657 7 4 
658 7 4 
659 7 4 
660 7 4 
661 7 4 
662 7 4 
663 7 4 
664 5 4 
665 5 4 
666 8 4 
667 8 4 
668 8 4 
669 8 4 
670 8 4 
671 8 4 
672 8 4 
673 8 4 
674 8 4 
675 8 4 
676 8 4 
677 8 4 
678 8 4 
679 8 4 
680 8 4 
681 8 4 
682 8 4 
683 8 4 
684 1 4 
685 1 4 
686 1 4 
687 1 4 
688 1 4 
689 1 4 
690 1 4 
691 1 4 
692 1 4 
693 1 4 
694 1 5 
695 1 5 
696 1 5 
697 1 5 
698 1 5 
699 1 5 
700 1 5 
701 1 5 
702 1 5 
703 1 5 
704 1 5 
705 7 5 
706 2 5 
707 3 5 
708 2 5 
709 2 5 
710 2 5 
711 2 5 
712 2 5 
713 2 5 
714 2 5 
715 2 5 
716 4 5 
717 3 5 
718 3 5 
719 3 5 
720 3 5 
721 3 5 
722 3 5 
723 3 5 
724 3 5 
725 5 5 
726 3 5 
727 3 5 
728 5 5 
729 8 5 
730 8 5 
731 8 5 
732 7 5 
733 8 5 
734 8 5 
735 8 5 
736 8 5 
737 8 5 
738 8 5 
739 7 5 
740 7 5 
741 7 5 
742 7 5 
743 7 5 
744 7 5 
745 8 5 
746 7 5 
747 7 5 
748 7 5 
749 7 5 
750 7 5 
751 7 5 
;
end;
