param S := 674;
param T := 8;
param D := 5;
param windowsize := 0;

param A := 
1 211
2 26
3 10
4 84
5 140
6 55
7 4
8 4
9 27
10 158
11 106
12 42
13 141
14 115
15 150
16 88
17 537
18 186
19 133
20 9
21 36
22 71
23 8
24 137
25 38
26 6
27 34
28 34
29 80
30 7
31 122
32 14
33 6
34 16
35 6
36 8
37 40
38 22
39 18
40 88
41 9
42 4
43 9
44 7
45 9
46 4
47 9
48 3
49 17
50 4
51 4
52 7
53 12
54 2
55 265
56 107
57 106
58 133
59 107
60 6
61 5
62 9
63 9
64 6
65 9
66 123
67 107
68 265
69 110
70 110
71 221
72 47
73 9
74 4
75 7
76 9
77 7
78 2
79 1
80 84
81 67
82 28
83 55
84 80
85 222
86 15
87 38
88 95
89 13
90 11
91 7
92 7
93 2
94 18
95 2
96 7
97 4
98 5
99 15
100 33
101 4
102 22
103 18
104 22
105 13
106 40
107 5
108 2
109 44
110 11
111 7
112 4
113 2
114 13
115 12
116 4
117 4
118 20
119 4
120 35
121 2
122 34
123 4
124 46
125 12
126 91
127 36
128 73
129 55
130 55
131 55
132 9
133 12
134 50
135 50
136 8
137 44
138 110
139 134
140 20
141 168
142 27
143 110
144 107
145 33
146 4
147 7
148 6
149 158
150 79
151 97
152 9
153 12
154 134
155 9
156 21
157 0
158 109
159 146
160 52
161 109
162 61
163 3
164 8
165 8
166 9
167 7
168 26
169 25
170 9
171 9
172 2
173 36
174 0
175 150
176 186
177 40
178 72
179 50
180 12
181 4
182 24
183 52
184 69
185 9
186 37
187 71
188 71
189 0
190 24
191 12
192 61
193 1
194 15
195 44
196 54
197 60
198 2
199 4
200 9
201 7
202 4
203 4
204 2
205 4
206 9
207 14
208 13
209 22
210 15
211 11
212 4
213 4
214 4
215 62
216 88
217 44
218 102
219 22
220 21
221 43
222 66
223 1
224 1
225 1
226 1
227 12
228 9
229 13
230 4
231 4
232 2
233 27
234 11
235 4
236 14
237 8
238 11
239 8
240 2
241 1
242 27
243 22
244 9
245 7
246 7
247 2
248 2
249 8
250 6
251 2
252 6
253 2
254 14
255 28
256 7
257 5
258 3
259 6
260 36
261 33
262 9
263 9
264 12
265 12
266 48
267 12
268 3
269 12
270 5
271 13
272 102
273 18
274 4
275 4
276 2
277 4
278 8
279 4
280 1
281 1
282 5
283 1
284 4
285 7
286 1
287 1
288 0
289 1
290 3
291 3
292 3
293 2
294 1
295 15
296 3
297 3
298 3
299 3
300 5
301 12
302 17
303 24
304 0
305 32
306 10
307 11
308 12
309 7
310 66
311 54
312 14
313 27
314 14
315 13
316 8
317 2
318 5
319 4
320 40
321 66
322 36
323 13
324 11
325 64
326 177
327 9
328 12
329 125
330 97
331 9
332 5
333 12
334 24
335 5
336 28
337 0
338 101
339 48
340 85
341 81
342 81
343 79
344 238
345 55
346 11
347 11
348 9
349 4
350 4
351 80
352 51
353 31
354 137
355 58
356 7
357 10
358 4
359 1
360 5
361 47
362 0
363 35
364 12
365 35
366 66
367 22
368 60
369 22
370 5
371 9
372 36
373 64
374 146
375 52
376 88
377 106
378 80
379 98
380 221
381 86
382 88
383 23
384 18
385 53
386 88
387 0
388 88
389 27
390 19
391 22
392 11
393 36
394 44
395 22
396 66
397 9
398 4
399 8
400 9
401 8
402 14
403 3
404 6
405 1
406 1
407 11
408 6
409 26
410 0
411 3
412 2
413 4
414 2
415 36
416 36
417 9
418 2
419 2
420 39
421 5
422 4
423 0
424 9
425 1
426 11
427 4
428 16
429 0
430 7
431 9
432 15
433 66
434 52
435 90
436 110
437 150
438 97
439 106
440 86
441 86
442 38
443 6
444 6
445 6
446 6
447 8
448 10
449 32
450 23
451 27
452 44
453 55
454 27
455 221
456 100
457 20
458 4
459 27
460 4
461 44
462 2
463 1
464 1
465 22
466 18
467 4
468 13
469 4
470 21
471 10
472 179
473 99
474 86
475 265
476 133
477 76
478 68
479 106
480 236
481 14
482 2
483 9
484 13
485 15
486 10
487 2
488 5
489 39
490 9
491 11
492 12
493 12
494 22
495 1
496 2
497 1
498 42
499 28
500 4
501 55
502 2
503 86
504 9
505 59
506 100
507 11
508 110
509 66
510 2
511 2
512 133
513 7
514 1
515 5
516 4
517 2
518 5
519 7
520 9
521 4
522 9
523 4
524 9
525 4
526 4
527 9
528 7
529 7
530 0
531 8
532 2
533 4
534 4
535 13
536 4
537 14
538 4
539 0
540 212
541 133
542 106
543 221
544 96
545 158
546 2
547 17
548 100
549 125
550 50
551 50
552 35
553 17
554 24
555 109
556 91
557 91
558 36
559 292
560 73
561 103
562 0
563 84
564 63
565 134
566 474
567 13
568 5
569 11
570 5
571 6
572 3
573 88
574 7
575 8
576 2
577 4
578 2
579 13
580 4
581 18
582 44
583 4
584 4
585 4
586 2
587 18
588 9
589 149
590 24
591 7
592 11
593 15
594 31
595 9
596 11
597 11
598 4
599 5
600 5
601 4
602 2
603 7
604 7
605 2
606 2
607 3
608 16
609 0
610 16
611 4
612 9
613 4
614 4
615 133
616 21
617 9
618 13
619 4
620 7
621 4
622 5
623 9
624 9
625 12
626 3
627 9
628 4
629 1
630 113
631 22
632 221
633 42
634 42
635 8
636 9
637 18
638 26
639 55
640 73
641 73
642 146
643 36
644 36
645 11
646 122
647 61
648 11
649 61
650 18
651 18
652 9
653 7
654 4
655 7
656 4
657 5
658 51
659 5
660 18
661 101
662 46
663 42
664 52
665 29
666 37
667 78
668 42
669 8
670 9
671 4
672 9
673 2
674 6
;

param Ttarget := 
1 1 1000
2 1 1000
3 1 1000
4 1 1000
5 1 500
6 1 500
7 1 500
8 1 500
1 2 1000
2 2 1000
3 2 1000
4 2 1000
5 2 500
6 2 500
7 2 500
8 2 500
1 3 1000
2 3 1000
3 3 1000
4 3 1000
5 3 500
6 3 500
7 3 500
8 3 500
1 4 1000
2 4 1000
3 4 1000
4 4 1000
5 4 500
6 4 500
7 4 500
8 4 500
1 5 1000
2 5 1000
3 5 1000
4 5 1000
5 5 500
6 5 500
7 5 500
8 5 500
;

set Bannlisti := 
;
set Fixlisti := 
1 2 1 
2 2 1 
3 2 1 
4 2 1 
5 2 1 
6 8 1 
7 8 1 
8 8 1 
9 8 1 
10 3 1 
11 3 1 
12 3 1 
13 3 1 
14 3 1 
15 3 1 
16 3 1 
17 3 1 
18 3 1 
19 3 1 
20 3 1 
21 3 1 
22 3 1 
23 3 1 
24 3 1 
25 3 1 
26 3 1 
27 3 1 
28 3 1 
29 3 1 
30 3 1 
31 3 1 
32 3 1 
33 3 1 
34 3 1 
35 3 1 
36 3 1 
37 3 1 
38 3 1 
39 3 1 
40 3 1 
41 3 1 
42 3 1 
43 3 1 
44 3 1 
45 3 1 
46 3 1 
47 3 1 
48 3 1 
49 3 1 
50 3 1 
51 3 1 
52 3 1 
53 3 1 
54 3 1 
55 6 1 
56 6 1 
57 6 1 
58 6 1 
59 6 1 
60 6 1 
61 6 1 
62 6 1 
63 6 1 
64 6 1 
65 6 1 
66 6 1 
67 6 1 
68 6 1 
69 6 1 
70 6 1 
71 6 1 
72 6 1 
73 6 1 
74 6 1 
75 6 1 
76 6 1 
77 6 1 
78 6 1 
79 6 1 
80 6 1 
81 6 1 
82 6 1 
83 6 1 
84 6 1 
85 6 1 
86 6 1 
87 6 1 
88 6 1 
89 6 1 
90 1 1 
91 8 1 
92 8 1 
93 8 1 
94 1 1 
95 8 1 
96 8 1 
97 8 1 
98 8 1 
99 8 1 
100 8 1 
101 8 1 
102 8 1 
103 8 1 
104 8 1 
105 8 1 
106 8 1 
107 8 1 
108 8 1 
109 8 1 
110 8 1 
111 8 1 
112 8 1 
113 8 1 
114 7 1 
115 7 1 
116 7 1 
117 7 1 
118 7 1 
119 7 1 
120 7 1 
121 8 1 
122 1 1 
123 8 1 
124 8 1 
125 8 1 
126 1 1 
127 1 1 
128 1 1 
129 1 1 
130 1 1 
131 1 1 
132 1 1 
133 1 1 
134 1 1 
135 1 1 
136 1 1 
137 1 1 
138 1 1 
139 1 1 
140 1 1 
141 1 1 
142 1 1 
143 1 1 
144 1 1 
145 1 1 
146 1 1 
147 1 1 
148 1 1 
149 1 1 
150 1 1 
151 1 1 
152 1 1 
153 1 1 
154 1 1 
155 1 1 
156 1 1 
157 1 1 
158 2 2 
159 2 2 
160 2 2 
161 2 2 
162 8 2 
163 8 2 
164 8 2 
165 8 2 
166 8 2 
167 8 2 
168 8 2 
169 8 2 
170 8 2 
171 3 2 
172 3 2 
173 3 2 
174 3 2 
175 3 2 
176 3 2 
177 3 2 
178 3 2 
179 3 2 
180 3 2 
181 4 2 
182 4 2 
183 4 2 
184 4 2 
185 4 2 
186 4 2 
187 4 2 
188 4 2 
189 4 2 
190 4 2 
191 4 2 
192 4 2 
193 4 2 
194 4 2 
195 4 2 
196 4 2 
197 5 2 
198 5 2 
199 5 2 
200 5 2 
201 5 2 
202 5 2 
203 5 2 
204 5 2 
205 5 2 
206 5 2 
207 5 2 
208 5 2 
209 5 2 
210 5 2 
211 1 2 
212 8 2 
213 8 2 
214 8 2 
215 5 2 
216 5 2 
217 5 2 
218 5 2 
219 5 2 
220 5 2 
221 5 2 
222 5 2 
223 8 2 
224 8 2 
225 8 2 
226 8 2 
227 8 2 
228 8 2 
229 8 2 
230 8 2 
231 8 2 
232 8 2 
233 8 2 
234 8 2 
235 8 2 
236 7 2 
237 7 2 
238 7 2 
239 8 2 
240 8 2 
241 8 2 
242 7 2 
243 7 2 
244 7 2 
245 7 2 
246 7 2 
247 7 2 
248 7 2 
249 8 2 
250 8 2 
251 8 2 
252 8 1 
253 8 1 
254 8 1 
255 8 1 
256 8 1 
257 8 1 
258 8 1 
259 8 1 
260 8 2 
261 8 2 
262 8 2 
263 8 2 
264 3 2 
265 3 2 
266 3 2 
267 3 2 
268 3 2 
269 3 2 
270 8 2 
271 8 2 
272 5 2 
273 5 2 
274 5 2 
275 5 2 
276 7 2 
277 7 2 
278 7 2 
279 7 2 
280 7 2 
281 7 2 
282 7 2 
283 7 2 
284 7 2 
285 7 2 
286 7 2 
287 7 2 
288 7 2 
289 7 2 
290 7 2 
291 7 2 
292 7 2 
293 8 2 
294 7 2 
295 8 2 
296 8 2 
297 7 2 
298 7 2 
299 7 2 
300 7 2 
301 8 2 
302 8 2 
303 8 2 
304 8 2 
305 7 2 
306 7 2 
307 7 2 
308 7 2 
309 7 2 
310 8 2 
311 8 2 
312 8 2 
313 8 2 
314 8 2 
315 8 2 
316 8 2 
317 8 2 
318 8 2 
319 8 2 
320 7 2 
321 8 2 
322 8 2 
323 8 2 
324 8 2 
325 3 2 
326 5 2 
327 1 2 
328 1 2 
329 1 2 
330 1 2 
331 1 2 
332 1 2 
333 1 2 
334 1 2 
335 1 2 
336 1 2 
337 1 2 
338 1 2 
339 1 2 
340 1 2 
341 1 2 
342 1 2 
343 1 2 
344 1 2 
345 1 2 
346 1 2 
347 1 2 
348 1 2 
349 1 2 
350 1 2 
351 1 2 
352 1 2 
353 1 2 
354 1 2 
355 1 2 
356 1 2 
357 1 2 
358 1 2 
359 1 2 
360 1 2 
361 1 2 
362 1 2 
363 2 3 
364 2 3 
365 2 3 
366 2 3 
367 2 3 
368 2 3 
369 2 3 
370 2 3 
371 2 3 
372 2 3 
373 3 3 
374 3 3 
375 3 3 
376 3 3 
377 3 3 
378 3 3 
379 3 3 
380 3 3 
381 3 3 
382 3 3 
383 3 3 
384 3 3 
385 3 3 
386 3 3 
387 3 3 
388 3 3 
389 3 3 
390 3 3 
391 3 3 
392 3 3 
393 3 3 
394 3 3 
395 3 3 
396 3 3 
397 3 3 
398 3 3 
399 3 3 
400 3 3 
401 3 3 
402 3 3 
403 8 3 
404 8 3 
405 8 3 
406 8 3 
407 8 3 
408 8 3 
409 8 3 
410 8 3 
411 8 3 
412 8 3 
413 8 3 
414 8 3 
415 8 3 
416 8 3 
417 8 3 
418 8 3 
419 8 3 
420 8 3 
421 3 3 
422 8 3 
423 8 3 
424 8 3 
425 8 3 
426 8 3 
427 8 3 
428 8 3 
429 8 3 
430 8 3 
431 3 3 
432 3 3 
433 8 3 
434 6 3 
435 6 3 
436 6 3 
437 6 3 
438 6 3 
439 6 3 
440 6 3 
441 6 3 
442 6 3 
443 6 3 
444 6 3 
445 6 3 
446 6 3 
447 6 3 
448 6 3 
449 6 3 
450 6 3 
451 6 3 
452 6 3 
453 6 3 
454 6 3 
455 6 3 
456 6 3 
457 6 3 
458 6 3 
459 6 3 
460 6 3 
461 6 3 
462 6 3 
463 8 3 
464 8 3 
465 6 3 
466 8 3 
467 8 3 
468 6 3 
469 6 3 
470 8 3 
471 8 3 
472 6 3 
473 6 3 
474 6 3 
475 6 3 
476 6 3 
477 6 3 
478 6 3 
479 6 3 
480 6 3 
481 6 3 
482 6 3 
483 6 3 
484 6 3 
485 6 3 
486 6 3 
487 6 3 
488 6 3 
489 7 3 
490 7 3 
491 7 3 
492 7 3 
493 7 3 
494 7 3 
495 7 3 
496 7 3 
497 7 3 
498 7 3 
499 7 3 
500 7 3 
501 7 3 
502 7 3 
503 7 3 
504 7 3 
505 7 3 
506 7 3 
507 7 3 
508 7 3 
509 7 3 
510 7 3 
511 7 3 
512 7 3 
513 7 3 
514 7 3 
515 7 3 
516 7 3 
517 7 3 
518 7 3 
519 7 3 
520 7 3 
521 7 3 
522 7 3 
523 7 3 
524 7 3 
525 7 3 
526 7 3 
527 7 3 
528 6 3 
529 6 3 
530 7 3 
531 7 3 
532 7 3 
533 7 3 
534 7 3 
535 7 3 
536 7 3 
537 7 3 
538 7 3 
539 1 3 
540 1 3 
541 1 3 
542 1 3 
543 1 3 
544 1 3 
545 1 3 
546 7 3 
547 1 3 
548 1 3 
549 1 3 
550 1 3 
551 1 3 
552 1 3 
553 1 3 
554 1 3 
555 1 3 
556 1 3 
557 1 3 
558 1 3 
559 2 4 
560 2 4 
561 2 4 
562 2 4 
563 2 4 
564 2 4 
565 2 4 
566 2 4 
567 8 4 
568 8 4 
569 8 4 
570 8 4 
571 8 4 
572 8 4 
573 3 4 
574 8 4 
575 8 4 
576 8 4 
577 8 4 
578 8 4 
579 8 4 
580 8 4 
581 8 4 
582 8 4 
583 8 4 
584 8 4 
585 8 4 
586 8 4 
587 8 4 
588 3 4 
589 1 4 
590 3 4 
591 8 4 
592 8 4 
593 8 4 
594 8 4 
595 8 4 
596 8 4 
597 8 4 
598 8 4 
599 8 4 
600 8 4 
601 8 4 
602 8 4 
603 8 4 
604 8 4 
605 8 4 
606 8 4 
607 8 4 
608 8 4 
609 8 4 
610 8 4 
611 8 4 
612 8 4 
613 8 4 
614 8 4 
615 8 4 
616 8 4 
617 8 4 
618 8 4 
619 8 4 
620 8 4 
621 8 4 
622 8 4 
623 8 4 
624 8 4 
625 8 4 
626 8 4 
627 8 4 
628 8 4 
629 8 4 
630 1 4 
631 1 4 
632 1 4 
633 1 4 
634 1 4 
635 1 4 
636 1 4 
637 1 4 
638 1 4 
639 1 4 
640 1 4 
641 1 4 
642 1 4 
643 1 4 
644 1 4 
645 1 4 
646 1 4 
647 1 4 
648 1 4 
649 1 4 
650 1 4 
651 1 4 
652 1 4 
653 1 4 
654 1 4 
655 1 4 
656 1 4 
657 1 4 
658 1 4 
659 1 4 
660 1 4 
661 1 4 
662 1 4 
663 1 4 
664 1 4 
665 1 4 
666 1 4 
667 1 4 
668 1 4 
669 1 4 
670 1 4 
671 1 4 
672 1 4 
673 1 4 
674 8 4 
;
end;
