param S := 776;
param T := 8;
param D := 5;
param windowsize := 0;

param A := 
1 91
2 128
3 5
4 73
5 15
6 2
7 181
8 148
9 83
10 143
11 177
12 11
13 12
14 2
15 7
16 4
17 7
18 18
19 13
20 12
21 9
22 21
23 19
24 11
25 113
26 18
27 7
28 11
29 4
30 21
31 4
32 9
33 18
34 2
35 4
36 11
37 14
38 14
39 13
40 5
41 4
42 48
43 36
44 36
45 36
46 8
47 28
48 5
49 1
50 2
51 2
52 5
53 7
54 9
55 9
56 5
57 6
58 9
59 33
60 7
61 101
62 6
63 33
64 94
65 150
66 333
67 53
68 85
69 212
70 108
71 44
72 93
73 37
74 120
75 69
76 35
77 9
78 12
79 66
80 3
81 4
82 11
83 5
84 5
85 44
86 18
87 12
88 9
89 53
90 4
91 9
92 13
93 11
94 22
95 4
96 1
97 3
98 0
99 19
100 49
101 4
102 13
103 4
104 4
105 9
106 0
107 161
108 17
109 9
110 9
111 5
112 4
113 3
114 27
115 15
116 7
117 4
118 7
119 9
120 4
121 11
122 6
123 9
124 7
125 13
126 21
127 14
128 13
129 18
130 13
131 13
132 5
133 3
134 73
135 94
136 73
137 68
138 94
139 5
140 3
141 3
142 24
143 24
144 194
145 100
146 25
147 6
148 100
149 128
150 73
151 55
152 128
153 97
154 17
155 24
156 803
157 0
158 62
159 101
160 219
161 84
162 62
163 47
164 14
165 55
166 56
167 3
168 9
169 23
170 14
171 24
172 21
173 5
174 3
175 1
176 9
177 14
178 5
179 9
180 4
181 2
182 6
183 4
184 12
185 9
186 4
187 7
188 26
189 12
190 96
191 92
192 177
193 88
194 35
195 44
196 27
197 146
198 18
199 44
200 4
201 6
202 6
203 2
204 4
205 62
206 31
207 8
208 4
209 2
210 9
211 2
212 2
213 4
214 4
215 9
216 11
217 24
218 44
219 94
220 158
221 27
222 76
223 18
224 1
225 1
226 4
227 2
228 0
229 12
230 4
231 78
232 5
233 4
234 106
235 537
236 88
237 133
238 106
239 64
240 265
241 106
242 88
243 86
244 141
245 150
246 86
247 107
248 96
249 129
250 55
251 133
252 110
253 44
254 186
255 18
256 25
257 108
258 20
259 17
260 12
261 7
262 1
263 1
264 12
265 22
266 7
267 9
268 11
269 284
270 44
271 86
272 66
273 110
274 27
275 27
276 14
277 7
278 4
279 12
280 4
281 7
282 13
283 12
284 3
285 4
286 24
287 86
288 102
289 48
290 48
291 59
292 88
293 129
294 129
295 107
296 133
297 22
298 18
299 36
300 40
301 15
302 7
303 18
304 15
305 2
306 13
307 0
308 4
309 4
310 4
311 2
312 7
313 4
314 4
315 5
316 60
317 44
318 51
319 110
320 36
321 22
322 44
323 11
324 2
325 4
326 5
327 0
328 4
329 4
330 7
331 2
332 7
333 4
334 4
335 4
336 4
337 4
338 13
339 11
340 7
341 2
342 53
343 22
344 34
345 22
346 88
347 88
348 44
349 0
350 22
351 1
352 11
353 44
354 22
355 6
356 9
357 7
358 7
359 4
360 9
361 2
362 32
363 8
364 9
365 18
366 7
367 4
368 9
369 51
370 22
371 4
372 7
373 7
374 27
375 7
376 6
377 38
378 33
379 18
380 13
381 15
382 28
383 8
384 13
385 5
386 9
387 14
388 4
389 17
390 4
391 5
392 103
393 61
394 12
395 15
396 19
397 4
398 1
399 8
400 5
401 3
402 73
403 1
404 1
405 5
406 3
407 12
408 12
409 48
410 48
411 12
412 12
413 2
414 14
415 24
416 7
417 2
418 0
419 5
420 2
421 5
422 92
423 14
424 25
425 62
426 8
427 40
428 55
429 59
430 84
431 259
432 62
433 47
434 3
435 5
436 9
437 8
438 5
439 5
440 8
441 70
442 215
443 424
444 265
445 53
446 107
447 124
448 210
449 63
450 27
451 47
452 40
453 16
454 128
455 19
456 60
457 48
458 4
459 55
460 4
461 17
462 9
463 7
464 18
465 7
466 2
467 16
468 13
469 11
470 13
471 14
472 190
473 93
474 125
475 143
476 53
477 221
478 110
479 64
480 129
481 123
482 6
483 9
484 5
485 6
486 193
487 36
488 106
489 4
490 7
491 4
492 3
493 9
494 2
495 13
496 35
497 21
498 14
499 2
500 2
501 22
502 9
503 13
504 8
505 22
506 179
507 4
508 4
509 4
510 11
511 7
512 4
513 2
514 9
515 4
516 4
517 5
518 5
519 1
520 11
521 7
522 36
523 11
524 26
525 39
526 17
527 17
528 0
529 4
530 4
531 4
532 4
533 9
534 4
535 4
536 0
537 9
538 4
539 4
540 11
541 9
542 0
543 9
544 2
545 40
546 0
547 4
548 26
549 7
550 3
551 7
552 110
553 22
554 9
555 100
556 56
557 11
558 22
559 86
560 18
561 92
562 27
563 92
564 66
565 46
566 1
567 7
568 51
569 5
570 5
571 8
572 4
573 2
574 2
575 2
576 6
577 4
578 1
579 4
580 13
581 4
582 13
583 2
584 2
585 10
586 5
587 22
588 0
589 5
590 2
591 4
592 4
593 4
594 7
595 5
596 11
597 9
598 4
599 14
600 13
601 4
602 359
603 7
604 7
605 7
606 13
607 5
608 9
609 9
610 4
611 7
612 11
613 11
614 80
615 44
616 110
617 5
618 12
619 9
620 6
621 54
622 3
623 4
624 16
625 0
626 16
627 17
628 100
629 182
630 73
631 5
632 25
633 11
634 1
635 0
636 109
637 5
638 50
639 5
640 134
641 11
642 259
643 79
644 7
645 77
646 475
647 11
648 18
649 4
650 24
651 304
652 39
653 18
654 55
655 18
656 4
657 4
658 9
659 4
660 19
661 4
662 20
663 2
664 4
665 43
666 84
667 6
668 219
669 36
670 84
671 73
672 63
673 51
674 134
675 2
676 2
677 9
678 4
679 24
680 9
681 7
682 14
683 20
684 9
685 53
686 26
687 146
688 292
689 14
690 2
691 12
692 6
693 7
694 2
695 10
696 10
697 6
698 10
699 10
700 6
701 6
702 36
703 14
704 7
705 54
706 18
707 7
708 7
709 1
710 3
711 18
712 4
713 6
714 8
715 5
716 1
717 7
718 4
719 11
720 11
721 14
722 14
723 7
724 8
725 2
726 5
727 3
728 108
729 12
730 12
731 1
732 12
733 101
734 47
735 14
736 101
737 79
738 40
739 42
740 15
741 83
742 31
743 109
744 35
745 17
746 137
747 14
748 59
749 5
750 9
751 23
752 3
753 36
754 40
755 44
756 442
757 40
758 44
759 88
760 15
761 13
762 13
763 14
764 6
765 8
766 9
767 9
768 9
769 23
770 47
771 5
772 152
773 146
774 9
775 8
776 27
;

param Ttarget := 
1 1 1000
2 1 1000
3 1 1000
4 1 1000
5 1 500
6 1 500
7 1 500
8 1 500
1 2 1000
2 2 1000
3 2 1000
4 2 1000
5 2 500
6 2 500
7 2 500
8 2 500
1 3 1000
2 3 1000
3 3 1000
4 3 1000
5 3 500
6 3 500
7 3 500
8 3 500
1 4 1000
2 4 1000
3 4 1000
4 4 1000
5 4 500
6 4 500
7 4 500
8 4 500
1 5 1000
2 5 1000
3 5 1000
4 5 1000
5 5 500
6 5 500
7 5 500
8 5 500
;

set Bannlisti := 
;
set Fixlisti := 
1 2 1 
2 2 1 
3 2 1 
4 2 1 
5 7 1 
6 5 1 
7 3 1 
8 3 1 
9 3 1 
10 3 1 
11 3 1 
12 3 1 
13 3 1 
14 3 1 
15 3 1 
16 3 1 
17 3 1 
18 3 1 
19 3 1 
20 3 1 
21 3 1 
22 3 1 
23 3 1 
24 3 1 
25 3 1 
26 3 1 
27 3 1 
28 3 1 
29 3 1 
30 3 1 
31 3 1 
32 3 1 
33 3 1 
34 3 1 
35 3 1 
36 3 1 
37 3 1 
38 3 1 
39 3 1 
40 3 1 
41 3 1 
42 4 1 
43 4 1 
44 4 1 
45 4 1 
46 4 1 
47 3 1 
48 3 1 
49 3 1 
50 3 1 
51 3 1 
52 1 1 
53 8 1 
54 6 1 
55 6 1 
56 6 1 
57 6 1 
58 6 1 
59 6 1 
60 6 1 
61 6 1 
62 6 1 
63 6 1 
64 6 1 
65 6 1 
66 6 1 
67 6 1 
68 6 1 
69 6 1 
70 6 1 
71 6 1 
72 6 1 
73 6 1 
74 6 1 
75 6 1 
76 6 1 
77 6 1 
78 6 1 
79 6 1 
80 6 1 
81 6 1 
82 6 1 
83 6 1 
84 1 1 
85 7 1 
86 7 1 
87 7 1 
88 7 1 
89 8 1 
90 8 1 
91 8 1 
92 8 1 
93 8 1 
94 8 1 
95 8 1 
96 8 1 
97 8 1 
98 8 1 
99 8 1 
100 8 1 
101 8 1 
102 8 1 
103 8 1 
104 8 1 
105 8 1 
106 8 1 
107 7 1 
108 8 1 
109 8 1 
110 8 1 
111 8 1 
112 8 1 
113 8 1 
114 8 1 
115 8 1 
116 8 1 
117 8 1 
118 8 1 
119 8 1 
120 8 1 
121 8 1 
122 8 1 
123 8 1 
124 8 1 
125 8 1 
126 8 1 
127 8 1 
128 8 1 
129 8 1 
130 8 1 
131 8 1 
132 8 1 
133 8 1 
134 8 1 
135 8 1 
136 8 1 
137 8 1 
138 8 1 
139 8 1 
140 8 1 
141 8 1 
142 1 1 
143 1 1 
144 1 1 
145 1 1 
146 1 1 
147 1 1 
148 1 1 
149 1 1 
150 1 1 
151 1 1 
152 1 1 
153 1 1 
154 1 1 
155 1 1 
156 1 1 
157 1 1 
158 1 1 
159 1 1 
160 1 1 
161 1 1 
162 1 1 
163 1 1 
164 1 2 
165 1 2 
166 1 1 
167 1 1 
168 1 2 
169 6 2 
170 1 2 
171 8 2 
172 7 2 
173 1 2 
174 1 1 
175 1 2 
176 1 2 
177 1 1 
178 1 2 
179 1 2 
180 8 2 
181 8 2 
182 8 2 
183 8 2 
184 8 2 
185 8 2 
186 8 2 
187 8 2 
188 2 2 
189 2 2 
190 2 2 
191 2 2 
192 2 2 
193 2 2 
194 2 2 
195 2 2 
196 2 2 
197 2 2 
198 2 2 
199 2 2 
200 2 2 
201 2 2 
202 2 2 
203 2 2 
204 2 2 
205 2 2 
206 2 2 
207 8 2 
208 8 2 
209 8 2 
210 8 2 
211 8 2 
212 8 2 
213 8 2 
214 8 2 
215 8 2 
216 8 2 
217 8 2 
218 8 2 
219 8 2 
220 8 2 
221 8 2 
222 8 2 
223 8 2 
224 8 2 
225 8 2 
226 8 2 
227 8 2 
228 8 2 
229 8 2 
230 8 2 
231 8 2 
232 8 2 
233 8 2 
234 3 2 
235 3 2 
236 3 2 
237 3 2 
238 3 2 
239 3 2 
240 3 2 
241 3 2 
242 3 2 
243 3 2 
244 3 2 
245 3 2 
246 3 2 
247 3 2 
248 3 2 
249 3 2 
250 3 2 
251 3 2 
252 3 2 
253 3 2 
254 3 2 
255 3 2 
256 3 2 
257 3 2 
258 3 2 
259 3 2 
260 3 2 
261 3 2 
262 3 2 
263 3 2 
264 3 2 
265 3 2 
266 3 2 
267 3 2 
268 3 2 
269 3 2 
270 3 2 
271 3 2 
272 3 2 
273 3 2 
274 3 2 
275 3 2 
276 3 2 
277 3 2 
278 3 2 
279 3 2 
280 3 2 
281 3 2 
282 3 2 
283 3 2 
284 4 2 
285 4 2 
286 4 2 
287 4 2 
288 4 2 
289 4 2 
290 4 2 
291 4 2 
292 4 2 
293 4 2 
294 4 2 
295 4 2 
296 4 2 
297 4 2 
298 4 2 
299 4 2 
300 4 2 
301 4 2 
302 4 2 
303 4 2 
304 4 2 
305 4 2 
306 4 2 
307 4 2 
308 5 2 
309 5 2 
310 5 2 
311 5 2 
312 5 2 
313 5 2 
314 5 2 
315 5 2 
316 5 2 
317 5 2 
318 5 2 
319 5 2 
320 5 2 
321 5 2 
322 5 2 
323 5 2 
324 5 2 
325 5 2 
326 5 2 
327 5 2 
328 5 2 
329 5 2 
330 5 2 
331 5 2 
332 5 2 
333 5 2 
334 5 2 
335 5 2 
336 5 2 
337 5 2 
338 5 2 
339 5 2 
340 5 2 
341 5 2 
342 5 2 
343 5 2 
344 5 2 
345 5 2 
346 5 2 
347 5 2 
348 5 2 
349 5 2 
350 5 2 
351 8 2 
352 8 2 
353 8 2 
354 8 2 
355 8 2 
356 8 2 
357 8 2 
358 8 2 
359 8 2 
360 8 2 
361 8 2 
362 8 2 
363 8 2 
364 8 2 
365 8 2 
366 8 2 
367 8 2 
368 8 2 
369 5 2 
370 5 2 
371 5 2 
372 5 2 
373 5 2 
374 5 2 
375 5 2 
376 5 2 
377 5 2 
378 8 2 
379 8 2 
380 8 2 
381 7 2 
382 7 2 
383 7 2 
384 7 2 
385 7 2 
386 7 2 
387 7 2 
388 7 2 
389 7 2 
390 7 2 
391 7 2 
392 7 2 
393 8 2 
394 8 2 
395 8 2 
396 8 2 
397 8 2 
398 7 2 
399 7 2 
400 7 2 
401 7 2 
402 7 2 
403 7 2 
404 7 2 
405 7 2 
406 7 2 
407 3 2 
408 3 2 
409 3 2 
410 3 2 
411 3 2 
412 3 2 
413 3 2 
414 8 2 
415 8 2 
416 8 2 
417 8 2 
418 8 2 
419 8 2 
420 8 2 
421 8 2 
422 8 2 
423 8 2 
424 1 -28 
425 1 -28 
426 1 -28 
427 1 -28 
428 1 -28 
429 1 -28 
430 1 -28 
431 1 -28 
432 1 -28 
433 1 -28 
434 1 2 
435 1 2 
436 1 2 
437 1 2 
438 1 2 
439 1 2 
440 1 2 
441 1 2 
442 1 2 
443 1 2 
444 1 2 
445 1 2 
446 1 2 
447 1 2 
448 1 2 
449 1 2 
450 1 2 
451 1 2 
452 1 2 
453 1 -28 
454 2 -28 
455 2 -28 
456 2 -28 
457 2 -28 
458 8 -28 
459 8 -28 
460 8 -28 
461 8 -28 
462 8 -28 
463 8 -28 
464 8 -28 
465 8 -28 
466 8 -28 
467 8 -28 
468 8 -28 
469 8 -28 
470 8 -28 
471 6 -28 
472 6 -28 
473 6 -28 
474 6 -28 
475 6 -28 
476 6 -28 
477 6 -28 
478 6 -28 
479 6 -28 
480 6 -28 
481 6 -28 
482 6 -28 
483 6 -28 
484 6 -28 
485 6 -28 
486 6 -28 
487 6 -28 
488 6 -28 
489 6 -28 
490 6 -28 
491 6 -28 
492 6 -28 
493 6 -28 
494 6 -28 
495 6 -28 
496 7 -28 
497 7 -28 
498 7 -28 
499 7 -28 
500 7 -28 
501 7 -28 
502 7 -28 
503 7 -28 
504 7 -28 
505 5 -28 
506 5 -28 
507 7 -28 
508 7 -28 
509 7 -28 
510 7 -28 
511 7 -28 
512 7 -28 
513 7 -28 
514 7 -28 
515 7 -28 
516 7 -28 
517 7 -28 
518 7 -28 
519 7 -28 
520 7 -28 
521 7 -28 
522 7 -28 
523 7 -28 
524 7 -28 
525 7 -28 
526 7 -28 
527 7 -28 
528 7 -28 
529 7 -28 
530 7 -28 
531 7 -28 
532 7 -28 
533 7 -28 
534 7 -28 
535 7 -28 
536 7 -28 
537 7 -28 
538 7 -28 
539 7 -28 
540 7 -28 
541 7 -28 
542 7 -28 
543 7 -28 
544 7 -28 
545 7 -28 
546 7 -28 
547 7 -28 
548 7 -28 
549 7 -28 
550 7 -28 
551 7 -28 
552 7 -28 
553 7 -28 
554 7 -28 
555 7 -28 
556 7 -28 
557 7 -28 
558 7 -28 
559 7 -28 
560 7 -28 
561 7 -28 
562 7 -28 
563 7 -28 
564 7 -28 
565 7 -28 
566 7 -28 
567 7 -28 
568 7 -28 
569 7 -28 
570 8 -28 
571 8 -28 
572 8 -28 
573 8 -28 
574 8 -28 
575 8 -28 
576 8 -28 
577 8 -28 
578 8 -28 
579 8 -28 
580 7 -28 
581 7 -28 
582 7 -28 
583 8 -28 
584 7 -28 
585 5 -28 
586 7 -28 
587 7 -28 
588 7 -28 
589 7 -28 
590 7 -28 
591 7 -28 
592 7 -28 
593 7 -28 
594 7 -28 
595 7 -28 
596 7 -28 
597 7 -28 
598 7 -28 
599 7 -28 
600 7 -28 
601 7 -28 
602 7 -28 
603 8 -28 
604 8 -28 
605 8 -28 
606 8 -28 
607 8 -28 
608 8 -28 
609 8 -28 
610 8 -28 
611 8 -28 
612 8 -28 
613 8 -28 
614 8 -28 
615 8 -28 
616 8 -28 
617 8 -28 
618 8 -28 
619 8 -28 
620 8 -28 
621 8 -28 
622 8 -28 
623 8 -28 
624 8 -28 
625 8 -28 
626 8 -28 
627 1 -28 
628 1 -28 
629 1 -28 
630 1 -28 
631 1 -28 
632 1 -28 
633 1 -28 
634 2 -27 
635 8 -27 
636 1 -28 
637 1 -28 
638 1 -28 
639 1 -28 
640 1 -28 
641 1 -28 
642 1 -28 
643 1 -28 
644 1 -28 
645 1 -28 
646 1 -28 
647 8 -27 
648 8 -27 
649 8 -27 
650 8 -27 
651 8 -27 
652 8 -27 
653 8 -27 
654 8 -27 
655 8 -27 
656 8 -27 
657 8 -27 
658 8 -27 
659 8 -27 
660 8 -27 
661 8 -27 
662 8 -27 
663 8 -27 
664 8 -27 
665 2 -27 
666 2 -27 
667 2 -27 
668 2 -27 
669 2 -27 
670 2 -27 
671 2 -27 
672 2 -27 
673 2 -27 
674 2 -27 
675 2 -27 
676 2 -27 
677 2 -27 
678 8 -27 
679 8 -27 
680 8 -27 
681 8 -27 
682 8 -27 
683 8 -27 
684 8 -27 
685 1 -27 
686 4 -27 
687 4 -27 
688 4 -27 
689 8 -27 
690 8 -27 
691 8 -27 
692 8 -27 
693 8 -27 
694 8 -27 
695 8 -27 
696 8 -27 
697 8 -27 
698 8 -27 
699 8 -27 
700 8 -27 
701 8 -27 
702 8 -27 
703 8 -27 
704 8 -27 
705 8 -27 
706 8 -27 
707 8 -27 
708 8 -27 
709 8 -27 
710 8 -27 
711 8 -27 
712 8 -27 
713 8 -27 
714 8 -27 
715 8 -27 
716 8 -27 
717 7 -27 
718 7 -27 
719 7 -27 
720 7 -27 
721 7 -27 
722 7 -27 
723 7 -27 
724 7 -27 
725 8 -27 
726 8 -27 
727 7 -27 
728 8 -27 
729 8 -27 
730 8 -27 
731 8 -27 
732 8 -27 
733 1 -27 
734 1 -27 
735 1 -27 
736 1 -27 
737 1 -27 
738 1 -27 
739 1 -27 
740 1 -27 
741 1 -27 
742 1 -27 
743 1 -27 
744 1 -27 
745 1 -27 
746 1 -27 
747 1 -27 
748 1 -27 
749 1 -27 
750 1 -27 
751 1 -27 
752 1 -27 
753 1 -27 
754 1 -27 
755 1 -27 
756 1 -27 
757 1 -27 
758 1 -27 
759 1 -27 
760 1 -27 
761 1 -27 
762 1 -27 
763 1 -27 
764 1 -27 
765 1 -27 
766 1 -27 
767 1 -27 
768 1 -27 
769 1 -27 
770 1 -27 
771 1 -27 
772 1 -27 
773 1 -27 
774 1 -27 
775 1 -27 
776 1 -27 
;
end;
