param S := 869;
param T := 8;
param D := 5;
param windowsize := 0;

param A := 
1 68
2 13
3 72
4 60
5 4
6 328
7 52
8 36
9 18
10 29
11 71
12 179
13 29
14 18
15 40
16 16
17 18
18 76
19 22
20 6
21 5
22 7
23 16
24 6
25 20
26 12
27 13
28 52
29 52
30 9
31 36
32 36
33 8
34 16
35 6
36 17
37 0
38 17
39 52
40 36
41 11
42 36
43 18
44 2
45 45
46 129
47 186
48 13
49 12
50 26
51 24
52 1
53 55
54 44
55 106
56 59
57 64
58 8
59 18
60 36
61 18
62 7
63 7
64 2
65 1
66 18
67 2
68 6
69 18
70 1
71 3
72 3
73 3
74 6
75 18
76 5
77 7
78 7
79 12
80 6
81 18
82 14
83 5
84 12
85 3
86 2
87 32
88 9
89 18
90 27
91 30
92 11
93 9
94 5
95 27
96 22
97 76
98 37
99 46
100 143
101 83
102 46
103 54
104 86
105 55
106 55
107 8
108 5
109 43
110 65
111 29
112 24
113 48
114 32
115 24
116 36
117 13
118 7
119 14
120 5
121 12
122 9
123 22
124 27
125 13
126 32
127 106
128 63
129 33
130 110
131 13
132 18
133 398
134 55
135 45
136 8
137 12
138 2
139 9
140 12
141 0
142 3
143 38
144 1
145 9
146 4
147 1
148 4
149 5
150 9
151 1
152 3
153 0
154 2
155 1
156 2
157 2
158 1
159 97
160 13
161 14
162 27
163 83
164 36
165 30
166 5
167 0
168 7
169 8
170 25
171 109
172 128
173 219
174 73
175 17
176 17
177 100
178 75
179 150
180 12
181 50
182 201
183 50
184 97
185 106
186 63
187 127
188 5
189 0
190 3
191 2
192 8
193 2
194 40
195 22
196 9
197 4
198 18
199 4
200 4
201 2
202 11
203 31
204 64
205 146
206 52
207 106
208 107
209 133
210 107
211 80
212 106
213 115
214 88
215 107
216 106
217 107
218 106
219 221
220 358
221 66
222 86
223 129
224 186
225 52
226 177
227 250
228 4
229 4
230 13
231 5
232 18
233 18
234 0
235 36
236 20
237 71
238 111
239 23
240 66
241 125
242 62
243 72
244 44
245 30
246 110
247 44
248 44
249 88
250 37
251 36
252 22
253 13
254 34
255 38
256 7
257 44
258 72
259 11
260 35
261 35
262 18
263 35
264 18
265 16
266 14
267 18
268 94
269 42
270 88
271 106
272 150
273 215
274 68
275 106
276 222
277 27
278 53
279 53
280 53
281 133
282 56
283 4
284 22
285 31
286 22
287 18
288 80
289 14
290 44
291 106
292 86
293 2
294 110
295 265
296 13
297 12
298 106
299 27
300 20
301 9
302 18
303 4
304 7
305 53
306 9
307 10
308 22
309 13
310 73
311 16
312 20
313 31
314 12
315 22
316 1
317 7
318 5
319 7
320 7
321 18
322 27
323 13
324 18
325 9
326 14
327 20
328 25
329 4
330 7
331 7
332 7
333 12
334 26
335 9
336 12
337 2
338 12
339 26
340 18
341 11
342 9
343 14
344 9
345 66
346 133
347 8
348 4
349 9
350 3
351 8
352 18
353 14
354 14
355 9
356 9
357 3
358 0
359 81
360 318
361 22
362 133
363 265
364 424
365 133
366 166
367 215
368 11
369 9
370 4
371 21
372 56
373 40
374 44
375 44
376 44
377 22
378 22
379 22
380 18
381 14
382 11
383 27
384 4
385 18
386 18
387 4
388 11
389 22
390 193
391 88
392 107
393 221
394 106
395 168
396 221
397 221
398 107
399 72
400 2
401 1
402 0
403 2
404 1
405 2
406 2
407 2
408 2
409 146
410 146
411 91
412 36
413 63
414 32
415 12
416 0
417 0
418 0
419 18
420 301
421 20
422 3
423 97
424 86
425 48
426 5
427 24
428 9
429 15
430 106
431 88
432 4
433 36
434 15
435 22
436 22
437 66
438 36
439 19
440 9
441 9
442 18
443 0
444 31
445 0
446 59
447 94
448 39
449 44
450 11
451 66
452 38
453 4
454 22
455 7
456 88
457 24
458 36
459 37
460 22
461 11
462 3
463 11
464 4
465 64
466 6
467 4
468 2
469 7
470 14
471 4
472 42
473 8
474 6
475 10
476 3
477 34
478 5
479 21
480 91
481 9
482 14
483 15
484 32
485 53
486 55
487 5
488 7
489 46
490 49
491 1
492 61
493 84
494 22
495 40
496 23
497 25
498 31
499 30
500 5
501 59
502 52
503 36
504 101
505 146
506 95
507 79
508 12
509 100
510 100
511 75
512 150
513 100
514 150
515 35
516 80
517 9
518 114
519 46
520 83
521 28
522 46
523 10
524 17
525 76
526 54
527 46
528 11
529 304
530 122
531 112
532 243
533 22
534 79
535 84
536 63
537 219
538 73
539 4
540 4
541 0
542 0
543 7
544 44
545 37
546 139
547 36
548 9
549 31
550 5
551 11
552 9
553 18
554 24
555 83
556 46
557 66
558 38
559 32
560 66
561 93
562 2
563 112
564 2
565 133
566 106
567 141
568 150
569 98
570 66
571 133
572 23
573 11
574 44
575 53
576 122
577 7
578 11
579 36
580 44
581 27
582 44
583 88
584 13
585 23
586 5
587 5
588 9
589 30
590 3
591 39
592 23
593 2
594 2
595 2
596 29
597 40
598 27
599 36
600 22
601 73
602 143
603 36
604 52
605 5
606 13
607 27
608 4
609 4
610 22
611 7
612 4
613 6
614 7
615 4
616 13
617 12
618 0
619 1
620 6
621 13
622 10
623 49
624 53
625 0
626 65
627 55
628 55
629 36
630 44
631 25
632 9
633 36
634 37
635 305
636 22
637 27
638 55
639 37
640 63
641 45
642 38
643 53
644 75
645 22
646 90
647 221
648 115
649 85
650 106
651 265
652 36
653 110
654 46
655 86
656 46
657 51
658 32
659 14
660 30
661 2
662 9
663 4
664 6
665 9
666 7
667 5
668 4
669 4
670 5
671 2
672 4
673 13
674 25
675 3
676 18
677 14
678 36
679 4
680 18
681 18
682 14
683 106
684 53
685 181
686 42
687 56
688 55
689 13
690 63
691 29
692 36
693 7
694 22
695 51
696 14
697 18
698 18
699 11
700 9
701 2
702 13
703 4
704 9
705 6
706 14
707 24
708 0
709 12
710 12
711 12
712 48
713 48
714 12
715 6
716 6
717 9
718 6
719 6
720 14
721 17
722 24
723 11
724 44
725 44
726 13
727 11
728 9
729 22
730 18
731 4
732 12
733 9
734 2
735 9
736 12
737 18
738 4
739 7
740 18
741 133
742 36
743 11
744 146
745 73
746 109
747 73
748 182
749 18
750 100
751 243
752 19
753 44
754 13
755 11
756 47
757 47
758 152
759 47
760 48
761 81
762 81
763 79
764 158
765 81
766 221
767 64
768 0
769 12
770 24
771 0
772 0
773 109
774 19
775 16
776 51
777 86
778 14
779 107
780 12
781 20
782 106
783 73
784 6
785 9
786 134
787 21
788 65
789 133
790 107
791 86
792 86
793 106
794 133
795 86
796 88
797 20
798 13
799 17
800 17
801 5
802 9
803 6
804 20
805 20
806 6
807 18
808 7
809 11
810 8
811 9
812 36
813 72
814 44
815 18
816 9
817 65
818 65
819 15
820 5
821 5
822 5
823 5
824 8
825 29
826 16
827 7
828 44
829 40
830 22
831 9
832 9
833 13
834 14
835 9
836 4
837 6
838 5
839 146
840 61
841 24
842 94
843 12
844 135
845 34
846 84
847 22
848 40
849 4
850 96
851 9
852 46
853 51
854 219
855 101
856 123
857 30
858 60
859 3
860 23
861 14
862 0
863 5
864 182
865 9
866 125
867 12
868 125
869 24
;

param Ttarget := 
1 1 1000
2 1 1000
3 1 1000
4 1 1000
5 1 500
6 1 500
7 1 500
8 1 500
1 2 1000
2 2 1000
3 2 1000
4 2 1000
5 2 500
6 2 500
7 2 500
8 2 500
1 3 1000
2 3 1000
3 3 1000
4 3 1000
5 3 500
6 3 500
7 3 500
8 3 500
1 4 1000
2 4 1000
3 4 1000
4 4 1000
5 4 500
6 4 500
7 4 500
8 4 500
1 5 1000
2 5 1000
3 5 1000
4 5 1000
5 5 500
6 5 500
7 5 500
8 5 500
;

set Bannlisti := 
;
set Fixlisti := 
1 2 1 
2 2 1 
3 2 1 
4 2 1 
5 2 1 
6 2 1 
7 2 1 
8 2 1 
9 2 1 
10 2 1 
11 2 1 
12 2 1 
13 2 1 
14 2 1 
15 2 1 
16 2 1 
17 8 1 
18 8 1 
19 8 1 
20 8 1 
21 8 1 
22 8 1 
23 4 1 
24 4 1 
25 4 1 
26 4 1 
27 4 1 
28 4 1 
29 4 1 
30 4 1 
31 4 1 
32 4 1 
33 8 1 
34 8 1 
35 8 1 
36 8 1 
37 8 1 
38 3 1 
39 3 1 
40 3 1 
41 3 1 
42 3 1 
43 3 1 
44 8 1 
45 3 1 
46 3 1 
47 3 1 
48 3 1 
49 4 1 
50 4 1 
51 4 1 
52 1 1 
53 4 1 
54 4 1 
55 4 1 
56 4 1 
57 4 1 
58 4 1 
59 8 1 
60 8 1 
61 8 1 
62 8 1 
63 8 1 
64 8 1 
65 8 1 
66 8 1 
67 8 1 
68 8 1 
69 8 1 
70 8 1 
71 8 1 
72 8 1 
73 8 1 
74 8 1 
75 8 1 
76 8 1 
77 8 1 
78 8 1 
79 8 1 
80 8 1 
81 8 1 
82 8 1 
83 8 1 
84 8 1 
85 8 1 
86 8 1 
87 7 1 
88 7 1 
89 7 1 
90 7 1 
91 7 1 
92 7 1 
93 7 1 
94 7 1 
95 7 1 
96 7 1 
97 7 1 
98 7 1 
99 7 1 
100 7 1 
101 7 1 
102 7 1 
103 7 1 
104 7 1 
105 7 1 
106 7 1 
107 7 1 
108 7 1 
109 7 1 
110 7 1 
111 7 1 
112 7 1 
113 7 1 
114 7 1 
115 8 1 
116 8 1 
117 7 1 
118 7 1 
119 7 1 
120 7 1 
121 7 1 
122 7 1 
123 7 1 
124 7 1 
125 7 1 
126 7 1 
127 7 1 
128 7 1 
129 7 1 
130 7 1 
131 7 1 
132 7 1 
133 7 1 
134 7 1 
135 7 1 
136 8 1 
137 8 1 
138 8 1 
139 8 1 
140 8 1 
141 8 1 
142 8 1 
143 8 1 
144 8 1 
145 8 1 
146 8 1 
147 8 1 
148 8 1 
149 8 1 
150 8 1 
151 1 1 
152 1 1 
153 8 1 
154 8 1 
155 8 1 
156 1 1 
157 1 1 
158 8 1 
159 1 1 
160 1 1 
161 3 1 
162 1 1 
163 1 1 
164 1 1 
165 1 2 
166 1 1 
167 1 1 
168 1 1 
169 1 1 
170 1 1 
171 1 1 
172 1 1 
173 1 1 
174 1 1 
175 1 1 
176 1 1 
177 1 1 
178 1 1 
179 1 1 
180 1 1 
181 1 1 
182 1 1 
183 1 1 
184 1 1 
185 2 2 
186 2 2 
187 2 2 
188 2 2 
189 2 2 
190 2 2 
191 2 2 
192 8 2 
193 8 2 
194 8 2 
195 8 2 
196 8 2 
197 8 2 
198 8 2 
199 8 2 
200 8 2 
201 8 2 
202 8 2 
203 8 2 
204 3 2 
205 3 2 
206 3 2 
207 3 2 
208 3 2 
209 3 2 
210 3 2 
211 3 2 
212 3 2 
213 3 2 
214 3 2 
215 3 2 
216 3 2 
217 3 2 
218 3 2 
219 3 2 
220 3 2 
221 3 2 
222 3 2 
223 3 2 
224 3 2 
225 3 2 
226 3 2 
227 3 2 
228 3 2 
229 3 2 
230 3 2 
231 3 2 
232 3 2 
233 3 2 
234 3 2 
235 3 2 
236 3 2 
237 3 2 
238 3 2 
239 3 2 
240 3 2 
241 3 2 
242 3 2 
243 3 2 
244 3 2 
245 3 2 
246 3 2 
247 3 2 
248 3 2 
249 3 2 
250 3 2 
251 3 2 
252 3 2 
253 3 2 
254 3 2 
255 3 2 
256 3 2 
257 3 2 
258 3 2 
259 3 2 
260 3 2 
261 3 2 
262 3 2 
263 3 2 
264 3 2 
265 5 2 
266 3 2 
267 3 2 
268 6 2 
269 6 2 
270 6 2 
271 6 2 
272 6 2 
273 6 2 
274 6 2 
275 6 2 
276 6 2 
277 6 2 
278 6 2 
279 6 2 
280 6 2 
281 6 2 
282 6 2 
283 6 2 
284 6 2 
285 6 2 
286 6 2 
287 6 2 
288 6 2 
289 6 2 
290 6 2 
291 6 2 
292 6 2 
293 6 2 
294 6 2 
295 6 2 
296 6 2 
297 6 2 
298 6 2 
299 6 2 
300 6 2 
301 8 2 
302 8 2 
303 8 2 
304 8 2 
305 8 2 
306 8 2 
307 8 2 
308 8 2 
309 8 2 
310 8 2 
311 8 2 
312 7 2 
313 7 2 
314 7 2 
315 7 2 
316 8 2 
317 8 2 
318 8 2 
319 8 2 
320 8 2 
321 8 2 
322 8 2 
323 8 2 
324 8 2 
325 8 2 
326 8 2 
327 8 2 
328 8 2 
329 8 2 
330 8 2 
331 8 2 
332 8 2 
333 8 2 
334 8 2 
335 8 2 
336 8 2 
337 8 2 
338 8 2 
339 8 2 
340 8 2 
341 8 2 
342 8 2 
343 8 2 
344 8 2 
345 8 2 
346 8 2 
347 8 2 
348 8 2 
349 8 2 
350 8 2 
351 8 2 
352 8 2 
353 8 2 
354 8 2 
355 8 2 
356 8 2 
357 8 2 
358 8 2 
359 1 3 
360 1 3 
361 1 3 
362 1 3 
363 1 3 
364 1 3 
365 1 3 
366 1 3 
367 1 3 
368 1 2 
369 1 2 
370 1 2 
371 1 2 
372 1 2 
373 1 2 
374 1 2 
375 1 2 
376 1 2 
377 1 2 
378 1 2 
379 1 2 
380 1 2 
381 1 3 
382 1 2 
383 1 2 
384 1 2 
385 1 2 
386 1 2 
387 1 2 
388 1 2 
389 1 2 
390 1 3 
391 1 3 
392 1 3 
393 1 3 
394 1 3 
395 1 3 
396 1 2 
397 1 2 
398 1 2 
399 1 2 
400 8 3 
401 1 3 
402 2 3 
403 3 3 
404 8 3 
405 3 3 
406 5 3 
407 1 3 
408 3 3 
409 2 3 
410 2 3 
411 2 3 
412 2 3 
413 2 3 
414 3 3 
415 3 3 
416 2 3 
417 2 3 
418 4 3 
419 3 3 
420 3 3 
421 3 3 
422 2 3 
423 4 3 
424 4 3 
425 4 3 
426 4 3 
427 4 3 
428 4 3 
429 4 3 
430 4 3 
431 4 3 
432 4 3 
433 4 3 
434 4 3 
435 5 3 
436 5 3 
437 5 3 
438 5 3 
439 5 3 
440 5 3 
441 5 3 
442 5 3 
443 5 3 
444 5 3 
445 5 3 
446 8 3 
447 8 3 
448 8 3 
449 8 3 
450 8 3 
451 8 3 
452 8 3 
453 8 3 
454 5 3 
455 8 3 
456 5 3 
457 8 3 
458 8 3 
459 8 3 
460 8 3 
461 8 3 
462 7 3 
463 7 3 
464 7 3 
465 7 3 
466 7 3 
467 7 3 
468 7 3 
469 8 3 
470 8 3 
471 8 3 
472 8 3 
473 8 3 
474 8 3 
475 8 3 
476 7 3 
477 7 3 
478 7 3 
479 7 3 
480 7 3 
481 7 3 
482 7 3 
483 7 3 
484 7 3 
485 8 3 
486 8 3 
487 8 3 
488 8 3 
489 8 3 
490 8 3 
491 8 3 
492 1 3 
493 1 3 
494 1 3 
495 1 3 
496 1 3 
497 1 3 
498 1 3 
499 1 3 
500 1 3 
501 1 3 
502 1 3 
503 1 3 
504 1 3 
505 1 3 
506 1 3 
507 1 3 
508 4 4 
509 1 3 
510 1 3 
511 1 3 
512 1 3 
513 1 3 
514 1 3 
515 1 3 
516 1 3 
517 1 3 
518 1 3 
519 1 3 
520 1 3 
521 1 3 
522 1 3 
523 1 3 
524 1 3 
525 1 3 
526 1 3 
527 1 3 
528 1 3 
529 1 3 
530 1 3 
531 1 3 
532 1 3 
533 1 3 
534 1 3 
535 2 4 
536 2 4 
537 2 4 
538 2 4 
539 8 4 
540 8 4 
541 2 4 
542 7 4 
543 2 4 
544 2 4 
545 2 4 
546 2 4 
547 2 4 
548 2 4 
549 2 4 
550 8 4 
551 2 4 
552 2 4 
553 2 4 
554 2 4 
555 2 4 
556 2 4 
557 2 4 
558 2 4 
559 2 4 
560 2 4 
561 2 4 
562 2 4 
563 2 4 
564 8 4 
565 3 4 
566 3 4 
567 3 4 
568 3 4 
569 3 4 
570 3 4 
571 3 4 
572 3 4 
573 3 4 
574 3 4 
575 3 4 
576 3 4 
577 3 4 
578 3 4 
579 3 4 
580 3 4 
581 3 4 
582 3 4 
583 3 4 
584 3 4 
585 3 4 
586 3 4 
587 3 4 
588 3 4 
589 3 4 
590 8 4 
591 8 4 
592 8 4 
593 8 4 
594 8 4 
595 8 4 
596 8 4 
597 8 4 
598 8 4 
599 8 4 
600 8 4 
601 8 4 
602 8 4 
603 8 4 
604 8 4 
605 3 4 
606 3 4 
607 8 4 
608 8 4 
609 8 4 
610 8 4 
611 8 4 
612 8 4 
613 8 4 
614 8 4 
615 8 4 
616 8 4 
617 8 4 
618 8 4 
619 8 4 
620 6 4 
621 6 4 
622 6 4 
623 6 4 
624 6 4 
625 6 4 
626 6 4 
627 6 4 
628 6 4 
629 6 4 
630 6 4 
631 6 4 
632 6 4 
633 6 4 
634 6 4 
635 6 4 
636 6 4 
637 6 4 
638 6 4 
639 6 4 
640 6 4 
641 6 4 
642 6 4 
643 6 4 
644 6 4 
645 6 4 
646 6 4 
647 6 4 
648 6 4 
649 6 4 
650 6 4 
651 6 4 
652 6 4 
653 6 4 
654 6 4 
655 6 4 
656 6 4 
657 6 4 
658 6 4 
659 6 4 
660 6 4 
661 6 4 
662 6 4 
663 6 4 
664 6 4 
665 6 4 
666 6 4 
667 6 4 
668 6 4 
669 6 4 
670 7 4 
671 8 4 
672 8 4 
673 7 4 
674 7 4 
675 7 4 
676 7 4 
677 7 4 
678 7 4 
679 7 4 
680 7 4 
681 7 4 
682 7 4 
683 7 4 
684 7 4 
685 7 4 
686 7 4 
687 7 4 
688 7 4 
689 7 4 
690 7 4 
691 7 4 
692 7 4 
693 7 4 
694 7 4 
695 7 4 
696 7 4 
697 7 4 
698 7 4 
699 8 4 
700 8 4 
701 8 4 
702 8 4 
703 8 4 
704 8 4 
705 7 4 
706 7 4 
707 7 4 
708 7 4 
709 3 4 
710 3 4 
711 3 4 
712 3 4 
713 3 4 
714 3 4 
715 3 4 
716 3 4 
717 7 4 
718 7 4 
719 7 4 
720 8 4 
721 1 4 
722 2 4 
723 8 4 
724 8 4 
725 8 4 
726 8 4 
727 8 4 
728 8 4 
729 8 4 
730 8 4 
731 8 4 
732 8 4 
733 8 4 
734 8 4 
735 8 4 
736 8 4 
737 8 4 
738 8 4 
739 8 4 
740 8 4 
741 8 4 
742 8 4 
743 8 4 
744 1 4 
745 1 4 
746 1 4 
747 1 4 
748 1 4 
749 1 4 
750 1 5 
751 1 5 
752 1 4 
753 1 4 
754 1 4 
755 1 4 
756 1 4 
757 1 4 
758 1 4 
759 1 4 
760 1 4 
761 1 4 
762 1 4 
763 1 4 
764 1 4 
765 1 4 
766 1 4 
767 1 4 
768 1 4 
769 1 4 
770 1 4 
771 1 4 
772 1 4 
773 1 4 
774 2 5 
775 2 5 
776 2 5 
777 8 5 
778 8 5 
779 8 5 
780 8 5 
781 8 5 
782 2 5 
783 2 5 
784 8 5 
785 8 5 
786 2 5 
787 8 5 
788 3 5 
789 3 5 
790 3 5 
791 3 5 
792 3 5 
793 3 5 
794 3 5 
795 3 5 
796 3 5 
797 3 5 
798 3 5 
799 3 5 
800 3 5 
801 3 5 
802 3 5 
803 3 5 
804 8 5 
805 3 5 
806 3 5 
807 3 5 
808 3 5 
809 3 5 
810 3 5 
811 3 5 
812 3 5 
813 3 5 
814 3 5 
815 3 5 
816 3 5 
817 7 5 
818 7 5 
819 8 5 
820 8 5 
821 8 5 
822 7 5 
823 8 5 
824 8 5 
825 8 5 
826 8 5 
827 8 5 
828 8 5 
829 8 5 
830 8 5 
831 8 5 
832 8 5 
833 8 5 
834 8 5 
835 8 5 
836 8 5 
837 8 5 
838 8 5 
839 1 5 
840 8 5 
841 8 5 
842 8 5 
843 8 5 
844 8 5 
845 8 5 
846 1 5 
847 1 5 
848 1 5 
849 1 5 
850 1 5 
851 1 5 
852 1 5 
853 1 5 
854 1 5 
855 1 5 
856 1 5 
857 1 5 
858 1 5 
859 1 5 
860 1 5 
861 1 5 
862 1 5 
863 1 5 
864 1 5 
865 1 5 
866 1 5 
867 1 5 
868 1 5 
869 1 5 
;
end;
