param S := 717;
param T := 8;
param D := 5;
param windowsize := 0;

param A := 
1 27
2 50
3 50
4 24
5 50
6 5
7 5
8 5
9 91
10 16
11 73
12 81
13 24
14 30
15 14
16 13
17 7
18 2
19 3
20 10
21 49
22 12
23 95
24 168
25 7
26 14
27 4
28 6
29 73
30 24
31 129
32 18
33 18
34 18
35 76
36 129
37 2
38 9
39 22
40 11
41 63
42 110
43 215
44 7
45 2
46 16
47 5
48 5
49 1
50 8
51 26
52 12
53 12
54 24
55 8
56 30
57 76
58 17
59 36
60 27
61 9
62 22
63 13
64 5
65 5
66 13
67 13
68 5
69 2
70 62
71 44
72 7
73 25
74 38
75 4
76 23
77 8
78 4
79 12
80 8
81 7
82 186
83 20
84 150
85 6
86 12
87 24
88 24
89 86
90 36
91 48
92 24
93 81
94 64
95 40
96 11
97 20
98 2
99 5
100 6
101 1
102 7
103 7
104 6
105 18
106 7
107 100
108 2
109 18
110 44
111 26
112 20
113 25
114 25
115 0
116 0
117 44
118 31
119 179
120 36
121 44
122 30
123 13
124 16
125 14
126 8
127 72
128 55
129 13
130 13
131 13
132 25
133 11
134 22
135 18
136 27
137 11
138 97
139 22
140 36
141 90
142 4
143 11
144 14
145 10
146 4
147 23
148 24
149 14
150 4
151 4
152 1
153 1
154 3
155 4
156 5
157 8
158 5
159 24
160 1
161 1
162 4
163 2
164 2
165 2
166 4
167 27
168 4
169 13
170 2
171 2
172 1
173 28
174 50
175 50
176 226
177 50
178 146
179 91
180 109
181 146
182 55
183 73
184 182
185 35
186 109
187 84
188 36
189 106
190 106
191 292
192 3
193 40
194 27
195 4
196 2
197 7
198 4
199 4
200 2
201 2
202 4
203 8
204 2
205 9
206 44
207 13
208 7
209 5
210 30
211 86
212 98
213 250
214 7
215 64
216 146
217 133
218 106
219 86
220 115
221 88
222 150
223 86
224 133
225 4
226 36
227 71
228 23
229 44
230 36
231 9
232 72
233 45
234 4
235 19
236 6
237 53
238 7
239 8
240 18
241 36
242 22
243 22
244 40
245 2
246 9
247 4
248 4
249 4
250 13
251 4
252 4
253 2
254 28
255 94
256 42
257 150
258 107
259 86
260 265
261 4
262 7
263 4
264 4
265 4
266 4
267 2
268 2
269 5
270 4
271 2
272 7
273 66
274 5
275 7
276 27
277 40
278 94
279 44
280 27
281 7
282 9
283 7
284 7
285 24
286 4
287 4
288 0
289 55
290 4
291 4
292 8
293 4
294 2
295 0
296 9
297 6
298 13
299 8
300 9
301 9
302 4
303 4
304 9
305 7
306 14
307 9
308 13
309 9
310 22
311 9
312 4
313 9
314 22
315 18
316 4
317 14
318 18
319 4
320 6
321 2
322 2
323 4
324 2
325 2
326 2
327 8
328 18
329 22
330 27
331 27
332 193
333 106
334 265
335 221
336 133
337 40
338 10
339 0
340 6
341 15
342 46
343 101
344 131
345 18
346 143
347 104
348 14
349 76
350 8
351 17
352 75
353 50
354 28
355 17
356 130
357 24
358 109
359 182
360 6
361 11
362 5
363 5
364 28
365 177
366 221
367 88
368 134
369 73
370 64
371 221
372 106
373 168
374 113
375 2
376 2
377 26
378 4
379 12
380 47
381 237
382 146
383 91
384 23
385 24
386 134
387 47
388 0
389 296
390 35
391 18
392 72
393 11
394 88
395 35
396 28
397 93
398 5
399 4
400 2
401 2
402 11
403 129
404 44
405 150
406 12
407 25
408 9
409 26
410 24
411 36
412 24
413 24
414 108
415 6
416 129
417 129
418 12
419 52
420 1
421 0
422 0
423 52
424 59
425 36
426 12
427 134
428 203
429 119
430 203
431 69
432 18
433 47
434 44
435 44
436 44
437 18
438 29
439 100
440 107
441 27
442 10
443 7
444 34
445 54
446 14
447 22
448 44
449 127
450 9
451 43
452 110
453 97
454 69
455 5
456 13
457 4
458 27
459 8
460 4
461 13
462 18
463 8
464 11
465 9
466 2
467 2
468 12
469 6
470 6
471 4
472 12
473 12
474 1
475 28
476 28
477 2
478 6
479 9
480 4
481 7
482 2
483 4
484 4
485 7
486 23
487 65
488 8
489 11
490 8
491 30
492 1
493 9
494 3
495 10
496 1
497 3
498 0
499 1
500 0
501 1
502 1
503 4
504 3
505 1
506 1
507 9
508 4
509 0
510 7
511 182
512 36
513 182
514 31
515 23
516 21
517 8
518 21
519 5
520 96
521 21
522 80
523 31
524 146
525 668
526 0
527 211
528 0
529 79
530 73
531 0
532 2
533 10
534 1
535 5
536 71
537 111
538 6
539 23
540 26
541 44
542 44
543 11
544 46
545 27
546 3
547 9
548 6
549 7
550 52
551 107
552 106
553 141
554 106
555 107
556 177
557 86
558 11
559 7
560 4
561 29
562 22
563 44
564 62
565 44
566 11
567 2
568 3
569 16
570 24
571 26
572 6
573 2
574 7
575 7
576 13
577 2
578 4
579 20
580 2
581 80
582 29
583 18
584 18
585 36
586 129
587 53
588 26
589 22
590 13
591 13
592 7
593 7
594 7
595 9
596 0
597 12
598 0
599 0
600 0
601 1
602 0
603 1
604 53
605 53
606 53
607 133
608 8
609 23
610 61
611 28
612 5
613 15
614 52
615 90
616 88
617 265
618 72
619 133
620 86
621 133
622 212
623 110
624 107
625 4
626 7
627 25
628 6
629 9
630 0
631 13
632 104
633 44
634 25
635 90
636 36
637 100
638 46
639 9
640 29
641 59
642 28
643 19
644 32
645 2
646 24
647 6
648 9
649 19
650 0
651 0
652 0
653 5
654 17
655 106
656 42
657 44
658 3
659 31
660 22
661 7
662 9
663 7
664 44
665 9
666 9
667 18
668 90
669 86
670 82
671 106
672 59
673 22
674 7
675 11
676 45
677 14
678 2
679 13
680 13
681 11
682 13
683 7
684 4
685 122
686 106
687 42
688 35
689 9
690 46
691 28
692 18
693 106
694 181
695 7
696 22
697 7
698 7
699 5
700 24
701 26
702 9
703 14
704 9
705 9
706 2
707 2
708 18
709 4
710 4
711 27
712 20
713 56
714 22
715 11
716 38
717 79
;

param Ttarget := 
1 1 1000
2 1 1000
3 1 1000
4 1 1000
5 1 500
6 1 500
7 1 500
8 1 500
1 2 1000
2 2 1000
3 2 1000
4 2 1000
5 2 500
6 2 500
7 2 500
8 2 500
1 3 1000
2 3 1000
3 3 1000
4 3 1000
5 3 500
6 3 500
7 3 500
8 3 500
1 4 1000
2 4 1000
3 4 1000
4 4 1000
5 4 500
6 4 500
7 4 500
8 4 500
1 5 1000
2 5 1000
3 5 1000
4 5 1000
5 5 500
6 5 500
7 5 500
8 5 500
;

set Bannlisti := 
;
set Fixlisti := 
1 1 1 
2 1 1 
3 1 1 
4 1 1 
5 1 1 
6 1 1 
7 1 1 
8 1 1 
9 1 1 
10 1 1 
11 1 1 
12 1 1 
13 1 1 
14 1 1 
15 1 1 
16 1 1 
17 1 1 
18 1 1 
19 1 1 
20 2 1 
21 2 1 
22 2 1 
23 2 1 
24 2 1 
25 8 1 
26 8 1 
27 8 1 
28 8 1 
29 8 1 
30 8 1 
31 8 1 
32 8 1 
33 8 1 
34 8 1 
35 8 1 
36 8 1 
37 8 1 
38 8 1 
39 8 1 
40 8 1 
41 8 1 
42 8 1 
43 8 1 
44 8 1 
45 8 1 
46 8 1 
47 8 1 
48 8 1 
49 8 1 
50 3 1 
51 3 1 
52 3 1 
53 3 1 
54 3 1 
55 3 1 
56 3 1 
57 3 1 
58 3 1 
59 3 1 
60 3 1 
61 3 1 
62 3 1 
63 3 1 
64 3 1 
65 3 1 
66 3 1 
67 3 1 
68 3 1 
69 3 1 
70 3 1 
71 3 1 
72 3 1 
73 3 1 
74 3 1 
75 3 1 
76 3 1 
77 3 1 
78 3 1 
79 3 1 
80 3 1 
81 3 1 
82 3 1 
83 3 1 
84 3 1 
85 4 1 
86 4 1 
87 4 1 
88 4 1 
89 4 1 
90 4 1 
91 4 1 
92 4 1 
93 4 1 
94 4 1 
95 4 1 
96 4 1 
97 3 1 
98 8 1 
99 8 1 
100 8 1 
101 8 1 
102 8 1 
103 8 1 
104 8 1 
105 8 1 
106 8 1 
107 8 1 
108 8 1 
109 8 1 
110 5 1 
111 5 1 
112 1 1 
113 1 1 
114 1 1 
115 1 1 
116 1 1 
117 5 1 
118 5 1 
119 5 1 
120 5 1 
121 5 1 
122 5 1 
123 5 1 
124 5 1 
125 7 1 
126 7 1 
127 7 1 
128 7 1 
129 7 1 
130 7 1 
131 7 1 
132 7 1 
133 7 1 
134 7 1 
135 7 1 
136 1 1 
137 7 1 
138 7 1 
139 7 1 
140 8 1 
141 7 1 
142 7 1 
143 7 1 
144 7 1 
145 7 1 
146 7 1 
147 7 1 
148 8 1 
149 8 1 
150 8 1 
151 8 1 
152 8 1 
153 8 1 
154 8 1 
155 8 1 
156 8 1 
157 8 1 
158 8 1 
159 8 1 
160 1 1 
161 1 1 
162 6 1 
163 6 1 
164 3 1 
165 3 1 
166 1 1 
167 1 1 
168 1 1 
169 1 1 
170 8 1 
171 8 1 
172 1 2 
173 1 2 
174 1 2 
175 1 2 
176 1 2 
177 1 2 
178 1 2 
179 1 2 
180 1 2 
181 1 2 
182 1 2 
183 1 2 
184 2 2 
185 2 2 
186 2 2 
187 2 2 
188 2 2 
189 2 2 
190 2 2 
191 2 2 
192 2 2 
193 8 2 
194 8 2 
195 8 2 
196 8 2 
197 8 2 
198 8 2 
199 8 2 
200 8 2 
201 8 2 
202 8 2 
203 8 2 
204 8 2 
205 3 2 
206 3 2 
207 3 2 
208 3 2 
209 3 2 
210 3 2 
211 3 2 
212 3 2 
213 3 2 
214 3 2 
215 3 2 
216 3 2 
217 3 2 
218 3 2 
219 3 2 
220 3 2 
221 3 2 
222 3 2 
223 3 2 
224 3 2 
225 3 2 
226 3 2 
227 3 2 
228 3 2 
229 3 2 
230 3 2 
231 3 2 
232 3 2 
233 3 2 
234 3 2 
235 3 2 
236 3 2 
237 3 2 
238 3 2 
239 3 2 
240 3 2 
241 3 2 
242 3 2 
243 3 2 
244 3 2 
245 3 2 
246 3 2 
247 3 2 
248 3 2 
249 3 2 
250 3 2 
251 3 2 
252 3 2 
253 3 2 
254 3 2 
255 6 2 
256 6 2 
257 6 2 
258 6 2 
259 6 2 
260 6 2 
261 8 2 
262 7 2 
263 7 2 
264 7 2 
265 7 2 
266 8 2 
267 8 2 
268 8 2 
269 8 2 
270 8 2 
271 8 2 
272 8 2 
273 8 2 
274 8 2 
275 8 2 
276 8 2 
277 7 2 
278 7 2 
279 7 2 
280 7 2 
281 8 2 
282 8 2 
283 8 2 
284 8 2 
285 8 2 
286 6 2 
287 6 2 
288 6 2 
289 6 2 
290 8 2 
291 8 2 
292 8 2 
293 8 2 
294 8 2 
295 8 2 
296 7 2 
297 7 2 
298 7 2 
299 8 2 
300 8 2 
301 8 2 
302 8 2 
303 8 2 
304 8 2 
305 8 2 
306 8 2 
307 8 2 
308 8 2 
309 8 2 
310 8 2 
311 8 2 
312 8 2 
313 8 2 
314 8 2 
315 8 2 
316 2 2 
317 8 2 
318 8 2 
319 8 2 
320 8 2 
321 8 2 
322 8 2 
323 8 2 
324 8 2 
325 8 2 
326 8 2 
327 8 2 
328 8 2 
329 8 2 
330 8 2 
331 8 2 
332 1 3 
333 1 3 
334 1 3 
335 1 3 
336 1 3 
337 1 3 
338 1 3 
339 1 3 
340 1 3 
341 1 3 
342 1 3 
343 1 3 
344 1 3 
345 1 3 
346 1 3 
347 1 3 
348 1 3 
349 1 3 
350 1 3 
351 1 3 
352 1 3 
353 1 3 
354 1 3 
355 1 3 
356 1 3 
357 1 3 
358 1 3 
359 1 3 
360 1 3 
361 1 3 
362 1 3 
363 1 3 
364 1 3 
365 1 3 
366 1 3 
367 1 3 
368 1 3 
369 1 3 
370 1 3 
371 1 3 
372 1 3 
373 1 3 
374 1 3 
375 8 3 
376 8 3 
377 2 3 
378 2 3 
379 2 3 
380 2 3 
381 2 3 
382 2 3 
383 2 3 
384 2 3 
385 2 3 
386 2 3 
387 8 3 
388 8 3 
389 2 3 
390 2 3 
391 2 3 
392 2 3 
393 2 3 
394 2 3 
395 2 3 
396 2 3 
397 2 3 
398 2 3 
399 2 3 
400 2 3 
401 2 3 
402 3 3 
403 3 3 
404 3 3 
405 3 3 
406 3 3 
407 3 3 
408 3 3 
409 3 3 
410 3 3 
411 3 3 
412 3 3 
413 3 3 
414 3 3 
415 8 3 
416 4 3 
417 4 3 
418 4 3 
419 4 3 
420 4 3 
421 4 3 
422 4 3 
423 4 3 
424 4 3 
425 4 3 
426 4 3 
427 4 3 
428 5 3 
429 5 3 
430 5 3 
431 5 3 
432 5 3 
433 5 3 
434 5 3 
435 5 3 
436 5 3 
437 5 3 
438 5 3 
439 5 3 
440 5 3 
441 5 3 
442 5 3 
443 5 3 
444 1 3 
445 5 3 
446 5 3 
447 8 3 
448 8 3 
449 8 3 
450 8 3 
451 5 3 
452 5 3 
453 7 3 
454 7 3 
455 7 3 
456 8 3 
457 8 3 
458 8 3 
459 8 3 
460 8 3 
461 8 3 
462 7 3 
463 7 3 
464 7 3 
465 1 3 
466 7 3 
467 7 3 
468 3 3 
469 3 3 
470 3 3 
471 3 3 
472 8 3 
473 8 3 
474 8 3 
475 8 3 
476 8 3 
477 8 3 
478 8 3 
479 7 3 
480 7 3 
481 7 3 
482 7 3 
483 7 3 
484 7 3 
485 7 3 
486 7 3 
487 7 3 
488 7 3 
489 7 3 
490 7 3 
491 7 3 
492 7 3 
493 7 3 
494 7 3 
495 8 3 
496 7 3 
497 7 3 
498 7 3 
499 7 3 
500 7 3 
501 7 3 
502 7 3 
503 7 3 
504 7 3 
505 7 3 
506 7 3 
507 8 3 
508 8 3 
509 1 3 
510 1 4 
511 1 4 
512 1 4 
513 1 4 
514 1 4 
515 1 4 
516 1 4 
517 1 4 
518 1 4 
519 1 4 
520 1 4 
521 2 4 
522 2 4 
523 2 4 
524 4 4 
525 2 4 
526 2 4 
527 2 4 
528 2 4 
529 2 4 
530 2 4 
531 2 4 
532 2 4 
533 8 4 
534 8 4 
535 8 4 
536 3 4 
537 3 4 
538 3 4 
539 3 4 
540 3 4 
541 3 4 
542 3 4 
543 3 4 
544 3 4 
545 3 4 
546 3 4 
547 3 4 
548 3 4 
549 3 4 
550 3 4 
551 3 4 
552 3 4 
553 3 4 
554 3 4 
555 3 4 
556 3 4 
557 3 4 
558 3 4 
559 3 4 
560 3 4 
561 3 4 
562 3 4 
563 3 4 
564 3 4 
565 3 4 
566 3 4 
567 3 4 
568 8 4 
569 8 4 
570 8 4 
571 8 4 
572 8 4 
573 8 4 
574 8 4 
575 8 4 
576 8 4 
577 8 4 
578 8 4 
579 8 4 
580 8 4 
581 8 4 
582 8 4 
583 8 4 
584 8 4 
585 8 4 
586 8 4 
587 8 4 
588 8 4 
589 8 4 
590 8 4 
591 3 4 
592 3 4 
593 3 4 
594 8 4 
595 8 4 
596 8 4 
597 8 4 
598 8 4 
599 8 4 
600 8 4 
601 8 4 
602 8 4 
603 8 4 
604 6 4 
605 6 4 
606 6 4 
607 6 4 
608 6 4 
609 6 4 
610 6 4 
611 6 4 
612 6 4 
613 6 4 
614 6 4 
615 6 4 
616 6 4 
617 6 4 
618 6 4 
619 6 4 
620 6 4 
621 6 4 
622 6 4 
623 6 4 
624 6 4 
625 6 4 
626 6 4 
627 6 4 
628 6 4 
629 6 4 
630 6 4 
631 6 4 
632 6 4 
633 6 4 
634 6 4 
635 6 4 
636 6 4 
637 6 4 
638 6 4 
639 7 4 
640 7 4 
641 7 4 
642 7 4 
643 7 4 
644 7 4 
645 7 4 
646 8 4 
647 6 4 
648 6 4 
649 6 4 
650 6 4 
651 6 4 
652 6 4 
653 6 4 
654 6 4 
655 7 4 
656 7 4 
657 7 4 
658 7 4 
659 7 4 
660 8 4 
661 7 4 
662 7 4 
663 7 4 
664 7 4 
665 7 4 
666 7 4 
667 8 4 
668 7 4 
669 7 4 
670 7 4 
671 7 4 
672 7 4 
673 7 4 
674 7 4 
675 7 4 
676 7 4 
677 7 4 
678 7 4 
679 8 4 
680 8 4 
681 8 4 
682 8 4 
683 8 4 
684 8 4 
685 7 4 
686 7 4 
687 7 4 
688 7 4 
689 7 4 
690 7 4 
691 7 4 
692 7 4 
693 7 4 
694 7 4 
695 7 4 
696 8 4 
697 8 4 
698 8 4 
699 8 4 
700 7 4 
701 7 4 
702 7 4 
703 7 4 
704 7 4 
705 6 4 
706 6 4 
707 6 4 
708 6 4 
709 6 4 
710 6 4 
711 6 4 
712 6 4 
713 6 4 
714 8 4 
715 8 4 
716 6 4 
717 6 4 
;
end;
