param S := 758;
param T := 8;
param D := 5;
param windowsize := 0;

param A := 
1 40
2 275
3 73
4 60
5 6
6 10
7 1
8 134
9 65
10 133
11 107
12 106
13 80
14 150
15 88
16 106
17 107
18 98
19 133
20 221
21 179
22 177
23 186
24 250
25 270
26 284
27 400
28 133
29 111
30 36
31 21
32 88
33 9
34 14
35 15
36 55
37 18
38 9
39 7
40 8
41 8
42 7
43 4
44 7
45 7
46 13
47 9
48 9
49 4
50 4
51 244
52 143
53 25
54 13
55 9
56 38
57 23
58 4
59 7
60 13
61 72
62 44
63 8
64 44
65 7
66 4
67 1
68 1
69 4
70 9
71 9
72 6
73 4
74 5
75 86
76 47
77 221
78 411
79 333
80 133
81 15
82 53
83 53
84 38
85 9
86 125
87 16
88 30
89 34
90 8
91 6
92 66
93 55
94 53
95 236
96 74
97 60
98 93
99 55
100 47
101 221
102 110
103 9
104 15
105 4
106 15
107 52
108 265
109 215
110 85
111 133
112 86
113 107
114 22
115 13
116 44
117 2
118 13
119 4
120 9
121 2
122 12
123 6
124 4
125 16
126 26
127 19
128 73
129 4
130 4
131 53
132 4
133 22
134 20
135 10
136 22
137 13
138 16
139 14
140 3
141 2
142 1
143 3
144 3
145 62
146 21
147 61
148 62
149 14
150 62
151 30
152 32
153 30
154 30
155 13
156 33
157 66
158 9
159 9
160 12
161 5
162 9
163 12
164 14
165 3
166 13
167 9
168 9
169 11
170 11
171 7
172 36
173 36
174 91
175 55
176 36
177 18
178 36
179 44
180 106
181 221
182 33
183 10
184 15
185 64
186 96
187 54
188 2
189 66
190 4
191 11
192 106
193 64
194 4
195 6
196 4
197 4
198 7
199 4
200 45
201 199
202 54
203 8
204 16
205 24
206 11
207 78
208 7
209 55
210 9
211 1
212 73
213 24
214 12
215 99
216 1
217 12
218 2
219 4
220 9
221 9
222 18
223 4
224 7
225 7
226 2
227 12
228 6
229 12
230 43
231 43
232 48
233 81
234 129
235 129
236 133
237 107
238 133
239 2
240 18
241 14
242 11
243 7
244 36
245 12
246 1
247 89
248 0
249 1
250 0
251 2
252 2
253 69
254 26
255 72
256 13
257 22
258 4
259 4
260 4
261 4
262 3
263 2
264 7
265 7
266 3
267 22
268 107
269 14
270 40
271 20
272 7
273 53
274 11
275 88
276 66
277 44
278 7
279 88
280 322
281 11
282 22
283 4
284 11
285 14
286 4
287 7
288 44
289 13
290 1
291 11
292 9
293 7
294 4
295 4
296 7
297 4
298 4
299 2
300 48
301 48
302 12
303 4
304 2
305 6
306 12
307 2
308 28
309 7
310 5
311 4
312 18
313 90
314 18
315 5
316 22
317 66
318 7
319 66
320 25
321 9
322 18
323 7
324 20
325 2
326 2
327 8
328 8
329 1
330 4
331 8
332 16
333 88
334 102
335 18
336 7
337 5
338 44
339 5
340 4
341 18
342 2
343 4
344 22
345 22
346 7
347 7
348 1
349 1
350 2
351 1
352 76
353 37
354 17
355 76
356 55
357 55
358 17
359 11
360 7
361 9
362 4
363 1
364 1
365 1
366 7
367 30
368 5
369 3
370 18
371 2
372 2
373 17
374 8
375 22
376 9
377 2
378 12
379 2
380 35
381 9
382 0
383 34
384 2
385 8
386 16
387 1
388 3
389 5
390 73
391 4
392 12
393 3
394 30
395 5
396 18
397 9
398 9
399 9
400 9
401 15
402 40
403 42
404 9
405 14
406 30
407 101
408 30
409 55
410 50
411 0
412 24
413 50
414 75
415 75
416 26
417 17
418 5
419 5
420 44
421 40
422 14
423 10
424 2
425 4
426 8
427 4
428 17
429 11
430 8
431 18
432 18
433 24
434 72
435 35
436 33
437 18
438 72
439 40
440 27
441 4
442 18
443 15
444 74
445 177
446 22
447 101
448 137
449 33
450 133
451 221
452 146
453 52
454 88
455 106
456 88
457 86
458 537
459 0
460 7
461 8
462 34
463 16
464 30
465 16
466 40
467 44
468 7
469 7
470 11
471 22
472 6
473 9
474 11
475 9
476 27
477 18
478 5
479 25
480 1
481 1
482 12
483 1
484 2
485 6
486 6
487 9
488 5
489 9
490 150
491 106
492 106
493 86
494 265
495 107
496 53
497 46
498 95
499 37
500 222
501 36
502 23
503 30
504 46
505 146
506 0
507 21
508 4
509 18
510 4
511 61
512 5
513 22
514 18
515 9
516 64
517 40
518 44
519 27
520 9
521 52
522 17
523 24
524 9
525 5
526 16
527 4
528 9
529 17
530 9
531 133
532 17
533 4
534 5
535 9
536 8
537 17
538 18
539 4
540 22
541 11
542 106
543 4
544 20
545 4
546 4
547 14
548 38
549 42
550 9
551 53
552 46
553 4
554 55
555 4
556 15
557 7
558 9
559 1
560 7
561 5
562 5
563 14
564 9
565 8
566 5
567 14
568 5
569 18
570 14
571 5
572 22
573 18
574 4
575 5
576 7
577 2
578 2
579 4
580 5
581 4
582 5
583 13
584 20
585 22
586 4
587 18
588 4
589 2
590 3
591 4
592 9
593 9
594 4
595 14
596 76
597 46
598 84
599 30
600 6
601 16
602 8
603 6
604 2
605 16
606 4
607 2
608 7
609 8
610 9
611 4
612 11
613 4
614 7
615 1
616 8
617 4
618 1
619 55
620 16
621 16
622 10
623 9
624 13
625 159
626 107
627 64
628 44
629 3
630 13
631 2
632 13
633 9
634 3
635 1
636 4
637 1
638 14
639 4
640 18
641 13
642 33
643 9
644 17
645 9
646 27
647 40
648 9
649 13
650 137
651 33
652 9
653 11
654 125
655 251
656 9
657 24
658 128
659 365
660 91
661 1
662 5
663 1
664 69
665 28
666 55
667 186
668 60
669 25
670 3
671 0
672 27
673 11
674 2
675 5
676 6
677 94
678 158
679 215
680 4
681 2
682 2
683 20
684 14
685 14
686 18
687 18
688 18
689 18
690 18
691 14
692 14
693 2
694 18
695 31
696 5
697 2
698 3
699 11
700 19
701 6
702 1
703 3
704 3
705 73
706 24
707 19
708 14
709 25
710 60
711 86
712 7
713 113
714 22
715 107
716 124
717 133
718 106
719 107
720 42
721 38
722 4
723 30
724 8
725 31
726 52
727 1
728 152
729 62
730 101
731 62
732 85
733 58
734 79
735 22
736 13
737 9
738 9
739 2
740 13
741 13
742 4
743 2
744 2
745 221
746 107
747 133
748 106
749 8
750 2
751 4
752 7
753 7
754 6
755 7
756 7
757 12
758 7
;

param Ttarget := 
1 1 1000
2 1 1000
3 1 1000
4 1 1000
5 1 500
6 1 500
7 1 500
8 1 500
1 2 1000
2 2 1000
3 2 1000
4 2 1000
5 2 500
6 2 500
7 2 500
8 2 500
1 3 1000
2 3 1000
3 3 1000
4 3 1000
5 3 500
6 3 500
7 3 500
8 3 500
1 4 1000
2 4 1000
3 4 1000
4 4 1000
5 4 500
6 4 500
7 4 500
8 4 500
1 5 1000
2 5 1000
3 5 1000
4 5 1000
5 5 500
6 5 500
7 5 500
8 5 500
;

set Bannlisti := 
;
set Fixlisti := 
1 1 1 
2 2 1 
3 2 1 
4 2 1 
5 2 1 
6 2 1 
7 2 1 
8 2 1 
9 3 1 
10 3 1 
11 3 1 
12 3 1 
13 3 1 
14 3 1 
15 3 1 
16 3 1 
17 3 1 
18 3 1 
19 3 1 
20 3 1 
21 3 1 
22 3 1 
23 3 1 
24 3 1 
25 3 1 
26 3 1 
27 3 1 
28 3 1 
29 3 1 
30 3 1 
31 3 1 
32 3 1 
33 3 1 
34 3 1 
35 3 1 
36 3 1 
37 3 1 
38 3 1 
39 3 1 
40 3 1 
41 3 1 
42 3 1 
43 3 1 
44 3 1 
45 3 1 
46 3 1 
47 3 1 
48 3 1 
49 3 1 
50 3 1 
51 3 1 
52 3 1 
53 3 1 
54 3 1 
55 3 1 
56 3 1 
57 3 1 
58 3 1 
59 3 1 
60 3 1 
61 3 1 
62 3 1 
63 3 1 
64 3 1 
65 3 1 
66 3 1 
67 8 1 
68 8 1 
69 7 1 
70 6 1 
71 6 1 
72 6 1 
73 6 1 
74 6 1 
75 6 1 
76 6 1 
77 6 1 
78 6 1 
79 6 1 
80 6 1 
81 6 1 
82 6 1 
83 6 1 
84 6 1 
85 6 1 
86 6 1 
87 6 1 
88 6 1 
89 6 1 
90 6 1 
91 6 1 
92 6 1 
93 6 1 
94 6 1 
95 6 1 
96 6 1 
97 6 1 
98 6 1 
99 6 1 
100 6 1 
101 6 1 
102 6 1 
103 6 1 
104 6 1 
105 8 1 
106 8 1 
107 6 1 
108 6 1 
109 6 1 
110 6 1 
111 6 1 
112 6 1 
113 6 1 
114 8 1 
115 8 1 
116 8 1 
117 8 1 
118 8 1 
119 8 1 
120 7 1 
121 7 1 
122 7 1 
123 7 1 
124 7 1 
125 8 1 
126 4 1 
127 4 1 
128 4 1 
129 8 1 
130 8 1 
131 8 1 
132 8 1 
133 8 1 
134 7 1 
135 7 1 
136 7 1 
137 7 1 
138 7 1 
139 7 1 
140 7 1 
141 7 1 
142 7 1 
143 8 1 
144 8 1 
145 7 1 
146 7 1 
147 7 1 
148 7 1 
149 7 1 
150 7 1 
151 7 1 
152 7 1 
153 7 1 
154 7 1 
155 8 1 
156 8 1 
157 8 1 
158 8 1 
159 8 1 
160 8 1 
161 8 1 
162 8 1 
163 8 1 
164 8 1 
165 8 1 
166 8 1 
167 8 1 
168 8 1 
169 8 1 
170 8 1 
171 8 1 
172 1 1 
173 1 1 
174 1 1 
175 1 1 
176 1 1 
177 1 1 
178 1 1 
179 1 1 
180 1 1 
181 1 1 
182 1 1 
183 1 1 
184 1 1 
185 1 1 
186 1 1 
187 1 1 
188 1 1 
189 1 1 
190 1 1 
191 1 1 
192 1 1 
193 1 1 
194 1 1 
195 1 1 
196 1 1 
197 1 1 
198 1 1 
199 1 1 
200 2 2 
201 8 2 
202 8 2 
203 8 2 
204 8 2 
205 8 2 
206 8 2 
207 8 2 
208 8 2 
209 2 2 
210 2 2 
211 8 2 
212 2 2 
213 8 2 
214 8 2 
215 2 2 
216 8 2 
217 8 2 
218 8 2 
219 3 2 
220 3 2 
221 3 2 
222 3 2 
223 3 2 
224 3 2 
225 3 2 
226 3 2 
227 4 2 
228 4 2 
229 4 2 
230 4 2 
231 4 2 
232 4 2 
233 4 2 
234 4 2 
235 4 2 
236 4 2 
237 4 2 
238 4 2 
239 4 2 
240 4 2 
241 4 2 
242 4 2 
243 4 2 
244 4 2 
245 4 2 
246 4 2 
247 4 2 
248 8 2 
249 8 2 
250 8 2 
251 8 2 
252 5 2 
253 5 2 
254 5 2 
255 5 2 
256 5 2 
257 5 2 
258 5 2 
259 5 2 
260 8 2 
261 6 2 
262 5 2 
263 5 2 
264 5 2 
265 5 2 
266 5 2 
267 5 2 
268 5 2 
269 5 2 
270 5 2 
271 5 2 
272 5 2 
273 5 2 
274 5 2 
275 5 2 
276 5 2 
277 5 2 
278 5 2 
279 5 2 
280 5 2 
281 5 2 
282 5 2 
283 5 2 
284 5 2 
285 7 2 
286 7 2 
287 7 2 
288 7 2 
289 7 2 
290 7 2 
291 7 2 
292 7 2 
293 7 2 
294 7 2 
295 7 2 
296 7 2 
297 7 2 
298 7 2 
299 7 2 
300 3 2 
301 3 2 
302 3 2 
303 3 2 
304 3 2 
305 8 2 
306 8 2 
307 8 2 
308 8 2 
309 8 2 
310 8 2 
311 8 2 
312 7 2 
313 7 2 
314 7 2 
315 7 2 
316 7 2 
317 7 2 
318 7 2 
319 7 2 
320 7 2 
321 7 2 
322 7 2 
323 7 2 
324 7 2 
325 7 2 
326 7 2 
327 8 2 
328 8 2 
329 8 2 
330 8 2 
331 8 2 
332 8 2 
333 5 2 
334 5 2 
335 5 2 
336 5 2 
337 5 2 
338 5 2 
339 8 2 
340 8 2 
341 8 2 
342 8 2 
343 8 2 
344 8 2 
345 8 2 
346 8 2 
347 8 2 
348 8 2 
349 8 2 
350 8 2 
351 8 2 
352 7 2 
353 7 2 
354 7 2 
355 7 2 
356 7 2 
357 7 2 
358 7 2 
359 8 2 
360 8 2 
361 8 2 
362 8 2 
363 7 2 
364 7 2 
365 7 2 
366 7 2 
367 7 2 
368 7 2 
369 7 2 
370 7 2 
371 8 2 
372 8 2 
373 7 2 
374 7 2 
375 8 2 
376 8 2 
377 8 2 
378 8 2 
379 7 2 
380 7 2 
381 3 2 
382 3 2 
383 5 2 
384 1 2 
385 7 2 
386 7 2 
387 7 2 
388 7 2 
389 7 2 
390 8 2 
391 8 2 
392 8 2 
393 8 2 
394 8 2 
395 1 2 
396 1 2 
397 1 2 
398 1 2 
399 1 2 
400 1 2 
401 1 2 
402 1 2 
403 1 2 
404 1 2 
405 1 2 
406 1 2 
407 1 2 
408 1 2 
409 1 2 
410 1 3 
411 1 3 
412 1 3 
413 1 3 
414 1 3 
415 1 3 
416 1 3 
417 1 3 
418 1 3 
419 1 3 
420 1 3 
421 1 3 
422 1 3 
423 1 3 
424 1 3 
425 1 3 
426 1 3 
427 1 3 
428 2 3 
429 2 3 
430 2 3 
431 1 3 
432 2 3 
433 2 3 
434 2 3 
435 2 3 
436 2 3 
437 2 3 
438 2 3 
439 2 3 
440 2 3 
441 2 3 
442 3 3 
443 3 3 
444 3 3 
445 3 3 
446 3 3 
447 3 3 
448 3 3 
449 3 3 
450 3 3 
451 3 3 
452 3 3 
453 3 3 
454 3 3 
455 3 3 
456 3 3 
457 3 3 
458 3 3 
459 3 3 
460 3 3 
461 3 3 
462 3 3 
463 3 3 
464 3 3 
465 3 3 
466 3 3 
467 3 3 
468 3 3 
469 3 3 
470 3 3 
471 3 3 
472 3 3 
473 3 3 
474 3 3 
475 3 3 
476 3 3 
477 3 3 
478 3 3 
479 3 3 
480 8 3 
481 8 3 
482 8 3 
483 8 3 
484 8 3 
485 6 3 
486 6 3 
487 6 3 
488 6 3 
489 6 3 
490 6 3 
491 6 3 
492 6 3 
493 6 3 
494 6 3 
495 6 3 
496 6 3 
497 6 3 
498 6 3 
499 6 3 
500 6 3 
501 6 3 
502 6 3 
503 6 3 
504 6 3 
505 6 3 
506 6 3 
507 8 3 
508 6 3 
509 6 3 
510 6 3 
511 6 3 
512 6 3 
513 6 3 
514 6 3 
515 6 3 
516 6 3 
517 6 3 
518 6 3 
519 6 3 
520 7 3 
521 7 3 
522 7 3 
523 7 3 
524 7 3 
525 7 3 
526 7 3 
527 7 3 
528 7 3 
529 7 3 
530 7 3 
531 7 3 
532 7 3 
533 7 3 
534 7 3 
535 7 3 
536 7 3 
537 7 3 
538 7 3 
539 7 3 
540 7 3 
541 7 3 
542 7 3 
543 7 3 
544 7 3 
545 7 3 
546 7 3 
547 7 3 
548 7 3 
549 7 3 
550 7 3 
551 7 3 
552 7 3 
553 7 3 
554 7 3 
555 7 3 
556 7 3 
557 7 3 
558 7 3 
559 7 3 
560 7 3 
561 7 3 
562 7 3 
563 7 3 
564 7 3 
565 7 3 
566 7 3 
567 7 3 
568 7 3 
569 7 3 
570 7 3 
571 7 3 
572 7 3 
573 7 3 
574 7 3 
575 7 3 
576 7 3 
577 7 3 
578 7 3 
579 7 3 
580 7 3 
581 7 3 
582 7 3 
583 8 3 
584 8 3 
585 8 3 
586 8 3 
587 8 3 
588 8 3 
589 8 3 
590 7 3 
591 7 3 
592 7 3 
593 7 3 
594 7 3 
595 7 3 
596 7 3 
597 7 3 
598 7 3 
599 7 3 
600 7 3 
601 8 3 
602 8 3 
603 8 3 
604 8 3 
605 8 3 
606 8 3 
607 8 3 
608 8 3 
609 8 3 
610 8 3 
611 8 3 
612 8 3 
613 8 3 
614 7 3 
615 7 3 
616 7 3 
617 7 3 
618 7 3 
619 8 3 
620 8 3 
621 8 3 
622 8 3 
623 8 3 
624 6 3 
625 8 3 
626 8 3 
627 8 3 
628 8 3 
629 8 3 
630 8 3 
631 8 3 
632 8 3 
633 8 3 
634 8 3 
635 8 3 
636 8 3 
637 8 3 
638 7 3 
639 8 3 
640 8 3 
641 8 3 
642 8 3 
643 8 3 
644 8 3 
645 8 3 
646 8 3 
647 8 3 
648 8 3 
649 7 3 
650 1 3 
651 1 3 
652 1 3 
653 1 4 
654 1 4 
655 1 4 
656 1 4 
657 1 4 
658 1 4 
659 1 4 
660 1 4 
661 1 4 
662 2 4 
663 1 4 
664 2 4 
665 2 4 
666 2 4 
667 2 4 
668 2 4 
669 2 4 
670 7 4 
671 6 4 
672 6 4 
673 6 4 
674 1 4 
675 1 4 
676 3 4 
677 8 4 
678 8 4 
679 8 4 
680 8 4 
681 8 4 
682 8 4 
683 8 4 
684 8 4 
685 8 4 
686 8 4 
687 8 4 
688 8 4 
689 8 4 
690 8 4 
691 8 4 
692 8 4 
693 8 4 
694 8 4 
695 8 4 
696 8 4 
697 8 4 
698 7 4 
699 8 4 
700 8 4 
701 7 4 
702 7 4 
703 7 4 
704 7 4 
705 7 4 
706 7 4 
707 7 4 
708 8 4 
709 8 4 
710 8 4 
711 3 4 
712 7 4 
713 1 4 
714 1 4 
715 1 4 
716 1 4 
717 1 4 
718 1 4 
719 1 4 
720 1 4 
721 1 4 
722 1 4 
723 1 4 
724 1 4 
725 1 4 
726 1 4 
727 1 4 
728 1 4 
729 1 4 
730 1 4 
731 1 4 
732 1 4 
733 1 4 
734 1 4 
735 1 4 
736 1 4 
737 1 4 
738 1 4 
739 1 4 
740 1 4 
741 1 4 
742 1 4 
743 1 4 
744 1 4 
745 1 4 
746 1 4 
747 1 4 
748 1 4 
749 8 4 
750 8 4 
751 8 4 
752 8 4 
753 8 4 
754 8 4 
755 8 4 
756 8 4 
757 8 4 
758 8 4 
;
end;
