param S := 639;
param T := 8;
param D := 5;
param windowsize := 0;

param A := 
1 8
2 4
3 6
4 4
5 7
6 4
7 13
8 2
9 7
10 304
11 94
12 60
13 18
14 88
15 7
16 55
17 22
18 3
19 72
20 33
21 13
22 7
23 4
24 13
25 4
26 30
27 1
28 0
29 9
30 9
31 7
32 2
33 16
34 58
35 5
36 146
37 127
38 127
39 112
40 13
41 133
42 110
43 40
44 18
45 18
46 13
47 20
48 27
49 7
50 129
51 107
52 88
53 106
54 106
55 265
56 187
57 221
58 66
59 250
60 96
61 2
62 9
63 10
64 34
65 8
66 17
67 11
68 14
69 3
70 44
71 66
72 19
73 8
74 36
75 31
76 13
77 1
78 4
79 0
80 53
81 0
82 9
83 18
84 16
85 26
86 25
87 12
88 17
89 4
90 9
91 9
92 5
93 3
94 7
95 9
96 22
97 18
98 17
99 2
100 2
101 4
102 7
103 18
104 9
105 13
106 9
107 9
108 22
109 44
110 107
111 22
112 60
113 4
114 107
115 36
116 107
117 44
118 11
119 4
120 9
121 13
122 11
123 9
124 9
125 4
126 4
127 0
128 36
129 22
130 51
131 18
132 4
133 18
134 11
135 6
136 133
137 18
138 84
139 4
140 1
141 5
142 12
143 0
144 1
145 1
146 0
147 13
148 2
149 2
150 18
151 8
152 13
153 23
154 55
155 30
156 30
157 2
158 1
159 3
160 5
161 73
162 0
163 12
164 88
165 7
166 11
167 7
168 33
169 21
170 32
171 32
172 1
173 32
174 1
175 18
176 9
177 4
178 7
179 2
180 1
181 5
182 20
183 9
184 7
185 11
186 2
187 20
188 1
189 20
190 4
191 28
192 42
193 14
194 10
195 4
196 14
197 6
198 6
199 10
200 48
201 48
202 20
203 2
204 133
205 304
206 0
207 78
208 255
209 7
210 16
211 16
212 1
213 5
214 0
215 5
216 2
217 9
218 62
219 9
220 5
221 8
222 4
223 1
224 7
225 2
226 13
227 61
228 23
229 46
230 28
231 47
232 168
233 98
234 46
235 9
236 23
237 12
238 50
239 36
240 212
241 54
242 80
243 398
244 212
245 133
246 133
247 107
248 18
249 18
250 5
251 2
252 2
253 2
254 5
255 6
256 17
257 4
258 4
259 9
260 7
261 13
262 4
263 7
264 2
265 12
266 2
267 9
268 8
269 24
270 26
271 3
272 2
273 13
274 161
275 129
276 9
277 5
278 11
279 129
280 137
281 123
282 221
283 150
284 55
285 88
286 53
287 133
288 86
289 9
290 6
291 41
292 88
293 106
294 15
295 23
296 186
297 46
298 257
299 79
300 37
301 7
302 4
303 2
304 2
305 2
306 5
307 44
308 8
309 4
310 33
311 179
312 68
313 212
314 265
315 8
316 7
317 5
318 15
319 9
320 4
321 17
322 42
323 12
324 18
325 186
326 21
327 181
328 11
329 18
330 4
331 22
332 13
333 19
334 2
335 4
336 2
337 4
338 4
339 4
340 10
341 14
342 97
343 2
344 2
345 2
346 5
347 2
348 2
349 9
350 7
351 59
352 7
353 11
354 1
355 6
356 3
357 12
358 9
359 4
360 9
361 6
362 14
363 27
364 8
365 4
366 2
367 7
368 8
369 9
370 8
371 9
372 27
373 36
374 7
375 5
376 9
377 13
378 4
379 1
380 4
381 44
382 2
383 4
384 5
385 4
386 4
387 4
388 2
389 7
390 1
391 28
392 11
393 11
394 15
395 4
396 25
397 12
398 12
399 9
400 9
401 12
402 5
403 110
404 54
405 66
406 18
407 14
408 0
409 14
410 14
411 29
412 82
413 11
414 13
415 20
416 106
417 11
418 7
419 2
420 2
421 2
422 2
423 4
424 2
425 2
426 6
427 8
428 2
429 13
430 18
431 1
432 3
433 46
434 9
435 13
436 4
437 7
438 13
439 18
440 9
441 51
442 23
443 17
444 23
445 23
446 23
447 28
448 28
449 30
450 91
451 125
452 73
453 91
454 182
455 11
456 75
457 17
458 26
459 134
460 104
461 125
462 11
463 48
464 55
465 22
466 88
467 76
468 84
469 47
470 0
471 268
472 110
473 81
474 158
475 9
476 134
477 18
478 2
479 2
480 24
481 12
482 61
483 9
484 3
485 7
486 193
487 22
488 22
489 257
490 22
491 80
492 150
493 22
494 16
495 18
496 104
497 18
498 17
499 8
500 17
501 9
502 12
503 1
504 7
505 18
506 4
507 24
508 44
509 94
510 2
511 9
512 5
513 2
514 9
515 7
516 0
517 9
518 69
519 27
520 44
521 7
522 66
523 88
524 44
525 203
526 60
527 31
528 107
529 90
530 22
531 5
532 2
533 79
534 7
535 3
536 20
537 2
538 4
539 5
540 4
541 2
542 4
543 4
544 11
545 9
546 20
547 22
548 9
549 80
550 88
551 22
552 24
553 53
554 7
555 0
556 7
557 27
558 177
559 14
560 18
561 18
562 21
563 122
564 4
565 64
566 21
567 3
568 30
569 36
570 11
571 0
572 11
573 2
574 4
575 0
576 251
577 18
578 50
579 25
580 91
581 91
582 5
583 50
584 17
585 177
586 36
587 80
588 197
589 47
590 219
591 44
592 36
593 221
594 68
595 33
596 4
597 100
598 40
599 221
600 64
601 221
602 8
603 88
604 54
605 133
606 33
607 238
608 4
609 44
610 4
611 2
612 4
613 2
614 3
615 2
616 4
617 9
618 7
619 22
620 212
621 336
622 111
623 81
624 386
625 4
626 5
627 7
628 4
629 6
630 4
631 4
632 4
633 6
634 3
635 201
636 78
637 146
638 73
639 73
;

param Ttarget := 
1 1 1000
2 1 1000
3 1 1000
4 1 1000
5 1 500
6 1 500
7 1 500
8 1 500
1 2 1000
2 2 1000
3 2 1000
4 2 1000
5 2 500
6 2 500
7 2 500
8 2 500
1 3 1000
2 3 1000
3 3 1000
4 3 1000
5 3 500
6 3 500
7 3 500
8 3 500
1 4 1000
2 4 1000
3 4 1000
4 4 1000
5 4 500
6 4 500
7 4 500
8 4 500
1 5 1000
2 5 1000
3 5 1000
4 5 1000
5 5 500
6 5 500
7 5 500
8 5 500
;

set Bannlisti := 
;
set Fixlisti := 
1 8 1 
2 8 1 
3 8 1 
4 8 1 
5 8 1 
6 8 1 
7 8 1 
8 8 1 
9 8 1 
10 8 1 
11 8 1 
12 8 1 
13 8 1 
14 8 1 
15 8 1 
16 8 1 
17 8 1 
18 8 1 
19 2 1 
20 2 1 
21 2 1 
22 2 1 
23 2 1 
24 2 1 
25 2 1 
26 2 1 
27 8 1 
28 8 1 
29 8 1 
30 8 1 
31 8 1 
32 8 1 
33 8 1 
34 2 1 
35 8 1 
36 2 1 
37 2 1 
38 2 1 
39 2 1 
40 3 1 
41 3 1 
42 3 1 
43 3 1 
44 3 1 
45 3 1 
46 3 1 
47 3 1 
48 3 1 
49 3 1 
50 3 1 
51 3 1 
52 3 1 
53 3 1 
54 3 1 
55 3 1 
56 3 1 
57 3 1 
58 3 1 
59 3 1 
60 3 1 
61 3 1 
62 3 1 
63 3 1 
64 3 1 
65 3 1 
66 3 1 
67 3 1 
68 3 1 
69 3 1 
70 3 1 
71 3 1 
72 3 1 
73 3 1 
74 3 1 
75 3 1 
76 3 1 
77 3 1 
78 3 1 
79 3 1 
80 3 1 
81 3 1 
82 3 1 
83 3 1 
84 3 1 
85 3 1 
86 3 1 
87 3 1 
88 3 1 
89 3 1 
90 3 1 
91 3 1 
92 3 1 
93 3 1 
94 3 1 
95 3 1 
96 4 1 
97 4 1 
98 5 1 
99 5 1 
100 5 1 
101 5 1 
102 5 1 
103 5 1 
104 5 1 
105 5 1 
106 5 1 
107 5 1 
108 5 1 
109 5 1 
110 5 1 
111 5 1 
112 5 1 
113 5 1 
114 5 1 
115 5 1 
116 5 1 
117 5 1 
118 5 1 
119 5 1 
120 5 1 
121 5 1 
122 5 1 
123 5 1 
124 5 1 
125 5 1 
126 5 1 
127 5 1 
128 5 1 
129 5 1 
130 5 1 
131 5 1 
132 5 1 
133 5 1 
134 5 1 
135 5 1 
136 7 1 
137 7 1 
138 7 1 
139 8 1 
140 7 1 
141 7 1 
142 7 1 
143 7 1 
144 7 1 
145 7 1 
146 7 1 
147 8 1 
148 8 1 
149 8 1 
150 8 1 
151 8 1 
152 7 1 
153 7 1 
154 7 1 
155 7 1 
156 7 1 
157 7 1 
158 7 1 
159 7 1 
160 7 1 
161 7 1 
162 7 1 
163 7 1 
164 7 1 
165 8 1 
166 8 1 
167 8 1 
168 8 1 
169 8 1 
170 7 1 
171 7 1 
172 7 1 
173 7 1 
174 8 1 
175 8 1 
176 8 1 
177 8 1 
178 8 1 
179 8 1 
180 8 1 
181 8 1 
182 8 1 
183 8 1 
184 8 1 
185 8 1 
186 8 1 
187 8 1 
188 8 1 
189 8 1 
190 8 1 
191 8 1 
192 8 1 
193 8 1 
194 8 1 
195 8 1 
196 8 1 
197 3 1 
198 3 1 
199 3 1 
200 3 1 
201 3 1 
202 3 1 
203 3 1 
204 8 1 
205 8 1 
206 4 1 
207 4 1 
208 4 1 
209 8 1 
210 8 1 
211 8 1 
212 4 1 
213 8 1 
214 8 1 
215 8 1 
216 8 1 
217 8 1 
218 1 1 
219 1 1 
220 1 1 
221 1 1 
222 1 1 
223 1 1 
224 1 1 
225 1 1 
226 1 1 
227 1 1 
228 1 1 
229 1 1 
230 1 1 
231 1 1 
232 1 1 
233 1 1 
234 1 1 
235 1 1 
236 1 1 
237 1 1 
238 1 1 
239 1 1 
240 1 1 
241 1 1 
242 1 1 
243 1 1 
244 1 1 
245 1 1 
246 1 1 
247 1 1 
248 1 1 
249 2 1 
250 2 1 
251 2 1 
252 2 1 
253 2 1 
254 8 2 
255 8 2 
256 8 2 
257 8 2 
258 8 2 
259 8 2 
260 8 2 
261 8 2 
262 8 2 
263 8 2 
264 8 2 
265 8 2 
266 8 2 
267 4 2 
268 4 2 
269 4 2 
270 4 2 
271 4 2 
272 5 2 
273 5 2 
274 4 2 
275 4 2 
276 6 2 
277 6 2 
278 6 2 
279 6 2 
280 6 2 
281 6 2 
282 6 2 
283 6 2 
284 6 2 
285 6 2 
286 6 2 
287 6 2 
288 6 2 
289 6 2 
290 6 2 
291 6 2 
292 6 2 
293 6 2 
294 6 2 
295 6 2 
296 6 2 
297 6 2 
298 6 2 
299 6 2 
300 6 2 
301 6 2 
302 6 2 
303 6 2 
304 6 2 
305 6 2 
306 6 2 
307 6 2 
308 6 2 
309 6 2 
310 6 2 
311 6 2 
312 6 2 
313 6 2 
314 6 2 
315 6 2 
316 6 2 
317 6 2 
318 6 2 
319 6 2 
320 6 2 
321 7 2 
322 7 2 
323 7 2 
324 7 2 
325 7 2 
326 7 2 
327 7 2 
328 7 2 
329 7 2 
330 7 2 
331 7 2 
332 7 2 
333 7 2 
334 7 2 
335 7 2 
336 7 2 
337 7 2 
338 7 2 
339 7 2 
340 7 2 
341 7 2 
342 7 2 
343 6 2 
344 6 2 
345 6 2 
346 6 2 
347 6 2 
348 6 2 
349 6 2 
350 7 2 
351 7 2 
352 7 2 
353 7 2 
354 7 2 
355 7 2 
356 7 2 
357 7 2 
358 7 2 
359 7 2 
360 7 2 
361 7 2 
362 7 2 
363 7 2 
364 7 2 
365 7 2 
366 7 2 
367 7 2 
368 7 2 
369 7 2 
370 7 2 
371 7 2 
372 7 2 
373 8 2 
374 8 2 
375 8 2 
376 8 2 
377 7 2 
378 7 2 
379 7 2 
380 7 2 
381 8 2 
382 8 2 
383 7 2 
384 7 2 
385 7 2 
386 7 2 
387 7 2 
388 7 2 
389 7 2 
390 7 2 
391 7 2 
392 7 2 
393 7 2 
394 7 2 
395 7 2 
396 7 2 
397 8 2 
398 8 2 
399 8 2 
400 8 2 
401 8 2 
402 8 2 
403 8 2 
404 8 2 
405 8 2 
406 8 2 
407 8 2 
408 8 2 
409 8 2 
410 8 2 
411 8 2 
412 8 2 
413 8 2 
414 8 2 
415 8 2 
416 8 2 
417 8 2 
418 8 2 
419 8 2 
420 8 2 
421 8 2 
422 7 2 
423 7 2 
424 7 2 
425 7 2 
426 7 2 
427 7 2 
428 8 2 
429 8 2 
430 8 2 
431 8 2 
432 7 2 
433 7 2 
434 8 2 
435 8 2 
436 8 2 
437 6 2 
438 6 2 
439 7 2 
440 7 2 
441 7 2 
442 7 2 
443 7 2 
444 7 2 
445 7 2 
446 7 2 
447 7 2 
448 7 2 
449 7 2 
450 1 2 
451 1 2 
452 1 2 
453 1 2 
454 1 2 
455 1 3 
456 1 3 
457 1 3 
458 1 3 
459 1 3 
460 1 3 
461 1 3 
462 1 3 
463 1 3 
464 1 3 
465 1 3 
466 1 3 
467 1 3 
468 1 3 
469 1 3 
470 1 3 
471 1 3 
472 1 3 
473 1 3 
474 1 3 
475 1 3 
476 1 3 
477 8 3 
478 1 3 
479 1 3 
480 8 3 
481 8 3 
482 8 3 
483 3 3 
484 3 3 
485 3 3 
486 3 3 
487 3 3 
488 3 3 
489 3 3 
490 3 3 
491 3 3 
492 3 3 
493 3 3 
494 3 3 
495 7 3 
496 3 3 
497 8 3 
498 3 3 
499 3 3 
500 3 3 
501 3 3 
502 3 3 
503 3 3 
504 3 3 
505 3 3 
506 7 3 
507 8 3 
508 8 3 
509 8 3 
510 8 3 
511 8 3 
512 8 3 
513 8 3 
514 8 3 
515 8 3 
516 8 3 
517 3 3 
518 5 3 
519 5 3 
520 5 3 
521 5 3 
522 5 3 
523 5 3 
524 5 3 
525 5 3 
526 5 3 
527 5 3 
528 5 3 
529 5 3 
530 5 3 
531 5 3 
532 5 3 
533 5 3 
534 5 3 
535 5 3 
536 5 3 
537 5 3 
538 5 3 
539 5 3 
540 5 3 
541 5 3 
542 5 3 
543 5 3 
544 5 3 
545 5 3 
546 5 3 
547 5 3 
548 3 3 
549 6 3 
550 5 3 
551 5 3 
552 5 3 
553 5 3 
554 5 3 
555 5 3 
556 5 3 
557 5 3 
558 5 3 
559 5 3 
560 5 3 
561 8 3 
562 8 3 
563 8 3 
564 7 3 
565 8 3 
566 8 3 
567 8 3 
568 7 3 
569 8 3 
570 8 3 
571 8 3 
572 8 3 
573 8 3 
574 1 3 
575 8 3 
576 1 3 
577 1 3 
578 1 3 
579 1 3 
580 1 3 
581 1 3 
582 1 3 
583 1 3 
584 1 3 
585 1 3 
586 1 3 
587 1 3 
588 1 3 
589 1 3 
590 1 3 
591 1 3 
592 1 3 
593 1 3 
594 1 3 
595 1 3 
596 1 3 
597 1 3 
598 1 3 
599 1 3 
600 1 3 
601 1 3 
602 1 3 
603 1 3 
604 1 3 
605 1 3 
606 1 3 
607 1 3 
608 1 3 
609 1 3 
610 1 3 
611 1 3 
612 1 3 
613 1 3 
614 1 3 
615 1 3 
616 1 3 
617 1 3 
618 1 3 
619 1 3 
620 1 3 
621 1 3 
622 1 3 
623 1 3 
624 1 3 
625 1 3 
626 1 3 
627 1 3 
628 1 3 
629 1 3 
630 1 3 
631 1 3 
632 1 3 
633 1 3 
634 1 3 
635 2 3 
636 2 3 
637 2 3 
638 2 3 
639 2 3 
;
end;
