param S := 817;
param T := 8;
param D := 5;
param windowsize := 0;

param A := 
1 424
2 110
3 13
4 20
5 106
6 0
7 8
8 21
9 29
10 42
11 76
12 9
13 24
14 7
15 7
16 9
17 9
18 17
19 5
20 73
21 13
22 5
23 17
24 4
25 2
26 22
27 27
28 73
29 13
30 18
31 20
32 18
33 11
34 5
35 13
36 9
37 13
38 46
39 40
40 40
41 13
42 18
43 4
44 27
45 36
46 36
47 215
48 123
49 26
50 13
51 4
52 55
53 88
54 27
55 43
56 59
57 25
58 40
59 9
60 12
61 6
62 3
63 9
64 36
65 18
66 7
67 2
68 18
69 3
70 6
71 7
72 4
73 3
74 107
75 129
76 129
77 13
78 24
79 69
80 71
81 17
82 24
83 33
84 4
85 15
86 3
87 14
88 48
89 22
90 10
91 4
92 106
93 59
94 221
95 106
96 4
97 5
98 17
99 9
100 7
101 18
102 5
103 14
104 27
105 11
106 14
107 2
108 183
109 0
110 201
111 0
112 5
113 107
114 47
115 85
116 81
117 81
118 18
119 125
120 251
121 176
122 194
123 91
124 73
125 73
126 91
127 91
128 4
129 9
130 4
131 4
132 2
133 4
134 1
135 0
136 0
137 0
138 1
139 2
140 2
141 2
142 169
143 52
144 91
145 13
146 28
147 6
148 12
149 12
150 24
151 129
152 106
153 129
154 88
155 42
156 80
157 106
158 141
159 133
160 122
161 537
162 13
163 13
164 8
165 11
166 18
167 5
168 2
169 4
170 24
171 20
172 71
173 8
174 114
175 6
176 34
177 34
178 44
179 34
180 7
181 40
182 5
183 13
184 13
185 5
186 6
187 11
188 17
189 22
190 40
191 36
192 80
193 47
194 4
195 25
196 12
197 121
198 18
199 67
200 36
201 18
202 55
203 11
204 9
205 44
206 72
207 27
208 13
209 6
210 13
211 9
212 14
213 47
214 610
215 200
216 46
217 8
218 56
219 20
220 44
221 133
222 53
223 221
224 31
225 61
226 76
227 22
228 55
229 55
230 15
231 83
232 26
233 44
234 160
235 34
236 40
237 90
238 146
239 1
240 4
241 4
242 4
243 7
244 8
245 14
246 17
247 8
248 17
249 5
250 8
251 9
252 14
253 12
254 18
255 7
256 14
257 4
258 8
259 20
260 3
261 0
262 40
263 125
264 44
265 13
266 8
267 2
268 7
269 13
270 40
271 6
272 9
273 11
274 90
275 5
276 110
277 7
278 4
279 9
280 4
281 4
282 9
283 18
284 4
285 37
286 4
287 9
288 8
289 20
290 14
291 9
292 4
293 13
294 3
295 4
296 14
297 27
298 50
299 44
300 27
301 0
302 12
303 24
304 26
305 36
306 36
307 3
308 4
309 12
310 48
311 14
312 6
313 6
314 17
315 100
316 100
317 12
318 109
319 17
320 19
321 109
322 91
323 73
324 91
325 55
326 13
327 9
328 11
329 4
330 96
331 88
332 106
333 133
334 36
335 113
336 186
337 66
338 14
339 110
340 42
341 60
342 193
343 169
344 63
345 79
346 14
347 26
348 22
349 16
350 13
351 9
352 17
353 35
354 24
355 36
356 69
357 9
358 48
359 24
360 1
361 48
362 52
363 133
364 55
365 106
366 86
367 36
368 20
369 40
370 7
371 44
372 1
373 2
374 125
375 179
376 100
377 215
378 31
379 107
380 2
381 18
382 9
383 50
384 9
385 35
386 44
387 18
388 15
389 90
390 52
391 5
392 6
393 4
394 8
395 0
396 5
397 2
398 12
399 37
400 9
401 92
402 28
403 45
404 5
405 4
406 13
407 18
408 11
409 66
410 133
411 12
412 9
413 7
414 2
415 2
416 36
417 66
418 7
419 33
420 27
421 1
422 1
423 25
424 4
425 2
426 6
427 4
428 7
429 23
430 30
431 18
432 6
433 11
434 5
435 1
436 1
437 3
438 3
439 0
440 12
441 14
442 14
443 6
444 14
445 145
446 88
447 10
448 5
449 4
450 1
451 2
452 2
453 5
454 48
455 12
456 6
457 6
458 4
459 0
460 2
461 0
462 9
463 14
464 18
465 14
466 81
467 158
468 81
469 162
470 10
471 22
472 37
473 13
474 317
475 126
476 5
477 69
478 46
479 88
480 24
481 44
482 55
483 76
484 156
485 215
486 30
487 28
488 24
489 125
490 24
491 73
492 146
493 128
494 182
495 56
496 364
497 26
498 125
499 125
500 13
501 8
502 21
503 134
504 0
505 9
506 74
507 69
508 88
509 35
510 179
511 9
512 22
513 110
514 54
515 474
516 510
517 51
518 73
519 51
520 146
521 104
522 52
523 222
524 265
525 215
526 106
527 150
528 107
529 215
530 88
531 7
532 38
533 8
534 14
535 0
536 13
537 4
538 9
539 9
540 14
541 72
542 137
543 76
544 11
545 72
546 177
547 7
548 88
549 72
550 98
551 86
552 159
553 39
554 7
555 4
556 6
557 2
558 30
559 4
560 22
561 1
562 11
563 88
564 13
565 257
566 129
567 9
568 26
569 18
570 16
571 11
572 1
573 6
574 7
575 9
576 4
577 8
578 4
579 13
580 4
581 100
582 7
583 67
584 1
585 1
586 2
587 42
588 52
589 66
590 265
591 18
592 150
593 411
594 215
595 72
596 18
597 9
598 9
599 1
600 55
601 41
602 11
603 72
604 40
605 221
606 133
607 4
608 27
609 7
610 9
611 9
612 16
613 7
614 9
615 13
616 18
617 4
618 7
619 9
620 5
621 110
622 86
623 86
624 179
625 38
626 133
627 133
628 18
629 14
630 4
631 13
632 8
633 97
634 26
635 9
636 19
637 11
638 12
639 48
640 28
641 7
642 11
643 53
644 20
645 106
646 53
647 19
648 40
649 133
650 107
651 7
652 9
653 5
654 9
655 9
656 10
657 13
658 8
659 107
660 35
661 9
662 13
663 18
664 17
665 1
666 32
667 6
668 27
669 27
670 7
671 9
672 9
673 13
674 5
675 36
676 18
677 33
678 9
679 12
680 32
681 2
682 5
683 0
684 51
685 91
686 182
687 267
688 24
689 25
690 125
691 17
692 17
693 228
694 212
695 133
696 248
697 238
698 162
699 144
700 94
701 336
702 64
703 268
704 221
705 107
706 133
707 281
708 3
709 19
710 55
711 23
712 164
713 52
714 36
715 84
716 36
717 134
718 60
719 63
720 134
721 1
722 2
723 4
724 4
725 0
726 24
727 4
728 2
729 1
730 1
731 27
732 13
733 13
734 13
735 16
736 4
737 1
738 8
739 11
740 86
741 35
742 133
743 4
744 179
745 7
746 9
747 20
748 2
749 2
750 4
751 2
752 61
753 12
754 0
755 13
756 18
757 5
758 24
759 24
760 7
761 1
762 0
763 7
764 1
765 0
766 1
767 0
768 1
769 1
770 4
771 1
772 24
773 52
774 60
775 19
776 48
777 36
778 36
779 2
780 12
781 4
782 2
783 129
784 12
785 107
786 88
787 7
788 22
789 19
790 11
791 7
792 12
793 182
794 55
795 109
796 146
797 125
798 201
799 65
800 81
801 8
802 0
803 38
804 46
805 71
806 219
807 51
808 76
809 59
810 19
811 107
812 33
813 44
814 6
815 6
816 13
817 9
;

param Ttarget := 
1 1 1000
2 1 1000
3 1 1000
4 1 1000
5 1 500
6 1 500
7 1 500
8 1 500
1 2 1000
2 2 1000
3 2 1000
4 2 1000
5 2 500
6 2 500
7 2 500
8 2 500
1 3 1000
2 3 1000
3 3 1000
4 3 1000
5 3 500
6 3 500
7 3 500
8 3 500
1 4 1000
2 4 1000
3 4 1000
4 4 1000
5 4 500
6 4 500
7 4 500
8 4 500
1 5 1000
2 5 1000
3 5 1000
4 5 1000
5 5 500
6 5 500
7 5 500
8 5 500
;

set Bannlisti := 
;
set Fixlisti := 
1 1 1 
2 1 1 
3 1 1 
4 1 1 
5 1 1 
6 1 1 
7 1 1 
8 1 1 
9 1 1 
10 1 1 
11 1 1 
12 1 1 
13 1 1 
14 1 1 
15 1 1 
16 1 1 
17 8 1 
18 2 1 
19 2 1 
20 2 1 
21 2 1 
22 8 1 
23 8 1 
24 8 1 
25 8 1 
26 8 1 
27 8 1 
28 3 1 
29 8 1 
30 8 1 
31 8 1 
32 8 1 
33 8 1 
34 3 1 
35 2 1 
36 2 1 
37 2 1 
38 2 1 
39 2 1 
40 2 1 
41 2 1 
42 2 1 
43 2 1 
44 8 1 
45 8 1 
46 8 1 
47 8 1 
48 8 1 
49 8 1 
50 8 1 
51 3 1 
52 3 1 
53 3 1 
54 3 1 
55 3 1 
56 3 1 
57 3 1 
58 3 1 
59 3 1 
60 4 1 
61 8 1 
62 8 1 
63 3 1 
64 8 1 
65 8 1 
66 8 1 
67 8 1 
68 8 1 
69 8 1 
70 8 1 
71 8 1 
72 8 1 
73 8 1 
74 4 1 
75 4 1 
76 4 1 
77 4 1 
78 4 1 
79 4 1 
80 4 1 
81 4 1 
82 4 1 
83 8 1 
84 8 1 
85 7 1 
86 8 1 
87 7 1 
88 7 1 
89 7 1 
90 8 1 
91 8 1 
92 7 1 
93 7 1 
94 7 1 
95 7 1 
96 7 1 
97 7 1 
98 7 1 
99 7 1 
100 7 1 
101 7 1 
102 7 1 
103 7 1 
104 7 1 
105 7 1 
106 8 1 
107 8 1 
108 1 1 
109 1 1 
110 1 1 
111 1 1 
112 7 2 
113 1 2 
114 1 2 
115 1 2 
116 1 2 
117 1 2 
118 1 2 
119 1 2 
120 1 2 
121 1 2 
122 1 2 
123 1 2 
124 1 2 
125 1 2 
126 1 2 
127 1 2 
128 6 2 
129 1 2 
130 6 2 
131 6 2 
132 6 2 
133 6 2 
134 3 2 
135 4 2 
136 7 2 
137 1 2 
138 2 2 
139 8 2 
140 8 2 
141 8 2 
142 2 2 
143 2 2 
144 2 2 
145 2 2 
146 2 2 
147 2 2 
148 8 2 
149 8 2 
150 8 2 
151 3 2 
152 3 2 
153 3 2 
154 3 2 
155 3 2 
156 3 2 
157 3 2 
158 3 2 
159 3 2 
160 3 2 
161 3 2 
162 3 2 
163 3 2 
164 3 2 
165 3 2 
166 3 2 
167 3 2 
168 8 2 
169 3 2 
170 3 2 
171 3 2 
172 3 2 
173 3 2 
174 3 2 
175 3 2 
176 3 2 
177 3 2 
178 3 2 
179 3 2 
180 3 2 
181 3 2 
182 3 2 
183 3 2 
184 3 2 
185 3 2 
186 3 2 
187 3 2 
188 3 2 
189 3 2 
190 3 2 
191 3 2 
192 3 2 
193 3 2 
194 3 2 
195 3 2 
196 3 2 
197 8 2 
198 3 2 
199 3 2 
200 3 2 
201 3 2 
202 3 2 
203 3 2 
204 3 2 
205 3 2 
206 3 2 
207 3 2 
208 6 2 
209 6 2 
210 6 2 
211 6 2 
212 6 2 
213 6 2 
214 6 2 
215 6 2 
216 6 2 
217 6 2 
218 6 2 
219 6 2 
220 6 2 
221 6 2 
222 6 2 
223 6 2 
224 6 2 
225 6 2 
226 6 2 
227 6 2 
228 6 2 
229 6 2 
230 6 2 
231 6 2 
232 6 2 
233 6 2 
234 6 2 
235 6 2 
236 6 2 
237 6 2 
238 1 2 
239 8 2 
240 7 2 
241 7 2 
242 7 2 
243 7 2 
244 7 2 
245 7 2 
246 8 2 
247 8 2 
248 8 2 
249 8 2 
250 8 2 
251 8 2 
252 8 2 
253 8 2 
254 8 2 
255 8 2 
256 8 2 
257 8 2 
258 7 2 
259 8 2 
260 8 2 
261 8 2 
262 7 2 
263 7 2 
264 7 2 
265 7 2 
266 7 2 
267 7 2 
268 8 2 
269 8 2 
270 8 2 
271 8 2 
272 8 2 
273 8 2 
274 7 2 
275 7 2 
276 7 2 
277 7 2 
278 7 2 
279 7 2 
280 7 2 
281 8 2 
282 8 2 
283 8 2 
284 8 2 
285 8 2 
286 8 2 
287 8 2 
288 8 2 
289 8 2 
290 8 2 
291 8 2 
292 8 2 
293 8 2 
294 8 2 
295 8 2 
296 8 2 
297 8 2 
298 8 2 
299 8 2 
300 8 2 
301 8 2 
302 8 2 
303 8 2 
304 8 2 
305 8 2 
306 8 2 
307 8 2 
308 8 2 
309 2 2 
310 1 3 
311 1 3 
312 1 3 
313 7 3 
314 1 3 
315 1 3 
316 1 3 
317 1 3 
318 1 3 
319 1 3 
320 1 3 
321 1 3 
322 1 3 
323 1 3 
324 1 3 
325 1 3 
326 1 3 
327 1 3 
328 1 3 
329 1 3 
330 1 3 
331 1 3 
332 1 3 
333 1 3 
334 1 3 
335 1 3 
336 1 3 
337 1 3 
338 1 3 
339 1 3 
340 1 3 
341 1 3 
342 1 3 
343 2 3 
344 2 3 
345 2 3 
346 2 3 
347 2 3 
348 3 3 
349 3 3 
350 3 3 
351 3 3 
352 3 3 
353 3 3 
354 3 3 
355 3 3 
356 4 3 
357 4 3 
358 4 3 
359 4 3 
360 4 3 
361 4 3 
362 4 3 
363 4 3 
364 4 3 
365 4 3 
366 4 3 
367 4 3 
368 4 3 
369 4 3 
370 4 3 
371 4 3 
372 4 3 
373 8 3 
374 5 3 
375 5 3 
376 5 3 
377 5 3 
378 5 3 
379 5 3 
380 5 3 
381 5 3 
382 5 3 
383 5 3 
384 5 3 
385 5 3 
386 5 3 
387 5 3 
388 5 3 
389 5 3 
390 7 3 
391 7 3 
392 7 3 
393 7 3 
394 7 3 
395 5 3 
396 8 3 
397 8 3 
398 7 3 
399 7 3 
400 7 3 
401 7 3 
402 7 3 
403 7 3 
404 7 3 
405 7 3 
406 7 3 
407 7 3 
408 7 3 
409 7 3 
410 7 3 
411 7 3 
412 7 3 
413 7 3 
414 7 3 
415 7 3 
416 5 3 
417 5 3 
418 5 3 
419 7 3 
420 7 3 
421 7 3 
422 7 3 
423 7 3 
424 7 3 
425 7 3 
426 7 3 
427 7 3 
428 7 3 
429 7 3 
430 7 3 
431 7 3 
432 8 3 
433 8 3 
434 8 3 
435 7 3 
436 7 3 
437 7 3 
438 7 3 
439 7 3 
440 8 3 
441 8 3 
442 8 3 
443 8 3 
444 8 3 
445 1 3 
446 5 3 
447 8 3 
448 8 3 
449 8 3 
450 8 3 
451 8 3 
452 8 3 
453 8 3 
454 3 3 
455 3 3 
456 3 3 
457 3 3 
458 8 3 
459 7 3 
460 6 3 
461 1 3 
462 1 3 
463 1 3 
464 1 4 
465 1 4 
466 1 4 
467 1 4 
468 1 4 
469 1 4 
470 1 4 
471 1 4 
472 1 4 
473 1 4 
474 1 4 
475 1 4 
476 1 4 
477 1 4 
478 1 4 
479 1 4 
480 1 4 
481 1 4 
482 1 4 
483 1 4 
484 1 4 
485 1 4 
486 1 4 
487 1 4 
488 1 4 
489 1 4 
490 1 4 
491 1 4 
492 1 4 
493 1 4 
494 1 4 
495 1 4 
496 1 4 
497 1 4 
498 1 4 
499 1 4 
500 2 4 
501 2 4 
502 2 4 
503 1 4 
504 2 4 
505 2 4 
506 2 4 
507 2 4 
508 2 4 
509 2 4 
510 2 4 
511 2 4 
512 2 4 
513 2 4 
514 2 4 
515 2 4 
516 2 4 
517 2 4 
518 2 4 
519 2 4 
520 3 4 
521 3 4 
522 3 4 
523 3 4 
524 3 4 
525 3 4 
526 3 4 
527 3 4 
528 3 4 
529 3 4 
530 3 4 
531 3 4 
532 3 4 
533 3 4 
534 3 4 
535 3 4 
536 3 4 
537 3 4 
538 3 4 
539 3 4 
540 3 4 
541 3 4 
542 3 4 
543 3 4 
544 3 4 
545 3 4 
546 3 4 
547 3 4 
548 3 4 
549 3 4 
550 3 4 
551 3 4 
552 3 4 
553 8 4 
554 8 4 
555 8 4 
556 8 4 
557 8 4 
558 8 4 
559 8 4 
560 8 4 
561 1 4 
562 8 4 
563 8 4 
564 8 4 
565 8 4 
566 8 4 
567 8 4 
568 8 4 
569 8 4 
570 8 4 
571 8 4 
572 8 4 
573 8 4 
574 8 4 
575 8 4 
576 8 4 
577 8 4 
578 8 4 
579 8 4 
580 8 4 
581 2 4 
582 2 4 
583 2 4 
584 7 4 
585 7 4 
586 8 4 
587 6 4 
588 6 4 
589 6 4 
590 6 4 
591 6 4 
592 6 4 
593 6 4 
594 6 4 
595 6 4 
596 6 4 
597 6 4 
598 6 4 
599 6 4 
600 6 4 
601 7 4 
602 7 4 
603 7 4 
604 7 4 
605 7 4 
606 7 4 
607 7 4 
608 7 4 
609 7 4 
610 7 4 
611 7 4 
612 7 4 
613 7 4 
614 7 4 
615 7 4 
616 7 4 
617 7 4 
618 7 4 
619 7 4 
620 7 4 
621 6 4 
622 6 4 
623 6 4 
624 6 4 
625 6 4 
626 6 4 
627 6 4 
628 8 4 
629 8 4 
630 8 4 
631 8 4 
632 8 4 
633 7 4 
634 7 4 
635 7 4 
636 7 4 
637 7 4 
638 7 4 
639 7 4 
640 7 4 
641 7 4 
642 7 4 
643 6 4 
644 6 4 
645 6 4 
646 6 4 
647 6 4 
648 6 4 
649 6 4 
650 6 4 
651 6 4 
652 6 4 
653 6 4 
654 6 4 
655 6 4 
656 6 4 
657 6 4 
658 6 4 
659 6 4 
660 8 4 
661 8 4 
662 8 4 
663 8 4 
664 8 4 
665 8 4 
666 8 4 
667 8 4 
668 8 4 
669 8 4 
670 8 4 
671 8 4 
672 8 4 
673 8 4 
674 8 4 
675 8 4 
676 8 4 
677 8 4 
678 8 4 
679 8 4 
680 8 4 
681 8 4 
682 8 4 
683 1 4 
684 1 4 
685 1 4 
686 1 4 
687 1 4 
688 1 4 
689 1 4 
690 1 4 
691 1 4 
692 1 4 
693 1 4 
694 1 4 
695 1 4 
696 1 4 
697 1 4 
698 1 4 
699 1 4 
700 1 4 
701 1 4 
702 1 4 
703 1 4 
704 1 4 
705 1 4 
706 1 4 
707 2 5 
708 2 5 
709 2 5 
710 2 5 
711 2 5 
712 2 5 
713 2 5 
714 2 5 
715 2 5 
716 2 5 
717 2 5 
718 8 5 
719 8 5 
720 2 5 
721 8 5 
722 8 5 
723 2 5 
724 2 5 
725 3 5 
726 3 5 
727 8 5 
728 8 5 
729 8 5 
730 8 5 
731 8 5 
732 8 5 
733 8 5 
734 8 5 
735 8 5 
736 8 5 
737 8 5 
738 8 5 
739 8 5 
740 5 5 
741 5 5 
742 5 5 
743 5 5 
744 5 5 
745 5 5 
746 5 5 
747 7 5 
748 8 5 
749 8 5 
750 8 5 
751 8 5 
752 7 5 
753 7 5 
754 7 5 
755 7 5 
756 7 5 
757 7 5 
758 5 5 
759 5 5 
760 7 5 
761 7 5 
762 7 5 
763 7 5 
764 7 5 
765 7 5 
766 7 5 
767 7 5 
768 7 5 
769 7 5 
770 7 5 
771 4 5 
772 4 5 
773 4 5 
774 4 5 
775 4 5 
776 4 5 
777 4 5 
778 4 5 
779 4 5 
780 4 5 
781 4 5 
782 4 5 
783 4 5 
784 4 5 
785 4 5 
786 4 5 
787 4 5 
788 7 5 
789 6 5 
790 1 5 
791 1 5 
792 1 5 
793 1 5 
794 1 5 
795 1 5 
796 1 5 
797 1 5 
798 1 5 
799 1 5 
800 1 5 
801 1 5 
802 1 5 
803 1 5 
804 1 5 
805 1 5 
806 1 5 
807 1 5 
808 1 5 
809 1 5 
810 1 5 
811 1 5 
812 1 5 
813 1 5 
814 1 5 
815 1 5 
816 1 5 
817 1 5 
;
end;
