param S := 966;
param T := 8;
param D := 5;
param windowsize := 0;

param A := 
1 109
2 164
3 52
4 73
5 18
6 1
7 97
8 1602
9 25
10 9
11 61
12 106
13 86
14 88
15 1
16 6
17 24
18 24
19 52
20 86
21 48
22 48
23 36
24 1
25 0
26 134
27 24
28 111
29 17
30 3
31 4
32 2
33 8
34 3
35 7
36 7
37 6
38 7
39 18
40 18
41 1
42 18
43 6
44 7
45 2
46 3
47 5
48 18
49 1
50 1
51 24
52 18
53 31
54 22
55 129
56 2
57 16
58 86
59 11
60 16
61 2
62 3
63 4
64 18
65 4
66 2
67 2
68 6
69 11
70 5
71 9
72 13
73 14
74 3
75 1
76 8
77 3
78 4
79 6
80 9
81 75
82 81
83 52
84 60
85 18
86 22
87 11
88 4
89 11
90 18
91 11
92 9
93 6
94 9
95 9
96 6
97 21
98 9
99 5
100 45
101 6
102 90
103 22
104 14
105 9
106 10
107 203
108 90
109 40
110 61
111 101
112 44
113 9
114 9
115 9
116 158
117 109
118 146
119 55
120 19
121 55
122 91
123 125
124 73
125 40
126 16
127 11
128 40
129 90
130 268
131 22
132 54
133 97
134 42
135 40
136 30
137 10
138 4
139 4
140 11
141 36
142 60
143 12
144 42
145 50
146 9
147 474
148 7
149 5
150 9
151 6
152 112
153 13
154 18
155 18
156 37
157 46
158 44
159 18
160 72
161 18
162 46
163 5
164 9
165 37
166 9
167 4
168 4
169 34
170 9
171 11
172 21
173 7
174 9
175 10
176 16
177 8
178 25
179 18
180 9
181 12
182 25
183 7
184 8
185 4
186 4
187 7
188 12
189 5
190 88
191 18
192 5
193 9
194 36
195 22
196 6
197 7
198 13
199 106
200 64
201 133
202 106
203 150
204 106
205 122
206 98
207 122
208 221
209 66
210 86
211 129
212 86
213 42
214 106
215 43
216 12
217 9
218 30
219 14
220 18
221 29
222 33
223 64
224 88
225 27
226 186
227 20
228 187
229 3
230 11
231 18
232 2
233 18
234 18
235 27
236 18
237 13
238 4
239 9
240 0
241 4
242 9
243 9
244 3
245 29
246 9
247 9
248 24
249 91
250 76
251 5
252 34
253 23
254 22
255 44
256 72
257 22
258 10
259 11
260 44
261 27
262 11
263 68
264 88
265 9
266 107
267 50
268 265
269 47
270 11
271 11
272 4
273 7
274 11
275 4
276 86
277 16
278 18
279 40
280 6
281 13
282 6
283 9
284 10
285 53
286 53
287 133
288 15
289 53
290 96
291 85
292 106
293 137
294 123
295 231
296 52
297 150
298 199
299 185
300 107
301 399
302 5
303 56
304 51
305 21
306 8
307 2
308 8
309 22
310 31
311 18
312 9
313 1
314 15
315 9
316 7
317 8
318 0
319 4
320 18
321 20
322 55
323 86
324 8
325 33
326 133
327 15
328 3
329 9
330 2
331 10
332 24
333 9
334 7
335 11
336 2
337 1
338 1
339 8
340 18
341 4
342 14
343 2
344 7
345 18
346 35
347 35
348 24
349 14
350 7
351 7
352 8
353 4
354 9
355 9
356 3
357 40
358 61
359 101
360 44
361 18
362 14
363 9
364 18
365 9
366 14
367 14
368 25
369 18
370 3
371 18
372 18
373 22
374 66
375 12
376 1
377 27
378 2
379 55
380 1
381 0
382 0
383 8
384 2
385 4
386 9
387 18
388 13
389 7
390 7
391 9
392 4
393 4
394 4
395 0
396 1
397 9
398 18
399 4
400 11
401 12
402 4
403 9
404 4
405 1
406 3
407 14
408 0
409 9
410 2
411 2
412 12
413 22
414 11
415 18
416 18
417 22
418 8
419 22
420 4
421 12
422 3
423 2
424 3
425 4
426 21
427 34
428 17
429 17
430 75
431 97
432 9
433 25
434 36
435 267
436 110
437 133
438 106
439 107
440 88
441 221
442 106
443 168
444 31
445 109
446 164
447 43
448 109
449 13
450 2
451 2
452 2
453 2
454 2
455 18
456 13
457 9
458 33
459 27
460 5
461 7
462 18
463 22
464 2
465 4
466 2
467 4
468 4
469 4
470 4
471 13
472 20
473 66
474 27
475 4
476 7
477 20
478 18
479 4
480 0
481 5
482 5
483 5
484 24
485 52
486 86
487 37
488 36
489 358
490 8
491 11
492 18
493 7
494 9
495 46
496 81
497 129
498 22
499 106
500 64
501 32
502 22
503 8
504 22
505 2
506 21
507 85
508 71
509 7
510 27
511 7
512 13
513 35
514 7
515 1
516 26
517 4
518 2
519 18
520 4
521 22
522 5
523 66
524 7
525 5
526 6
527 18
528 4
529 8
530 7
531 10
532 6
533 14
534 12
535 12
536 42
537 6
538 2
539 3
540 3
541 8
542 5
543 27
544 13
545 12
546 48
547 48
548 3
549 5
550 5
551 11
552 56
553 134
554 71
555 7
556 91
557 55
558 55
559 73
560 55
561 73
562 55
563 73
564 6
565 11
566 17
567 5
568 28
569 37
570 40
571 21
572 25
573 21
574 24
575 35
576 93
577 44
578 40
579 9
580 25
581 100
582 11
583 127
584 19
585 106
586 32
587 219
588 51
589 29
590 36
591 36
592 9
593 36
594 30
595 29
596 7
597 14
598 7
599 14
600 4
601 11
602 9
603 257
604 71
605 4
606 22
607 31
608 106
609 86
610 141
611 115
612 88
613 86
614 107
615 106
616 537
617 166
618 20
619 111
620 74
621 17
622 44
623 44
624 44
625 72
626 44
627 18
628 44
629 5
630 4
631 7
632 6
633 36
634 9
635 44
636 53
637 11
638 9
639 13
640 53
641 22
642 7
643 68
644 13
645 22
646 62
647 54
648 44
649 9
650 17
651 0
652 16
653 8
654 17
655 9
656 33
657 4
658 20
659 8
660 52
661 22
662 4
663 2
664 4
665 2
666 11
667 42
668 150
669 86
670 221
671 6
672 3
673 15
674 172
675 129
676 20
677 9
678 14
679 21
680 2
681 37
682 53
683 7
684 55
685 48
686 49
687 90
688 90
689 305
690 100
691 46
692 32
693 4
694 31
695 23
696 118
697 68
698 11
699 55
700 79
701 46
702 65
703 7
704 9
705 4
706 9
707 4
708 9
709 14
710 4
711 4
712 9
713 4
714 9
715 42
716 46
717 8
718 36
719 18
720 66
721 11
722 16
723 9
724 16
725 10
726 9
727 39
728 29
729 12
730 11
731 2
732 51
733 46
734 11
735 11
736 4
737 18
738 8
739 61
740 0
741 0
742 14
743 44
744 7
745 22
746 22
747 7
748 4
749 14
750 36
751 9
752 49
753 27
754 4
755 5
756 24
757 2
758 2
759 17
760 9
761 5
762 36
763 13
764 12
765 6
766 14
767 9
768 12
769 9
770 6
771 90
772 18
773 47
774 47
775 62
776 84
777 192
778 244
779 244
780 79
781 158
782 88
783 72
784 129
785 168
786 96
787 17
788 9
789 7
790 15
791 176
792 73
793 36
794 73
795 55
796 109
797 73
798 11
799 75
800 200
801 5
802 5
803 16
804 3
805 36
806 474
807 134
808 18
809 4
810 7
811 7
812 4
813 4
814 4
815 8
816 6
817 61
818 4
819 7
820 64
821 107
822 265
823 107
824 106
825 88
826 159
827 177
828 250
829 18
830 8
831 160
832 45
833 22
834 122
835 19
836 10
837 64
838 17
839 44
840 7
841 22
842 19
843 9
844 4
845 4
846 9
847 17
848 19
849 43
850 49
851 24
852 104
853 26
854 24
855 9
856 24
857 18
858 24
859 22
860 7
861 4
862 22
863 18
864 90
865 107
866 22
867 44
868 43
869 22
870 131
871 9
872 110
873 44
874 82
875 322
876 11
877 9
878 9
879 2
880 11
881 4
882 7
883 36
884 8
885 0
886 25
887 2
888 51
889 2
890 4
891 44
892 20
893 7
894 9
895 39
896 13
897 8
898 3
899 3
900 15
901 13
902 9
903 7
904 4
905 23
906 15
907 4
908 15
909 3
910 2
911 3
912 23
913 9
914 9
915 3
916 1
917 24
918 7
919 1
920 3
921 1
922 1
923 14
924 3
925 9
926 2
927 16
928 0
929 4
930 130
931 7
932 5
933 0
934 22
935 125
936 100
937 150
938 24
939 226
940 50
941 100
942 8
943 40
944 8
945 40
946 42
947 9
948 30
949 52
950 46
951 51
952 5
953 52
954 72
955 101
956 18
957 8
958 6
959 6
960 4
961 2
962 2
963 1
964 3
965 4
966 53
;

param Ttarget := 
1 1 1000
2 1 1000
3 1 1000
4 1 1000
5 1 500
6 1 500
7 1 500
8 1 500
1 2 1000
2 2 1000
3 2 1000
4 2 1000
5 2 500
6 2 500
7 2 500
8 2 500
1 3 1000
2 3 1000
3 3 1000
4 3 1000
5 3 500
6 3 500
7 3 500
8 3 500
1 4 1000
2 4 1000
3 4 1000
4 4 1000
5 4 500
6 4 500
7 4 500
8 4 500
1 5 1000
2 5 1000
3 5 1000
4 5 1000
5 5 500
6 5 500
7 5 500
8 5 500
;

set Bannlisti := 
;
set Fixlisti := 
1 2 1 
2 2 1 
3 2 1 
4 2 1 
5 2 1 
6 8 1 
7 2 1 
8 2 1 
9 3 1 
10 5 1 
11 4 1 
12 4 1 
13 4 1 
14 4 1 
15 4 1 
16 4 1 
17 4 1 
18 4 1 
19 4 1 
20 4 1 
21 4 1 
22 4 1 
23 4 1 
24 4 1 
25 4 1 
26 4 1 
27 4 1 
28 4 1 
29 6 1 
30 8 1 
31 8 1 
32 8 1 
33 8 1 
34 8 1 
35 8 1 
36 8 1 
37 8 1 
38 8 1 
39 8 1 
40 8 1 
41 8 1 
42 8 1 
43 8 1 
44 8 1 
45 8 1 
46 8 1 
47 8 1 
48 8 1 
49 8 1 
50 8 1 
51 8 1 
52 8 1 
53 8 1 
54 8 1 
55 8 1 
56 8 1 
57 8 1 
58 8 1 
59 8 1 
60 8 1 
61 7 1 
62 8 1 
63 8 1 
64 8 1 
65 8 1 
66 8 1 
67 8 1 
68 8 1 
69 8 1 
70 8 1 
71 8 1 
72 8 1 
73 7 1 
74 7 1 
75 8 1 
76 8 1 
77 8 1 
78 8 1 
79 8 1 
80 8 1 
81 3 1 
82 3 1 
83 3 1 
84 8 1 
85 8 1 
86 8 1 
87 8 1 
88 8 1 
89 8 1 
90 8 1 
91 8 1 
92 8 1 
93 8 1 
94 8 1 
95 8 1 
96 8 1 
97 8 1 
98 8 1 
99 7 1 
100 7 1 
101 7 1 
102 7 1 
103 7 1 
104 7 1 
105 7 1 
106 7 1 
107 5 1 
108 5 1 
109 7 1 
110 7 1 
111 7 1 
112 7 1 
113 8 1 
114 8 1 
115 8 1 
116 1 1 
117 1 1 
118 1 1 
119 1 1 
120 1 1 
121 1 1 
122 1 1 
123 1 2 
124 1 1 
125 1 1 
126 1 1 
127 1 1 
128 1 1 
129 1 2 
130 1 1 
131 1 1 
132 1 1 
133 1 2 
134 1 1 
135 1 1 
136 1 1 
137 1 1 
138 1 1 
139 1 1 
140 2 2 
141 2 2 
142 2 2 
143 2 2 
144 2 2 
145 2 2 
146 2 2 
147 2 2 
148 1 2 
149 1 2 
150 2 2 
151 2 2 
152 2 2 
153 1 2 
154 2 2 
155 2 2 
156 2 2 
157 2 2 
158 2 2 
159 2 2 
160 2 2 
161 2 2 
162 2 2 
163 1 2 
164 1 2 
165 1 2 
166 1 2 
167 1 2 
168 1 2 
169 1 2 
170 1 2 
171 1 2 
172 1 2 
173 1 2 
174 1 2 
175 1 2 
176 1 2 
177 8 2 
178 8 2 
179 8 2 
180 8 2 
181 8 2 
182 8 2 
183 8 2 
184 3 2 
185 3 2 
186 3 2 
187 3 2 
188 3 2 
189 3 2 
190 3 2 
191 3 2 
192 3 2 
193 3 2 
194 3 2 
195 3 2 
196 3 2 
197 3 2 
198 3 2 
199 3 2 
200 3 2 
201 3 2 
202 3 2 
203 3 2 
204 3 2 
205 3 2 
206 3 2 
207 3 2 
208 3 2 
209 3 2 
210 3 2 
211 3 2 
212 3 2 
213 3 2 
214 3 2 
215 3 2 
216 3 2 
217 3 2 
218 3 2 
219 3 2 
220 3 2 
221 3 2 
222 3 2 
223 3 2 
224 3 2 
225 3 2 
226 3 2 
227 3 2 
228 3 2 
229 3 2 
230 3 2 
231 3 2 
232 3 2 
233 3 2 
234 3 2 
235 3 2 
236 3 2 
237 3 2 
238 3 2 
239 3 2 
240 3 2 
241 3 2 
242 3 2 
243 3 2 
244 3 2 
245 3 2 
246 3 2 
247 3 2 
248 3 2 
249 3 2 
250 3 2 
251 3 2 
252 3 2 
253 3 2 
254 3 2 
255 3 2 
256 3 2 
257 3 2 
258 5 2 
259 5 2 
260 5 2 
261 5 2 
262 5 2 
263 5 2 
264 5 2 
265 5 2 
266 5 2 
267 5 2 
268 5 2 
269 5 2 
270 5 2 
271 5 2 
272 5 2 
273 5 2 
274 5 2 
275 5 2 
276 6 2 
277 5 2 
278 6 2 
279 6 2 
280 6 2 
281 6 2 
282 6 2 
283 6 2 
284 6 2 
285 6 2 
286 6 2 
287 6 2 
288 6 2 
289 6 2 
290 6 2 
291 6 2 
292 6 2 
293 6 2 
294 6 2 
295 6 2 
296 6 2 
297 6 2 
298 6 2 
299 6 2 
300 6 2 
301 6 2 
302 6 2 
303 6 2 
304 6 2 
305 8 2 
306 6 2 
307 6 2 
308 6 2 
309 6 2 
310 6 2 
311 6 2 
312 6 2 
313 8 2 
314 8 2 
315 8 2 
316 6 2 
317 6 2 
318 6 2 
319 8 2 
320 8 2 
321 8 2 
322 7 2 
323 7 2 
324 7 2 
325 7 2 
326 7 2 
327 7 2 
328 7 2 
329 7 2 
330 8 2 
331 7 2 
332 7 2 
333 7 2 
334 7 2 
335 7 2 
336 8 2 
337 8 2 
338 7 2 
339 5 2 
340 5 2 
341 5 2 
342 5 2 
343 8 2 
344 5 2 
345 5 2 
346 5 2 
347 5 2 
348 8 2 
349 7 2 
350 7 2 
351 7 2 
352 7 2 
353 7 2 
354 7 2 
355 7 2 
356 6 2 
357 7 2 
358 7 2 
359 7 2 
360 7 2 
361 7 2 
362 7 2 
363 7 2 
364 7 2 
365 7 2 
366 7 2 
367 5 2 
368 5 2 
369 5 2 
370 8 2 
371 5 2 
372 5 2 
373 5 2 
374 5 2 
375 8 2 
376 8 2 
377 8 2 
378 8 2 
379 8 2 
380 2 2 
381 4 2 
382 4 2 
383 8 2 
384 8 2 
385 5 2 
386 7 2 
387 7 2 
388 7 2 
389 7 2 
390 7 2 
391 7 2 
392 8 2 
393 8 2 
394 8 2 
395 8 2 
396 8 2 
397 8 2 
398 8 2 
399 8 2 
400 8 2 
401 8 2 
402 8 2 
403 8 2 
404 8 2 
405 8 2 
406 8 2 
407 8 2 
408 8 2 
409 8 2 
410 8 2 
411 8 2 
412 8 2 
413 8 2 
414 8 2 
415 8 2 
416 8 2 
417 8 2 
418 8 2 
419 8 2 
420 8 2 
421 8 2 
422 8 2 
423 8 2 
424 8 2 
425 8 2 
426 8 2 
427 1 2 
428 1 2 
429 1 2 
430 1 2 
431 1 2 
432 1 2 
433 1 2 
434 1 2 
435 1 2 
436 1 2 
437 1 2 
438 1 2 
439 1 2 
440 1 2 
441 1 2 
442 1 2 
443 1 2 
444 1 2 
445 2 3 
446 2 3 
447 2 3 
448 2 3 
449 8 3 
450 8 3 
451 8 3 
452 8 3 
453 8 3 
454 8 3 
455 8 3 
456 8 3 
457 8 3 
458 8 3 
459 8 3 
460 8 3 
461 8 3 
462 8 3 
463 8 3 
464 8 3 
465 8 3 
466 8 3 
467 8 3 
468 8 3 
469 8 3 
470 8 3 
471 6 3 
472 3 3 
473 3 3 
474 4 3 
475 3 3 
476 4 3 
477 4 3 
478 4 3 
479 4 3 
480 4 3 
481 4 3 
482 4 3 
483 4 3 
484 4 3 
485 4 3 
486 4 3 
487 4 3 
488 4 3 
489 5 3 
490 5 3 
491 5 3 
492 5 3 
493 5 3 
494 5 3 
495 4 3 
496 4 3 
497 4 3 
498 4 3 
499 4 3 
500 4 3 
501 4 3 
502 4 3 
503 4 3 
504 7 3 
505 8 3 
506 8 3 
507 1 3 
508 4 3 
509 4 3 
510 8 3 
511 8 3 
512 8 3 
513 8 3 
514 8 3 
515 8 3 
516 8 3 
517 7 3 
518 7 3 
519 7 3 
520 7 3 
521 7 3 
522 7 3 
523 7 3 
524 7 3 
525 7 3 
526 7 3 
527 7 3 
528 7 3 
529 7 3 
530 7 3 
531 8 3 
532 8 3 
533 8 3 
534 8 3 
535 8 3 
536 8 3 
537 8 3 
538 8 3 
539 8 3 
540 8 3 
541 8 3 
542 8 3 
543 8 3 
544 8 3 
545 3 3 
546 3 3 
547 3 3 
548 8 3 
549 1 3 
550 1 3 
551 1 3 
552 1 3 
553 1 4 
554 4 3 
555 4 4 
556 1 3 
557 1 3 
558 1 3 
559 1 3 
560 1 3 
561 1 3 
562 1 3 
563 1 3 
564 1 3 
565 1 3 
566 1 3 
567 1 3 
568 1 3 
569 1 3 
570 1 3 
571 1 3 
572 1 3 
573 1 3 
574 1 3 
575 2 4 
576 2 4 
577 2 4 
578 2 4 
579 2 4 
580 2 4 
581 1 4 
582 1 4 
583 2 4 
584 2 4 
585 2 4 
586 2 4 
587 2 4 
588 2 4 
589 8 4 
590 8 4 
591 8 4 
592 8 4 
593 8 4 
594 8 4 
595 8 4 
596 8 4 
597 8 4 
598 8 4 
599 8 4 
600 8 4 
601 8 4 
602 8 4 
603 8 4 
604 8 4 
605 8 4 
606 8 4 
607 8 4 
608 3 4 
609 3 4 
610 3 4 
611 3 4 
612 3 4 
613 3 4 
614 3 4 
615 3 4 
616 3 4 
617 3 4 
618 3 4 
619 3 4 
620 3 4 
621 3 4 
622 3 4 
623 3 4 
624 3 4 
625 3 4 
626 3 4 
627 3 4 
628 3 4 
629 3 4 
630 3 4 
631 3 4 
632 3 4 
633 3 4 
634 3 4 
635 3 4 
636 3 4 
637 3 4 
638 3 4 
639 3 4 
640 3 4 
641 3 4 
642 3 4 
643 3 4 
644 3 4 
645 3 4 
646 3 4 
647 3 4 
648 3 4 
649 3 4 
650 3 4 
651 8 4 
652 8 4 
653 8 4 
654 8 4 
655 8 4 
656 8 4 
657 4 4 
658 4 4 
659 8 4 
660 3 4 
661 3 4 
662 8 4 
663 8 4 
664 8 4 
665 8 4 
666 8 4 
667 6 4 
668 6 4 
669 6 4 
670 6 4 
671 6 4 
672 6 4 
673 6 4 
674 6 4 
675 6 4 
676 6 4 
677 6 4 
678 6 4 
679 6 4 
680 6 4 
681 6 4 
682 6 4 
683 6 4 
684 6 4 
685 6 4 
686 6 4 
687 6 4 
688 6 4 
689 6 4 
690 6 4 
691 6 4 
692 6 4 
693 6 4 
694 6 4 
695 6 4 
696 6 4 
697 6 4 
698 6 4 
699 6 4 
700 6 4 
701 6 4 
702 6 4 
703 6 4 
704 6 4 
705 6 4 
706 6 4 
707 6 4 
708 6 4 
709 7 4 
710 6 4 
711 7 4 
712 7 4 
713 7 4 
714 7 4 
715 7 4 
716 7 4 
717 7 4 
718 7 4 
719 7 4 
720 7 4 
721 7 4 
722 7 4 
723 7 4 
724 7 4 
725 7 4 
726 7 4 
727 7 4 
728 7 4 
729 7 4 
730 7 4 
731 7 4 
732 7 4 
733 8 4 
734 8 4 
735 8 4 
736 8 4 
737 8 4 
738 7 4 
739 7 4 
740 7 4 
741 7 4 
742 8 4 
743 8 4 
744 8 4 
745 8 4 
746 8 4 
747 8 4 
748 8 4 
749 8 4 
750 8 4 
751 8 4 
752 8 4 
753 7 4 
754 7 4 
755 8 4 
756 8 4 
757 8 4 
758 8 4 
759 8 4 
760 8 4 
761 8 4 
762 8 4 
763 8 4 
764 8 4 
765 8 4 
766 8 4 
767 8 4 
768 8 4 
769 8 4 
770 4 4 
771 1 4 
772 1 4 
773 1 4 
774 1 4 
775 1 4 
776 1 4 
777 1 4 
778 1 4 
779 1 4 
780 1 4 
781 1 4 
782 1 4 
783 1 4 
784 1 4 
785 1 4 
786 1 4 
787 1 5 
788 1 5 
789 1 5 
790 1 5 
791 1 4 
792 1 4 
793 1 4 
794 1 4 
795 1 4 
796 1 4 
797 1 4 
798 1 4 
799 1 4 
800 8 5 
801 1 5 
802 2 5 
803 2 5 
804 2 5 
805 2 5 
806 2 5 
807 2 5 
808 8 5 
809 8 5 
810 8 5 
811 8 5 
812 8 5 
813 8 5 
814 8 5 
815 8 5 
816 8 5 
817 8 5 
818 8 5 
819 8 5 
820 3 5 
821 3 5 
822 3 5 
823 3 5 
824 3 5 
825 3 5 
826 3 5 
827 3 5 
828 3 5 
829 3 5 
830 3 5 
831 3 5 
832 3 5 
833 3 5 
834 3 5 
835 3 5 
836 3 5 
837 3 5 
838 3 5 
839 3 5 
840 3 5 
841 3 5 
842 3 5 
843 3 5 
844 3 5 
845 3 5 
846 3 5 
847 3 5 
848 3 5 
849 8 5 
850 8 5 
851 8 5 
852 5 5 
853 5 5 
854 4 5 
855 4 5 
856 4 5 
857 5 5 
858 5 5 
859 5 5 
860 5 5 
861 5 5 
862 5 5 
863 5 5 
864 5 5 
865 5 5 
866 5 5 
867 5 5 
868 5 5 
869 5 5 
870 5 5 
871 5 5 
872 5 5 
873 5 5 
874 5 5 
875 5 5 
876 8 5 
877 8 5 
878 8 5 
879 8 5 
880 8 5 
881 8 5 
882 8 5 
883 8 5 
884 8 5 
885 6 5 
886 6 5 
887 7 5 
888 7 5 
889 7 5 
890 8 5 
891 7 5 
892 8 5 
893 8 5 
894 5 5 
895 8 5 
896 8 5 
897 8 5 
898 8 5 
899 7 5 
900 7 5 
901 7 5 
902 7 5 
903 7 5 
904 7 5 
905 7 5 
906 7 5 
907 7 5 
908 7 5 
909 7 5 
910 7 5 
911 7 5 
912 7 5 
913 7 5 
914 7 5 
915 7 5 
916 7 5 
917 7 5 
918 7 5 
919 7 5 
920 7 5 
921 7 5 
922 7 5 
923 7 5 
924 7 5 
925 8 5 
926 8 5 
927 8 5 
928 8 5 
929 8 5 
930 6 5 
931 8 5 
932 3 5 
933 3 5 
934 1 5 
935 1 5 
936 1 5 
937 1 5 
938 1 5 
939 1 5 
940 1 5 
941 1 5 
942 1 5 
943 1 5 
944 1 5 
945 1 5 
946 1 5 
947 1 5 
948 1 5 
949 1 5 
950 1 5 
951 1 5 
952 1 5 
953 1 5 
954 1 5 
955 1 5 
956 1 5 
957 1 5 
958 1 5 
959 1 5 
960 1 5 
961 1 5 
962 1 5 
963 1 5 
964 1 5 
965 1 5 
966 1 5 
;
end;
