param S := 1004;
param T := 8;
param D := 5;
param windowsize := 0;

param A := 
1 201
2 150
3 24
4 50
5 301
6 146
7 219
8 36
9 219
10 146
11 91
12 100
13 100
14 97
15 25
16 36
17 70
18 154
19 401
20 47
21 47
22 152
23 53
24 70
25 47
26 62
27 84
28 62
29 73
30 146
31 35
32 73
33 84
34 36
35 134
36 186
37 168
38 56
39 26
40 106
41 14
42 32
43 68
44 44
45 9
46 146
47 72
48 33
49 2
50 2
51 2
52 4
53 2
54 31
55 23
56 2
57 2
58 101
59 40
60 62
61 9
62 4
63 5
64 1
65 1
66 21
67 3
68 5
69 4
70 9
71 3
72 7
73 12
74 6
75 7
76 18
77 13
78 52
79 104
80 48
81 48
82 24
83 27
84 22
85 22
86 30
87 4
88 221
89 2
90 29
91 31
92 65
93 18
94 46
95 107
96 47
97 5
98 1
99 11
100 15
101 82
102 7
103 1
104 14
105 5
106 27
107 3
108 474
109 11
110 5
111 5
112 5
113 122
114 10
115 61
116 61
117 11
118 127
119 112
120 63
121 51
122 158
123 24
124 125
125 50
126 61
127 117
128 401
129 8
130 18
131 42
132 44
133 15
134 79
135 32
136 46
137 18
138 24
139 2
140 3
141 4
142 2
143 2
144 4
145 9
146 4
147 7
148 24
149 129
150 18
151 18
152 11
153 84
154 76
155 13
156 13
157 34
158 55
159 8
160 8
161 0
162 0
163 1
164 13
165 58
166 52
167 14
168 7
169 4
170 6
171 20
172 34
173 9
174 13
175 27
176 61
177 9
178 36
179 44
180 44
181 13
182 27
183 64
184 107
185 133
186 86
187 88
188 98
189 179
190 186
191 4
192 17
193 18
194 4
195 11
196 8
197 107
198 64
199 96
200 398
201 22
202 212
203 53
204 172
205 73
206 5
207 265
208 90
209 18
210 18
211 11
212 7
213 22
214 44
215 0
216 4
217 53
218 186
219 55
220 215
221 55
222 215
223 36
224 21
225 90
226 36
227 28
228 4
229 44
230 4
231 53
232 38
233 106
234 8
235 8
236 16
237 12
238 3
239 14
240 106
241 42
242 333
243 106
244 150
245 107
246 85
247 172
248 107
249 106
250 265
251 4
252 4
253 4
254 8
255 4
256 29
257 36
258 59
259 7
260 2
261 3
262 18
263 7
264 7
265 2
266 4
267 4
268 14
269 8
270 18
271 31
272 4
273 7
274 99
275 54
276 7
277 99
278 4
279 27
280 7
281 13
282 4
283 27
284 18
285 9
286 18
287 11
288 13
289 10
290 13
291 2
292 8
293 9
294 4
295 5
296 7
297 27
298 21
299 6
300 2
301 221
302 13
303 7
304 18
305 30
306 18
307 5
308 5
309 148
310 185
311 105
312 110
313 44
314 18
315 27
316 8
317 18
318 11
319 36
320 7
321 7
322 4
323 5
324 12
325 24
326 26
327 7
328 12
329 13
330 22
331 9
332 13
333 18
334 13
335 9
336 20
337 12
338 7
339 18
340 9
341 18
342 44
343 13
344 14
345 11
346 44
347 19
348 28
349 28
350 95
351 126
352 110
353 86
354 11
355 22
356 12
357 5
358 9
359 9
360 4
361 4
362 4
363 2
364 4
365 4
366 9
367 4
368 7
369 4
370 3
371 2
372 0
373 54
374 2
375 5
376 6
377 7
378 7
379 11
380 13
381 7
382 10
383 9
384 4
385 4
386 23
387 2
388 34
389 134
390 35
391 100
392 125
393 201
394 100
395 100
396 97
397 24
398 215
399 121
400 113
401 40
402 36
403 22
404 318
405 221
406 11
407 9
408 7
409 9
410 7
411 2
412 4
413 5
414 7
415 13
416 4
417 158
418 9
419 7
420 61
421 81
422 27
423 107
424 80
425 0
426 1
427 0
428 1
429 43
430 24
431 21
432 80
433 107
434 134
435 36
436 22
437 179
438 90
439 27
440 27
441 52
442 9
443 13
444 23
445 64
446 221
447 106
448 113
449 32
450 148
451 100
452 124
453 66
454 109
455 109
456 35
457 182
458 9
459 52
460 2
461 186
462 40
463 0
464 13
465 4
466 129
467 129
468 44
469 53
470 14
471 20
472 9
473 12
474 1
475 16
476 24
477 12
478 0
479 52
480 52
481 9
482 48
483 48
484 36
485 0
486 7
487 86
488 17
489 31
490 18
491 14
492 11
493 29
494 18
495 179
496 35
497 25
498 16
499 9
500 3
501 2
502 0
503 4
504 3
505 12
506 12
507 48
508 48
509 27
510 27
511 22
512 11
513 47
514 107
515 2
516 14
517 28
518 21
519 14
520 2
521 6
522 4
523 11
524 3
525 1
526 3
527 1
528 5
529 1
530 65
531 4
532 8
533 5
534 0
535 3
536 4
537 7
538 9
539 9
540 14
541 10
542 11
543 45
544 2
545 7
546 18
547 18
548 18
549 51
550 49
551 18
552 27
553 14
554 4
555 13
556 9
557 2
558 4
559 3
560 15
561 16
562 16
563 22
564 13
565 18
566 6
567 22
568 2
569 2
570 11
571 4
572 2
573 79
574 2
575 8
576 1
577 0
578 72
579 9
580 2
581 2
582 26
583 51
584 44
585 101
586 40
587 27
588 44
589 51
590 42
591 6
592 11
593 11
594 11
595 5
596 122
597 11
598 267
599 0
600 267
601 267
602 46
603 38
604 35
605 179
606 65
607 24
608 44
609 44
610 13
611 40
612 12
613 474
614 8
615 5
616 12
617 7
618 55
619 215
620 122
621 221
622 358
623 66
624 86
625 88
626 0
627 106
628 64
629 42
630 133
631 107
632 106
633 88
634 159
635 150
636 107
637 7
638 4
639 5
640 18
641 4
642 4
643 9
644 7
645 44
646 44
647 143
648 43
649 44
650 76
651 45
652 22
653 53
654 27
655 19
656 2
657 13
658 4
659 11
660 4
661 3
662 13
663 6
664 36
665 27
666 8
667 27
668 13
669 13
670 42
671 18
672 2
673 13
674 24
675 36
676 20
677 46
678 38
679 42
680 52
681 22
682 118
683 36
684 4
685 26
686 4
687 2
688 16
689 23
690 5
691 8
692 4
693 9
694 4
695 1
696 129
697 44
698 386
699 27
700 13
701 35
702 9
703 7
704 18
705 4
706 2
707 15
708 9
709 133
710 129
711 137
712 133
713 265
714 150
715 411
716 215
717 106
718 115
719 222
720 179
721 106
722 133
723 110
724 265
725 6
726 9
727 6
728 0
729 110
730 76
731 118
732 135
733 86
734 55
735 38
736 1
737 45
738 45
739 6
740 51
741 14
742 35
743 11
744 22
745 36
746 0
747 0
748 84
749 19
750 55
751 28
752 15
753 160
754 20
755 111
756 90
757 305
758 80
759 13
760 13
761 13
762 4
763 9
764 18
765 6
766 14
767 28
768 32
769 80
770 38
771 107
772 17
773 3
774 18
775 4
776 9
777 7
778 40
779 249
780 143
781 30
782 90
783 110
784 33
785 44
786 177
787 4
788 7
789 7
790 35
791 18
792 5
793 11
794 11
795 4
796 55
797 133
798 8
799 7
800 4
801 4
802 0
803 4
804 25
805 8
806 0
807 47
808 237
809 125
810 100
811 35
812 36
813 17
814 268
815 168
816 106
817 100
818 133
819 133
820 107
821 94
822 124
823 47
824 84
825 144
826 81
827 81
828 79
829 81
830 401
831 26
832 73
833 140
834 24
835 401
836 136
837 32
838 474
839 4
840 47
841 13
842 36
843 72
844 68
845 27
846 80
847 72
848 18
849 46
850 44
851 190
852 6
853 79
854 364
855 133
856 358
857 80
858 4
859 42
860 31
861 22
862 0
863 66
864 15
865 44
866 160
867 22
868 166
869 72
870 83
871 133
872 44
873 106
874 44
875 12
876 9
877 4
878 4
879 27
880 5
881 7
882 14
883 9
884 16
885 0
886 17
887 7
888 19
889 34
890 143
891 40
892 22
893 14
894 250
895 40
896 11
897 146
898 104
899 52
900 133
901 86
902 115
903 88
904 86
905 122
906 106
907 72
908 78
909 4
910 88
911 106
912 44
913 14
914 43
915 110
916 215
917 45
918 88
919 22
920 98
921 128
922 53
923 54
924 44
925 19
926 27
927 7
928 4
929 9
930 4
931 29
932 16
933 6
934 5
935 24
936 13
937 107
938 10
939 11
940 20
941 12
942 158
943 82
944 4
945 19
946 20
947 4
948 4
949 2
950 22
951 0
952 1
953 0
954 33
955 90
956 49
957 2
958 8
959 27
960 13
961 9
962 24
963 19
964 0
965 5
966 1
967 3
968 25
969 18
970 7
971 61
972 11
973 36
974 40
975 49
976 94
977 310
978 0
979 0
980 182
981 0
982 18
983 91
984 0
985 5
986 5
987 5
988 10
989 61
990 182
991 5
992 81
993 79
994 238
995 158
996 36
997 33
998 66
999 44
1000 156
1001 18
1002 4
1003 9
1004 4
;

param Ttarget := 
1 1 1000
2 1 1000
3 1 1000
4 1 1000
5 1 500
6 1 500
7 1 500
8 1 500
1 2 1000
2 2 1000
3 2 1000
4 2 1000
5 2 500
6 2 500
7 2 500
8 2 500
1 3 1000
2 3 1000
3 3 1000
4 3 1000
5 3 500
6 3 500
7 3 500
8 3 500
1 4 1000
2 4 1000
3 4 1000
4 4 1000
5 4 500
6 4 500
7 4 500
8 4 500
1 5 1000
2 5 1000
3 5 1000
4 5 1000
5 5 500
6 5 500
7 5 500
8 5 500
;

set Bannlisti := 
;
set Fixlisti := 
1 1 1 
2 1 1 
3 1 1 
4 1 1 
5 1 1 
6 1 1 
7 1 1 
8 1 1 
9 1 1 
10 1 1 
11 1 1 
12 1 1 
13 1 1 
14 1 1 
15 1 1 
16 1 1 
17 1 1 
18 1 1 
19 1 1 
20 1 1 
21 1 1 
22 1 1 
23 1 1 
24 1 1 
25 1 1 
26 1 1 
27 1 1 
28 1 1 
29 2 1 
30 2 1 
31 2 1 
32 2 1 
33 2 1 
34 2 1 
35 1 1 
36 1 1 
37 1 1 
38 2 1 
39 2 1 
40 2 1 
41 2 1 
42 2 1 
43 2 1 
44 2 1 
45 2 1 
46 2 1 
47 2 1 
48 2 1 
49 1 1 
50 5 1 
51 6 1 
52 2 1 
53 2 1 
54 6 1 
55 6 1 
56 7 1 
57 6 1 
58 8 1 
59 2 1 
60 2 1 
61 4 1 
62 8 1 
63 8 1 
64 8 1 
65 8 1 
66 5 1 
67 8 1 
68 8 1 
69 8 1 
70 8 1 
71 8 1 
72 8 1 
73 8 1 
74 8 1 
75 8 1 
76 8 1 
77 4 1 
78 4 1 
79 4 1 
80 4 1 
81 4 1 
82 4 1 
83 4 1 
84 4 1 
85 4 1 
86 4 1 
87 4 1 
88 5 1 
89 6 1 
90 5 1 
91 8 1 
92 7 1 
93 8 1 
94 7 1 
95 7 1 
96 7 1 
97 8 1 
98 8 1 
99 8 1 
100 8 1 
101 8 1 
102 8 1 
103 8 1 
104 8 1 
105 8 1 
106 8 1 
107 8 1 
108 2 2 
109 1 2 
110 1 2 
111 1 2 
112 1 2 
113 1 2 
114 1 2 
115 1 2 
116 1 2 
117 1 2 
118 2 2 
119 2 2 
120 2 2 
121 2 2 
122 1 2 
123 1 2 
124 1 2 
125 1 2 
126 8 2 
127 8 2 
128 2 2 
129 1 2 
130 1 2 
131 1 2 
132 1 2 
133 1 2 
134 1 2 
135 1 2 
136 1 2 
137 1 2 
138 1 2 
139 8 2 
140 8 2 
141 8 2 
142 8 2 
143 8 2 
144 8 2 
145 8 2 
146 8 2 
147 8 2 
148 8 2 
149 8 2 
150 8 2 
151 8 2 
152 8 2 
153 8 2 
154 8 2 
155 8 2 
156 8 2 
157 8 2 
158 8 2 
159 8 2 
160 8 2 
161 8 2 
162 8 2 
163 8 2 
164 1 2 
165 1 2 
166 1 2 
167 1 2 
168 1 2 
169 1 2 
170 1 2 
171 3 2 
172 3 2 
173 3 2 
174 3 2 
175 3 2 
176 3 2 
177 3 2 
178 3 2 
179 3 2 
180 3 2 
181 3 2 
182 3 2 
183 3 2 
184 3 2 
185 3 2 
186 3 2 
187 3 2 
188 3 2 
189 3 2 
190 3 2 
191 3 2 
192 3 2 
193 3 2 
194 3 2 
195 3 2 
196 4 2 
197 4 2 
198 4 2 
199 4 2 
200 4 2 
201 4 2 
202 4 2 
203 4 2 
204 4 2 
205 4 2 
206 3 2 
207 5 2 
208 5 2 
209 5 2 
210 5 2 
211 5 2 
212 5 2 
213 5 2 
214 5 2 
215 5 2 
216 5 2 
217 5 2 
218 5 2 
219 5 2 
220 5 2 
221 5 2 
222 5 2 
223 5 2 
224 5 2 
225 5 2 
226 5 2 
227 6 2 
228 6 2 
229 6 2 
230 6 2 
231 6 2 
232 6 2 
233 6 2 
234 6 2 
235 6 2 
236 6 2 
237 6 2 
238 6 2 
239 6 2 
240 6 2 
241 6 2 
242 6 2 
243 6 2 
244 6 2 
245 6 2 
246 6 2 
247 6 2 
248 6 2 
249 6 2 
250 6 2 
251 8 2 
252 8 2 
253 8 2 
254 7 2 
255 7 2 
256 7 2 
257 7 2 
258 7 2 
259 7 2 
260 7 2 
261 7 2 
262 8 2 
263 8 2 
264 8 2 
265 8 2 
266 8 2 
267 8 2 
268 7 2 
269 7 2 
270 7 2 
271 7 2 
272 7 2 
273 7 2 
274 7 2 
275 7 2 
276 7 2 
277 7 2 
278 7 2 
279 7 2 
280 7 2 
281 7 2 
282 8 2 
283 8 2 
284 8 2 
285 8 2 
286 8 2 
287 8 2 
288 8 2 
289 8 2 
290 8 2 
291 7 2 
292 7 2 
293 7 2 
294 8 2 
295 8 2 
296 8 2 
297 8 2 
298 8 2 
299 8 2 
300 7 2 
301 5 2 
302 5 2 
303 5 2 
304 7 2 
305 7 2 
306 7 2 
307 7 2 
308 7 2 
309 7 2 
310 7 2 
311 7 2 
312 7 2 
313 7 2 
314 7 2 
315 7 2 
316 7 2 
317 7 2 
318 7 2 
319 8 2 
320 8 2 
321 8 2 
322 8 2 
323 8 2 
324 8 2 
325 8 2 
326 8 2 
327 8 2 
328 8 2 
329 8 2 
330 8 2 
331 8 2 
332 8 2 
333 8 2 
334 8 2 
335 8 2 
336 8 2 
337 8 2 
338 8 2 
339 8 2 
340 8 2 
341 8 2 
342 8 2 
343 8 2 
344 8 2 
345 8 2 
346 8 2 
347 8 2 
348 8 2 
349 8 2 
350 8 2 
351 8 2 
352 8 2 
353 8 2 
354 8 2 
355 8 2 
356 8 2 
357 8 2 
358 8 2 
359 8 2 
360 8 2 
361 8 2 
362 8 2 
363 8 2 
364 8 2 
365 8 2 
366 8 2 
367 8 2 
368 8 2 
369 8 2 
370 8 2 
371 8 2 
372 8 2 
373 5 2 
374 5 2 
375 1 2 
376 1 2 
377 1 2 
378 1 2 
379 1 2 
380 1 2 
381 1 2 
382 1 2 
383 1 2 
384 1 2 
385 1 2 
386 1 2 
387 1 2 
388 1 2 
389 1 2 
390 1 2 
391 1 2 
392 1 2 
393 1 2 
394 1 2 
395 1 2 
396 1 2 
397 1 2 
398 1 3 
399 1 3 
400 1 3 
401 1 3 
402 1 3 
403 1 3 
404 1 3 
405 1 3 
406 1 3 
407 1 3 
408 1 3 
409 1 3 
410 1 3 
411 1 3 
412 1 3 
413 1 3 
414 1 3 
415 1 3 
416 1 3 
417 1 3 
418 1 3 
419 1 3 
420 1 3 
421 1 3 
422 1 3 
423 1 3 
424 1 3 
425 1 3 
426 2 3 
427 2 3 
428 2 3 
429 6 3 
430 3 3 
431 7 3 
432 1 3 
433 1 3 
434 1 3 
435 1 3 
436 1 3 
437 1 3 
438 1 3 
439 1 3 
440 1 3 
441 4 3 
442 4 3 
443 4 3 
444 4 3 
445 1 3 
446 1 3 
447 1 3 
448 1 3 
449 1 3 
450 1 3 
451 1 3 
452 1 3 
453 1 3 
454 2 3 
455 2 3 
456 2 3 
457 2 3 
458 3 3 
459 3 3 
460 3 3 
461 3 3 
462 3 3 
463 3 3 
464 3 3 
465 8 3 
466 4 3 
467 4 3 
468 4 3 
469 4 3 
470 4 3 
471 4 3 
472 1 3 
473 4 3 
474 4 3 
475 4 3 
476 4 3 
477 4 3 
478 4 3 
479 4 3 
480 4 3 
481 4 3 
482 4 3 
483 4 3 
484 4 3 
485 4 3 
486 8 3 
487 5 3 
488 5 3 
489 5 3 
490 5 3 
491 5 3 
492 5 3 
493 5 3 
494 5 3 
495 5 3 
496 5 3 
497 5 3 
498 5 3 
499 5 3 
500 5 3 
501 5 3 
502 8 3 
503 1 3 
504 2 3 
505 3 3 
506 3 3 
507 3 3 
508 3 3 
509 8 3 
510 8 3 
511 8 3 
512 8 3 
513 7 3 
514 7 3 
515 8 3 
516 8 3 
517 8 3 
518 8 3 
519 8 3 
520 8 3 
521 8 3 
522 7 3 
523 7 3 
524 7 3 
525 7 3 
526 7 3 
527 7 3 
528 7 3 
529 7 3 
530 7 3 
531 8 3 
532 8 3 
533 8 3 
534 7 3 
535 7 3 
536 8 3 
537 8 3 
538 7 3 
539 7 3 
540 7 3 
541 7 3 
542 7 3 
543 7 3 
544 8 3 
545 8 3 
546 8 3 
547 8 3 
548 8 3 
549 5 3 
550 5 3 
551 5 3 
552 5 3 
553 5 3 
554 8 3 
555 8 3 
556 8 3 
557 8 3 
558 8 3 
559 7 3 
560 5 3 
561 5 3 
562 8 3 
563 8 3 
564 8 3 
565 7 3 
566 7 3 
567 7 3 
568 7 3 
569 7 3 
570 8 3 
571 8 3 
572 8 3 
573 8 3 
574 8 3 
575 8 3 
576 8 3 
577 8 3 
578 7 3 
579 5 3 
580 5 3 
581 5 3 
582 1 3 
583 1 3 
584 1 3 
585 1 3 
586 1 3 
587 1 3 
588 1 3 
589 1 3 
590 1 3 
591 1 3 
592 1 3 
593 1 3 
594 1 3 
595 1 3 
596 1 3 
597 1 3 
598 1 3 
599 1 4 
600 1 4 
601 1 4 
602 2 4 
603 2 4 
604 2 4 
605 2 4 
606 2 4 
607 2 4 
608 2 4 
609 2 4 
610 2 4 
611 2 4 
612 2 4 
613 2 4 
614 2 4 
615 2 4 
616 3 4 
617 3 4 
618 5 4 
619 3 4 
620 3 4 
621 3 4 
622 3 4 
623 3 4 
624 3 4 
625 3 4 
626 3 4 
627 3 4 
628 3 4 
629 3 4 
630 3 4 
631 3 4 
632 3 4 
633 3 4 
634 3 4 
635 3 4 
636 3 4 
637 3 4 
638 3 4 
639 3 4 
640 3 4 
641 3 4 
642 3 4 
643 3 4 
644 3 4 
645 3 4 
646 3 4 
647 3 4 
648 3 4 
649 3 4 
650 3 4 
651 3 4 
652 3 4 
653 3 4 
654 3 4 
655 3 4 
656 3 4 
657 3 4 
658 3 4 
659 3 4 
660 3 4 
661 3 4 
662 3 4 
663 3 4 
664 3 4 
665 3 4 
666 3 4 
667 3 4 
668 3 4 
669 3 4 
670 3 4 
671 3 4 
672 3 4 
673 3 4 
674 3 4 
675 3 4 
676 3 4 
677 3 4 
678 3 4 
679 3 4 
680 3 4 
681 3 4 
682 3 4 
683 8 4 
684 8 4 
685 8 4 
686 8 4 
687 8 4 
688 8 4 
689 8 4 
690 8 4 
691 8 4 
692 8 4 
693 8 4 
694 8 4 
695 8 4 
696 8 4 
697 8 4 
698 8 4 
699 8 4 
700 8 4 
701 8 4 
702 8 4 
703 8 4 
704 8 4 
705 8 4 
706 4 4 
707 8 4 
708 8 4 
709 6 4 
710 6 4 
711 6 4 
712 6 4 
713 6 4 
714 6 4 
715 6 4 
716 6 4 
717 6 4 
718 6 4 
719 6 4 
720 6 4 
721 6 4 
722 6 4 
723 6 4 
724 6 4 
725 6 4 
726 6 4 
727 6 4 
728 6 4 
729 6 4 
730 6 4 
731 6 4 
732 6 4 
733 6 4 
734 6 4 
735 6 4 
736 6 4 
737 6 4 
738 6 4 
739 7 4 
740 7 4 
741 7 4 
742 7 4 
743 7 4 
744 7 4 
745 8 4 
746 8 4 
747 8 4 
748 6 4 
749 6 4 
750 6 4 
751 6 4 
752 6 4 
753 6 4 
754 6 4 
755 6 4 
756 6 4 
757 6 4 
758 6 4 
759 6 4 
760 6 4 
761 6 4 
762 7 4 
763 7 4 
764 7 4 
765 7 4 
766 6 4 
767 6 4 
768 6 4 
769 6 4 
770 6 4 
771 6 4 
772 6 4 
773 6 4 
774 6 4 
775 6 4 
776 6 4 
777 6 4 
778 6 4 
779 7 4 
780 7 4 
781 7 4 
782 7 4 
783 7 4 
784 7 4 
785 7 4 
786 7 4 
787 7 4 
788 8 4 
789 7 4 
790 7 4 
791 7 4 
792 7 4 
793 7 4 
794 8 4 
795 8 4 
796 7 4 
797 7 4 
798 7 4 
799 7 4 
800 8 4 
801 8 4 
802 8 4 
803 8 4 
804 8 4 
805 5 4 
806 5 4 
807 1 4 
808 1 4 
809 1 4 
810 1 4 
811 1 4 
812 1 4 
813 1 4 
814 1 4 
815 1 4 
816 1 4 
817 1 4 
818 1 4 
819 1 4 
820 1 4 
821 1 4 
822 1 4 
823 1 4 
824 1 4 
825 1 4 
826 1 4 
827 1 4 
828 1 4 
829 1 4 
830 2 5 
831 2 5 
832 2 5 
833 2 5 
834 2 5 
835 2 5 
836 2 5 
837 2 5 
838 2 5 
839 2 5 
840 2 5 
841 2 5 
842 8 5 
843 2 5 
844 2 5 
845 2 5 
846 2 5 
847 2 5 
848 2 5 
849 2 5 
850 2 5 
851 2 5 
852 2 5 
853 2 5 
854 2 5 
855 3 5 
856 3 5 
857 2 5 
858 2 5 
859 2 5 
860 2 5 
861 8 5 
862 8 5 
863 8 5 
864 3 5 
865 3 5 
866 3 5 
867 3 5 
868 3 5 
869 3 5 
870 3 5 
871 3 5 
872 3 5 
873 3 5 
874 3 5 
875 3 5 
876 3 5 
877 3 5 
878 3 5 
879 3 5 
880 3 5 
881 3 5 
882 3 5 
883 3 5 
884 3 5 
885 3 5 
886 3 5 
887 3 5 
888 3 5 
889 3 5 
890 3 5 
891 3 5 
892 3 5 
893 3 5 
894 3 5 
895 3 5 
896 3 5 
897 3 5 
898 3 5 
899 3 5 
900 3 5 
901 3 5 
902 3 5 
903 3 5 
904 3 5 
905 3 5 
906 3 5 
907 5 5 
908 5 5 
909 5 5 
910 5 5 
911 5 5 
912 5 5 
913 5 5 
914 5 5 
915 5 5 
916 5 5 
917 5 5 
918 5 5 
919 5 5 
920 8 5 
921 8 5 
922 8 5 
923 8 5 
924 8 5 
925 8 5 
926 8 5 
927 8 5 
928 8 5 
929 8 5 
930 8 5 
931 8 5 
932 8 5 
933 8 5 
934 8 5 
935 8 5 
936 8 5 
937 8 5 
938 8 5 
939 8 5 
940 8 5 
941 8 5 
942 8 5 
943 8 5 
944 8 5 
945 8 5 
946 8 5 
947 8 5 
948 8 5 
949 8 5 
950 8 5 
951 7 5 
952 7 5 
953 1 5 
954 5 5 
955 5 5 
956 5 5 
957 5 5 
958 5 5 
959 5 5 
960 5 5 
961 5 5 
962 8 5 
963 8 5 
964 8 5 
965 8 5 
966 8 5 
967 8 5 
968 8 5 
969 8 5 
970 8 5 
971 8 5 
972 8 5 
973 8 5 
974 8 5 
975 8 5 
976 8 5 
977 1 5 
978 1 5 
979 1 5 
980 1 5 
981 1 5 
982 1 5 
983 1 5 
984 1 5 
985 1 5 
986 1 5 
987 1 5 
988 1 5 
989 1 5 
990 1 5 
991 1 5 
992 1 5 
993 1 5 
994 1 5 
995 1 5 
996 1 5 
997 1 5 
998 1 5 
999 1 5 
1000 1 5 
1001 1 5 
1002 1 5 
1003 1 5 
1004 1 5 
;
end;
