param S := 708;
param T := 8;
param D := 5;
param windowsize := 0;

param A := 
1 73
2 52
3 91
4 84
5 55
6 4
7 2
8 18
9 2
10 7
11 9
12 5
13 0
14 7
15 9
16 19
17 30
18 22
19 5
20 44
21 44
22 13
23 9
24 9
25 9
26 2
27 7
28 72
29 71
30 8
31 166
32 72
33 18
34 19
35 13
36 55
37 146
38 52
39 106
40 88
41 88
42 122
43 106
44 122
45 129
46 133
47 110
48 8
49 5
50 9
51 129
52 265
53 221
54 110
55 106
56 86
57 106
58 265
59 27
60 38
61 27
62 36
63 46
64 65
65 23
66 159
67 6
68 7
69 27
70 76
71 76
72 28
73 55
74 18
75 110
76 222
77 42
78 11
79 5
80 22
81 12
82 12
83 9
84 9
85 4
86 60
87 44
88 13
89 14
90 4
91 8
92 2
93 9
94 0
95 0
96 4
97 18
98 9
99 6
100 4
101 5
102 44
103 7
104 59
105 3
106 9
107 9
108 36
109 2
110 0
111 22
112 11
113 9
114 66
115 24
116 44
117 40
118 18
119 11
120 14
121 22
122 7
123 7
124 9
125 7
126 9
127 4
128 18
129 9
130 22
131 7
132 9
133 35
134 44
135 22
136 7
137 20
138 9
139 100
140 100
141 109
142 221
143 44
144 88
145 19
146 221
147 64
148 221
149 38
150 93
151 107
152 7
153 11
154 18
155 8
156 5
157 5
158 7
159 6
160 11
161 18
162 13
163 43
164 4
165 7
166 2
167 2
168 7
169 4
170 18
171 107
172 16
173 166
174 193
175 133
176 168
177 79
178 73
179 24
180 24
181 36
182 4
183 0
184 1
185 1
186 0
187 0
188 2
189 9
190 17
191 24
192 3
193 1
194 22
195 55
196 22
197 7
198 55
199 110
200 36
201 31
202 4
203 9
204 2
205 4
206 8
207 9
208 7
209 9
210 0
211 12
212 12
213 52
214 12
215 24
216 12
217 52
218 44
219 72
220 86
221 106
222 129
223 77
224 129
225 11
226 7
227 9
228 21
229 4
230 4
231 1
232 265
233 11
234 17
235 7
236 4
237 8
238 9
239 24
240 36
241 44
242 27
243 4
244 13
245 7
246 4
247 4
248 0
249 9
250 9
251 2
252 12
253 14
254 18
255 2
256 5
257 2
258 19
259 2
260 4
261 12
262 15
263 11
264 48
265 48
266 12
267 4
268 12
269 2
270 14
271 28
272 14
273 5
274 3
275 6
276 36
277 36
278 9
279 1
280 20
281 11
282 33
283 12
284 1
285 1
286 1
287 2
288 0
289 5
290 2
291 1
292 17
293 13
294 30
295 23
296 12
297 12
298 46
299 46
300 16
301 1
302 4
303 9
304 7
305 76
306 4
307 18
308 18
309 2
310 13
311 14
312 2
313 18
314 44
315 20
316 4
317 8
318 9
319 9
320 2
321 4
322 2
323 2
324 4
325 9
326 11
327 4
328 15
329 12
330 6
331 9
332 305
333 36
334 1
335 16
336 23
337 0
338 9
339 150
340 50
341 100
342 125
343 12
344 55
345 55
346 73
347 73
348 5
349 28
350 5
351 37
352 80
353 30
354 259
355 55
356 1
357 42
358 19
359 11
360 243
361 4
362 0
363 5
364 13
365 36
366 292
367 5
368 5
369 61
370 11
371 80
372 28
373 46
374 44
375 38
376 88
377 20
378 11
379 72
380 28
381 40
382 5
383 9
384 4
385 62
386 5
387 2
388 2
389 54
390 14
391 2
392 64
393 265
394 106
395 141
396 150
397 86
398 107
399 133
400 106
401 98
402 38
403 23
404 11
405 36
406 13
407 36
408 76
409 13
410 22
411 133
412 358
413 86
414 250
415 4
416 13
417 7
418 33
419 13
420 7
421 9
422 4
423 19
424 4
425 8
426 11
427 13
428 17
429 13
430 88
431 8
432 27
433 27
434 22
435 4
436 7
437 0
438 4
439 12
440 12
441 18
442 18
443 96
444 107
445 129
446 64
447 80
448 12
449 11
450 1
451 2
452 17
453 88
454 36
455 32
456 36
457 32
458 16
459 4
460 7
461 5
462 27
463 18
464 5
465 10
466 9
467 9
468 6
469 6
470 6
471 411
472 34
473 94
474 66
475 50
476 46
477 129
478 47
479 48
480 55
481 88
482 115
483 23
484 50
485 16
486 95
487 106
488 11
489 118
490 46
491 22
492 2
493 44
494 22
495 17
496 21
497 7
498 18
499 215
500 7
501 7
502 11
503 4
504 4
505 7
506 106
507 107
508 17
509 24
510 7
511 16
512 51
513 11
514 4
515 68
516 46
517 42
518 12
519 18
520 14
521 53
522 9
523 66
524 133
525 7
526 13
527 4
528 6
529 18
530 5
531 22
532 55
533 27
534 14
535 9
536 13
537 4
538 9
539 17
540 4
541 4
542 3
543 6
544 7
545 18
546 22
547 16
548 18
549 18
550 35
551 11
552 35
553 22
554 3
555 94
556 73
557 9
558 12
559 49
560 81
561 16
562 1
563 0
564 46
565 4
566 52
567 100
568 9
569 9
570 61
571 36
572 109
573 91
574 36
575 109
576 73
577 43
578 81
579 85
580 48
581 95
582 50
583 84
584 47
585 152
586 94
587 47
588 66
589 33
590 134
591 133
592 133
593 106
594 133
595 317
596 158
597 169
598 13
599 84
600 49
601 2
602 51
603 28
604 107
605 80
606 86
607 187
608 221
609 66
610 9
611 4
612 12
613 9
614 9
615 22
616 11
617 8
618 19
619 9
620 4
621 4
622 3
623 79
624 12
625 9
626 2
627 13
628 2
629 22
630 7
631 13
632 4
633 36
634 14
635 20
636 14
637 14
638 7
639 8
640 8
641 22
642 4
643 7
644 2
645 9
646 6
647 4
648 9
649 13
650 44
651 9
652 9
653 62
654 12
655 12
656 10
657 6
658 4
659 5
660 5
661 10
662 6
663 12
664 0
665 11
666 18
667 14
668 22
669 9
670 13
671 13
672 9
673 18
674 7
675 11
676 9
677 9
678 16
679 7
680 3
681 18
682 4
683 9
684 54
685 40
686 8
687 40
688 221
689 10
690 91
691 122
692 61
693 5
694 75
695 50
696 91
697 109
698 91
699 3
700 3
701 6
702 10
703 3
704 7
705 7
706 18
707 6
708 18
;

param Ttarget := 
1 1 1000
2 1 1000
3 1 1000
4 1 1000
5 1 500
6 1 500
7 1 500
8 1 500
1 2 1000
2 2 1000
3 2 1000
4 2 1000
5 2 500
6 2 500
7 2 500
8 2 500
1 3 1000
2 3 1000
3 3 1000
4 3 1000
5 3 500
6 3 500
7 3 500
8 3 500
1 4 1000
2 4 1000
3 4 1000
4 4 1000
5 4 500
6 4 500
7 4 500
8 4 500
1 5 1000
2 5 1000
3 5 1000
4 5 1000
5 5 500
6 5 500
7 5 500
8 5 500
;

set Bannlisti := 
;
set Fixlisti := 
1 2 1 
2 2 1 
3 2 1 
4 2 1 
5 2 1 
6 3 1 
7 3 1 
8 3 1 
9 3 1 
10 3 1 
11 3 1 
12 3 1 
13 3 1 
14 3 1 
15 3 1 
16 3 1 
17 3 1 
18 3 1 
19 3 1 
20 3 1 
21 3 1 
22 3 1 
23 3 1 
24 3 1 
25 3 1 
26 3 1 
27 3 1 
28 3 1 
29 3 1 
30 3 1 
31 3 1 
32 3 1 
33 3 1 
34 3 1 
35 3 1 
36 3 1 
37 3 1 
38 3 1 
39 3 1 
40 3 1 
41 3 1 
42 3 1 
43 3 1 
44 3 1 
45 3 1 
46 3 1 
47 5 1 
48 2 1 
49 6 1 
50 6 1 
51 6 1 
52 6 1 
53 6 1 
54 6 1 
55 6 1 
56 6 1 
57 6 1 
58 6 1 
59 6 1 
60 6 1 
61 6 1 
62 6 1 
63 6 1 
64 6 1 
65 6 1 
66 6 1 
67 6 1 
68 6 1 
69 6 1 
70 6 1 
71 6 1 
72 6 1 
73 6 1 
74 6 1 
75 6 1 
76 6 1 
77 6 1 
78 6 1 
79 6 1 
80 6 1 
81 7 1 
82 7 1 
83 7 1 
84 7 1 
85 7 1 
86 7 1 
87 7 1 
88 7 1 
89 8 1 
90 7 1 
91 7 1 
92 7 1 
93 7 1 
94 7 1 
95 6 1 
96 8 1 
97 8 1 
98 8 1 
99 8 1 
100 8 1 
101 8 1 
102 8 1 
103 8 1 
104 8 1 
105 8 1 
106 8 1 
107 8 1 
108 8 1 
109 8 1 
110 8 1 
111 8 1 
112 8 1 
113 8 1 
114 8 1 
115 8 1 
116 8 1 
117 8 1 
118 8 1 
119 8 1 
120 8 1 
121 8 1 
122 8 1 
123 8 1 
124 8 1 
125 8 1 
126 8 1 
127 8 1 
128 8 1 
129 8 1 
130 8 1 
131 8 1 
132 8 1 
133 8 1 
134 8 1 
135 8 1 
136 8 1 
137 8 1 
138 8 1 
139 1 1 
140 1 1 
141 1 1 
142 1 1 
143 1 1 
144 1 1 
145 1 1 
146 1 1 
147 1 1 
148 1 1 
149 1 1 
150 1 1 
151 1 1 
152 1 1 
153 1 1 
154 1 1 
155 1 1 
156 1 1 
157 1 1 
158 1 1 
159 1 1 
160 1 1 
161 1 1 
162 1 1 
163 8 2 
164 6 2 
165 5 2 
166 8 2 
167 8 2 
168 6 2 
169 5 2 
170 1 2 
171 1 2 
172 1 2 
173 1 2 
174 1 2 
175 1 2 
176 1 2 
177 2 2 
178 2 2 
179 2 2 
180 8 2 
181 8 2 
182 1 2 
183 1 2 
184 1 2 
185 2 2 
186 1 2 
187 8 2 
188 1 2 
189 3 2 
190 3 2 
191 3 2 
192 3 2 
193 3 2 
194 3 2 
195 3 2 
196 3 2 
197 3 2 
198 3 2 
199 3 2 
200 3 2 
201 3 2 
202 3 2 
203 3 2 
204 4 2 
205 4 2 
206 4 2 
207 4 2 
208 4 2 
209 4 2 
210 4 2 
211 4 2 
212 4 2 
213 4 2 
214 4 2 
215 4 2 
216 4 2 
217 4 2 
218 4 2 
219 4 2 
220 4 2 
221 4 2 
222 4 2 
223 4 2 
224 4 2 
225 5 2 
226 5 2 
227 5 2 
228 5 2 
229 5 2 
230 8 2 
231 8 2 
232 5 2 
233 5 2 
234 8 2 
235 8 2 
236 8 2 
237 8 2 
238 8 2 
239 8 2 
240 8 2 
241 8 2 
242 8 2 
243 8 2 
244 8 2 
245 8 2 
246 8 2 
247 5 2 
248 5 2 
249 5 2 
250 5 2 
251 5 2 
252 7 2 
253 8 2 
254 8 2 
255 8 2 
256 8 2 
257 8 2 
258 8 2 
259 8 2 
260 8 2 
261 8 2 
262 8 2 
263 8 2 
264 3 2 
265 3 2 
266 3 2 
267 3 2 
268 8 2 
269 8 2 
270 8 2 
271 8 2 
272 8 2 
273 8 2 
274 8 2 
275 8 2 
276 8 2 
277 8 2 
278 8 2 
279 8 2 
280 8 2 
281 5 2 
282 8 2 
283 8 2 
284 7 2 
285 7 2 
286 7 2 
287 7 2 
288 7 2 
289 7 2 
290 7 2 
291 7 2 
292 7 2 
293 7 2 
294 7 2 
295 7 2 
296 7 2 
297 7 2 
298 7 2 
299 7 2 
300 7 2 
301 7 2 
302 7 2 
303 7 2 
304 7 2 
305 7 2 
306 8 2 
307 8 2 
308 8 2 
309 1 2 
310 7 2 
311 7 2 
312 8 2 
313 5 2 
314 5 2 
315 7 2 
316 7 2 
317 7 2 
318 7 2 
319 7 2 
320 7 2 
321 7 2 
322 7 2 
323 7 2 
324 8 2 
325 8 2 
326 8 2 
327 8 2 
328 8 2 
329 8 2 
330 8 2 
331 8 2 
332 8 2 
333 8 2 
334 8 2 
335 8 2 
336 8 2 
337 8 2 
338 1 2 
339 1 2 
340 1 2 
341 1 2 
342 1 2 
343 1 2 
344 1 2 
345 1 2 
346 1 2 
347 1 2 
348 1 2 
349 1 2 
350 1 2 
351 1 2 
352 1 2 
353 1 2 
354 1 2 
355 1 2 
356 1 2 
357 1 2 
358 1 2 
359 1 3 
360 1 3 
361 7 3 
362 1 2 
363 1 2 
364 1 3 
365 1 3 
366 2 3 
367 8 3 
368 8 3 
369 8 3 
370 2 3 
371 2 3 
372 2 3 
373 2 3 
374 2 3 
375 2 3 
376 2 3 
377 2 3 
378 2 3 
379 2 3 
380 2 3 
381 2 3 
382 2 3 
383 2 3 
384 2 3 
385 2 3 
386 2 3 
387 2 3 
388 2 3 
389 2 3 
390 1 3 
391 2 3 
392 3 3 
393 3 3 
394 3 3 
395 3 3 
396 3 3 
397 3 3 
398 3 3 
399 3 3 
400 3 3 
401 3 3 
402 3 3 
403 3 3 
404 3 3 
405 3 3 
406 3 3 
407 3 3 
408 3 3 
409 3 3 
410 3 3 
411 3 3 
412 3 3 
413 3 3 
414 3 3 
415 3 3 
416 3 3 
417 3 3 
418 3 3 
419 3 3 
420 3 3 
421 3 3 
422 3 3 
423 3 3 
424 3 3 
425 3 3 
426 3 3 
427 3 3 
428 3 3 
429 3 3 
430 3 3 
431 3 3 
432 3 3 
433 3 3 
434 3 3 
435 3 3 
436 3 3 
437 3 3 
438 3 3 
439 3 3 
440 3 3 
441 8 3 
442 8 3 
443 8 3 
444 8 3 
445 8 3 
446 8 3 
447 8 3 
448 8 3 
449 8 3 
450 8 3 
451 8 3 
452 8 3 
453 8 3 
454 8 3 
455 8 3 
456 6 3 
457 8 3 
458 8 3 
459 8 3 
460 8 3 
461 8 3 
462 8 3 
463 8 3 
464 6 3 
465 6 3 
466 6 3 
467 6 3 
468 6 3 
469 6 3 
470 6 3 
471 6 3 
472 6 3 
473 6 3 
474 6 3 
475 6 3 
476 6 3 
477 6 3 
478 6 3 
479 6 3 
480 6 3 
481 6 3 
482 6 3 
483 6 3 
484 6 3 
485 6 3 
486 6 3 
487 6 3 
488 6 3 
489 6 3 
490 6 3 
491 6 3 
492 6 3 
493 6 3 
494 6 3 
495 6 3 
496 8 3 
497 6 3 
498 6 3 
499 6 3 
500 6 3 
501 6 3 
502 6 3 
503 6 3 
504 6 3 
505 6 3 
506 6 3 
507 6 3 
508 7 3 
509 7 3 
510 7 3 
511 7 3 
512 7 3 
513 7 3 
514 8 3 
515 7 3 
516 7 3 
517 7 3 
518 7 3 
519 7 3 
520 7 3 
521 7 3 
522 7 3 
523 7 3 
524 7 3 
525 7 3 
526 7 3 
527 7 3 
528 7 3 
529 7 3 
530 7 3 
531 7 3 
532 7 3 
533 8 3 
534 8 3 
535 7 3 
536 7 3 
537 7 3 
538 7 3 
539 7 3 
540 7 3 
541 7 3 
542 7 3 
543 8 3 
544 8 3 
545 7 3 
546 7 3 
547 7 3 
548 7 3 
549 7 3 
550 7 3 
551 7 3 
552 7 3 
553 7 3 
554 3 3 
555 8 3 
556 8 3 
557 7 3 
558 8 3 
559 8 3 
560 8 3 
561 8 3 
562 8 3 
563 8 3 
564 8 3 
565 8 3 
566 4 4 
567 1 3 
568 1 3 
569 1 3 
570 1 3 
571 1 3 
572 1 3 
573 1 3 
574 1 3 
575 1 3 
576 1 3 
577 1 3 
578 1 4 
579 1 4 
580 1 4 
581 1 4 
582 1 4 
583 1 4 
584 1 4 
585 1 4 
586 1 4 
587 1 4 
588 1 3 
589 1 3 
590 1 3 
591 1 3 
592 1 3 
593 1 3 
594 1 3 
595 1 3 
596 1 3 
597 2 4 
598 2 4 
599 2 4 
600 2 4 
601 2 4 
602 2 4 
603 2 4 
604 3 4 
605 3 4 
606 3 4 
607 3 4 
608 3 4 
609 3 4 
610 3 4 
611 3 4 
612 3 4 
613 3 4 
614 3 4 
615 3 4 
616 3 4 
617 8 4 
618 8 4 
619 8 4 
620 8 4 
621 8 4 
622 8 4 
623 8 4 
624 1 4 
625 3 4 
626 3 4 
627 3 4 
628 3 4 
629 3 4 
630 3 4 
631 3 4 
632 3 4 
633 3 4 
634 3 4 
635 5 4 
636 7 4 
637 7 4 
638 8 4 
639 8 4 
640 8 4 
641 8 4 
642 8 4 
643 8 4 
644 8 4 
645 8 4 
646 8 4 
647 8 4 
648 7 4 
649 8 4 
650 8 4 
651 8 4 
652 8 4 
653 7 4 
654 7 4 
655 7 4 
656 7 4 
657 7 4 
658 7 4 
659 8 4 
660 8 4 
661 8 4 
662 8 4 
663 8 4 
664 8 4 
665 8 4 
666 8 4 
667 8 4 
668 8 4 
669 8 4 
670 8 4 
671 8 4 
672 8 4 
673 8 4 
674 8 4 
675 8 4 
676 8 4 
677 8 4 
678 8 4 
679 8 4 
680 8 4 
681 8 4 
682 8 4 
683 8 4 
684 1 4 
685 1 4 
686 1 4 
687 1 4 
688 1 4 
689 1 4 
690 1 4 
691 1 4 
692 1 4 
693 1 4 
694 1 4 
695 1 4 
696 1 4 
697 1 4 
698 1 4 
699 8 4 
700 8 4 
701 8 4 
702 8 4 
703 8 4 
704 8 4 
705 8 4 
706 8 4 
707 8 4 
708 8 4 
;
end;
