param S := 703;
param T := 8;
param D := 5;
param windowsize := 0;

param A := 
1 8
2 46
3 18
4 65
5 13
6 23
7 36
8 7
9 8
10 9
11 4
12 17
13 8
14 39
15 18
16 2
17 4
18 9
19 4
20 4
21 5
22 2
23 14
24 17
25 32
26 73
27 56
28 134
29 32
30 292
31 437
32 292
33 35
34 5
35 146
36 104
37 133
38 107
39 86
40 88
41 133
42 107
43 2
44 122
45 36
46 14
47 111
48 4
49 11
50 11
51 42
52 42
53 44
54 13
55 34
56 18
57 76
58 13
59 11
60 122
61 11
62 33
63 7
64 66
65 86
66 186
67 9
68 26
69 1
70 5
71 0
72 7
73 4
74 8
75 4
76 2
77 5
78 4
79 4
80 14
81 9
82 22
83 20
84 19
85 9
86 7
87 11
88 5
89 13
90 4
91 4
92 13
93 8
94 12
95 9
96 4
97 27
98 18
99 4
100 7
101 4
102 4
103 22
104 9
105 4
106 7
107 34
108 22
109 27
110 22
111 22
112 22
113 9
114 9
115 2
116 21
117 13
118 0
119 0
120 17
121 9
122 6
123 9
124 16
125 9
126 2
127 2
128 2
129 4
130 4
131 2
132 2
133 4
134 2
135 3
136 2
137 2
138 2
139 4
140 2
141 2
142 2
143 7
144 4
145 4
146 2
147 2
148 2
149 2
150 2
151 2
152 2
153 2
154 2
155 7
156 11
157 2
158 5
159 150
160 2
161 2
162 2
163 2
164 4
165 4
166 4
167 2
168 4
169 4
170 2
171 2
172 4
173 2
174 2
175 2
176 5
177 2
178 22
179 29
180 4
181 19
182 4
183 9
184 1
185 9
186 7
187 4
188 9
189 7
190 2
191 0
192 14
193 102
194 18
195 146
196 44
197 90
198 44
199 5
200 4
201 18
202 54
203 45
204 102
205 4
206 107
207 36
208 4
209 7
210 7
211 8
212 4
213 2
214 4
215 2
216 9
217 27
218 18
219 11
220 22
221 66
222 12
223 2
224 18
225 1
226 1
227 3
228 13
229 6
230 9
231 9
232 4
233 4
234 4
235 13
236 2
237 18
238 18
239 4
240 14
241 0
242 0
243 3
244 12
245 3
246 14
247 42
248 2
249 7
250 27
251 18
252 7
253 7
254 0
255 3
256 74
257 16
258 16
259 2
260 5
261 2
262 5
263 30
264 68
265 46
266 3
267 1
268 1
269 16
270 0
271 0
272 91
273 50
274 91
275 8
276 13
277 2
278 5
279 11
280 14
281 17
282 79
283 48
284 1
285 4
286 11
287 55
288 9
289 91
290 146
291 109
292 6
293 73
294 91
295 9
296 5
297 26
298 11
299 11
300 11
301 22
302 22
303 22
304 33
305 2
306 4
307 6
308 3
309 6
310 3
311 1
312 9
313 8
314 1
315 12
316 1
317 6
318 9
319 6
320 6
321 9
322 5
323 5
324 38
325 53
326 65
327 41
328 221
329 55
330 55
331 18
332 18
333 9
334 4
335 14
336 18
337 16
338 4
339 9
340 8
341 4
342 4
343 3
344 8
345 4
346 9
347 2
348 13
349 12
350 10
351 21
352 0
353 3
354 3
355 4
356 7
357 5
358 4
359 3
360 2
361 2
362 2
363 5
364 31
365 6
366 9
367 4
368 5
369 1
370 5
371 1
372 5
373 5
374 17
375 110
376 110
377 11
378 9
379 66
380 22
381 13
382 38
383 21
384 8
385 3
386 8
387 15
388 2
389 2
390 24
391 28
392 51
393 7
394 10
395 135
396 61
397 42
398 92
399 42
400 29
401 12
402 9
403 11
404 46
405 53
406 72
407 21
408 139
409 18
410 30
411 0
412 0
413 36
414 9
415 13
416 4
417 37
418 4
419 4
420 2
421 34
422 11
423 27
424 16
425 26
426 28
427 19
428 27
429 10
430 18
431 18
432 14
433 2
434 4
435 31
436 9
437 2
438 9
439 4
440 4
441 2
442 4
443 19
444 13
445 133
446 13
447 21
448 9
449 2
450 4
451 4
452 8
453 3
454 9
455 9
456 5
457 117
458 12
459 27
460 44
461 27
462 106
463 11
464 3
465 56
466 27
467 0
468 12
469 17
470 9
471 3
472 110
473 66
474 24
475 9
476 40
477 8
478 11
479 20
480 6
481 18
482 15
483 7
484 11
485 4
486 4
487 11
488 13
489 25
490 2
491 2
492 28
493 97
494 5
495 91
496 36
497 36
498 91
499 9
500 2
501 7
502 14
503 7
504 14
505 96
506 31
507 18
508 10
509 84
510 169
511 26
512 106
513 146
514 36
515 112
516 1
517 107
518 4
519 5
520 13
521 11
522 2
523 36
524 12
525 26
526 134
527 12
528 12
529 12
530 86
531 52
532 24
533 36
534 36
535 106
536 86
537 110
538 18
539 9
540 1
541 0
542 2
543 4
544 13
545 14
546 26
547 18
548 1
549 5
550 10
551 10
552 2
553 4
554 36
555 2
556 36
557 17
558 9
559 19
560 17
561 4
562 4
563 2
564 8
565 8
566 6
567 12
568 2
569 11
570 1
571 4
572 1
573 76
574 15
575 7
576 7
577 4
578 4
579 46
580 20
581 92
582 3
583 7
584 30
585 9
586 2
587 9
588 3
589 14
590 0
591 1
592 1
593 1
594 1
595 0
596 7
597 1
598 1
599 1
600 2
601 7
602 2
603 2
604 4
605 0
606 2
607 2
608 2
609 4
610 5
611 2
612 6
613 2
614 2
615 2
616 2
617 0
618 2
619 2
620 4
621 2
622 4
623 3
624 1
625 7
626 1
627 4
628 2
629 2
630 4
631 4
632 32
633 32
634 32
635 32
636 12
637 11
638 12
639 12
640 32
641 12
642 32
643 32
644 32
645 32
646 32
647 16
648 16
649 20
650 7
651 11
652 4
653 53
654 40
655 47
656 94
657 52
658 152
659 51
660 84
661 51
662 146
663 5
664 15
665 47
666 62
667 259
668 84
669 55
670 42
671 2
672 51
673 18
674 26
675 9
676 2
677 5
678 3
679 9
680 107
681 90
682 7
683 4
684 6
685 38
686 44
687 62
688 51
689 62
690 8
691 70
692 47
693 7
694 1
695 32
696 36
697 1
698 2
699 8
700 4
701 5
702 5
703 13
;

param Ttarget := 
1 1 1000
2 1 1000
3 1 1000
4 1 1000
5 1 500
6 1 500
7 1 500
8 1 500
1 2 1000
2 2 1000
3 2 1000
4 2 1000
5 2 500
6 2 500
7 2 500
8 2 500
1 3 1000
2 3 1000
3 3 1000
4 3 1000
5 3 500
6 3 500
7 3 500
8 3 500
1 4 1000
2 4 1000
3 4 1000
4 4 1000
5 4 500
6 4 500
7 4 500
8 4 500
1 5 1000
2 5 1000
3 5 1000
4 5 1000
5 5 500
6 5 500
7 5 500
8 5 500
;

set Bannlisti := 
;
set Fixlisti := 
1 2 1 
2 2 1 
3 2 1 
4 2 1 
5 2 1 
6 2 1 
7 2 1 
8 2 1 
9 8 1 
10 2 1 
11 2 1 
12 2 1 
13 2 1 
14 8 1 
15 8 1 
16 8 1 
17 8 1 
18 8 1 
19 8 1 
20 8 1 
21 8 1 
22 8 1 
23 8 1 
24 2 1 
25 4 1 
26 2 1 
27 2 1 
28 2 1 
29 2 1 
30 2 1 
31 2 1 
32 2 1 
33 1 1 
34 3 1 
35 3 1 
36 3 1 
37 3 1 
38 3 1 
39 3 1 
40 3 1 
41 3 1 
42 3 1 
43 3 1 
44 3 1 
45 3 1 
46 3 1 
47 3 1 
48 3 1 
49 3 1 
50 3 1 
51 3 1 
52 3 1 
53 3 1 
54 3 1 
55 3 1 
56 3 1 
57 3 1 
58 3 1 
59 3 1 
60 3 1 
61 3 1 
62 3 1 
63 3 1 
64 3 1 
65 3 1 
66 3 1 
67 3 1 
68 3 1 
69 3 1 
70 3 1 
71 3 1 
72 3 1 
73 3 1 
74 3 1 
75 3 1 
76 3 1 
77 3 1 
78 3 1 
79 3 1 
80 3 1 
81 3 1 
82 3 1 
83 3 1 
84 3 1 
85 3 1 
86 3 1 
87 3 1 
88 3 1 
89 3 1 
90 3 1 
91 3 1 
92 3 1 
93 3 1 
94 3 1 
95 3 1 
96 3 1 
97 3 1 
98 3 1 
99 3 1 
100 3 1 
101 3 1 
102 3 1 
103 3 1 
104 3 1 
105 3 1 
106 3 1 
107 3 1 
108 3 1 
109 3 1 
110 3 1 
111 3 1 
112 3 1 
113 3 1 
114 3 1 
115 3 1 
116 3 1 
117 3 1 
118 3 1 
119 3 1 
120 3 1 
121 3 1 
122 3 1 
123 3 1 
124 4 1 
125 3 1 
126 6 1 
127 5 1 
128 5 1 
129 5 1 
130 3 1 
131 3 1 
132 1 1 
133 3 1 
134 6 1 
135 6 1 
136 7 1 
137 6 1 
138 3 1 
139 3 1 
140 1 1 
141 8 1 
142 5 1 
143 3 1 
144 7 1 
145 6 1 
146 3 1 
147 8 1 
148 3 1 
149 5 1 
150 8 1 
151 8 1 
152 5 1 
153 8 1 
154 8 1 
155 5 1 
156 8 1 
157 8 1 
158 8 1 
159 8 1 
160 8 1 
161 3 1 
162 3 1 
163 1 1 
164 4 1 
165 7 1 
166 6 1 
167 5 1 
168 7 1 
169 1 1 
170 3 1 
171 3 1 
172 8 1 
173 3 1 
174 5 1 
175 3 1 
176 8 1 
177 3 1 
178 1 1 
179 1 1 
180 5 1 
181 5 1 
182 5 1 
183 5 1 
184 5 1 
185 5 1 
186 5 1 
187 5 1 
188 5 1 
189 5 1 
190 5 1 
191 5 1 
192 5 1 
193 5 1 
194 5 1 
195 5 1 
196 5 1 
197 5 1 
198 5 1 
199 5 1 
200 5 1 
201 5 1 
202 5 1 
203 5 1 
204 5 1 
205 5 1 
206 5 1 
207 5 1 
208 5 1 
209 5 1 
210 5 1 
211 5 1 
212 5 1 
213 5 1 
214 5 1 
215 5 1 
216 7 1 
217 7 1 
218 7 1 
219 7 1 
220 7 1 
221 7 1 
222 7 1 
223 7 1 
224 7 1 
225 8 1 
226 8 1 
227 8 1 
228 8 1 
229 8 1 
230 8 1 
231 8 1 
232 8 1 
233 8 1 
234 8 1 
235 8 1 
236 8 1 
237 8 1 
238 8 1 
239 8 1 
240 8 1 
241 8 1 
242 8 1 
243 8 1 
244 8 1 
245 8 1 
246 8 1 
247 8 1 
248 8 1 
249 8 1 
250 7 1 
251 8 1 
252 8 1 
253 8 1 
254 8 1 
255 8 1 
256 8 1 
257 8 1 
258 8 1 
259 8 1 
260 8 1 
261 8 1 
262 8 1 
263 8 1 
264 8 1 
265 8 1 
266 8 1 
267 8 1 
268 8 1 
269 8 1 
270 1 2 
271 1 2 
272 1 2 
273 1 2 
274 1 2 
275 1 2 
276 1 2 
277 1 2 
278 1 2 
279 1 2 
280 1 2 
281 1 2 
282 1 2 
283 1 2 
284 1 2 
285 8 2 
286 8 2 
287 8 2 
288 8 2 
289 2 2 
290 2 2 
291 2 2 
292 2 2 
293 2 2 
294 2 2 
295 8 2 
296 8 2 
297 8 2 
298 8 2 
299 8 2 
300 8 2 
301 8 2 
302 8 2 
303 8 2 
304 3 2 
305 2 2 
306 2 2 
307 8 2 
308 8 2 
309 8 2 
310 8 2 
311 8 2 
312 4 2 
313 4 2 
314 4 2 
315 4 2 
316 8 2 
317 6 2 
318 6 2 
319 6 2 
320 6 2 
321 6 2 
322 6 2 
323 6 2 
324 6 2 
325 6 2 
326 6 2 
327 6 2 
328 6 2 
329 6 2 
330 6 2 
331 6 2 
332 6 2 
333 6 2 
334 6 2 
335 6 2 
336 6 2 
337 6 2 
338 6 2 
339 6 2 
340 6 2 
341 6 2 
342 6 2 
343 6 2 
344 6 2 
345 6 2 
346 6 2 
347 6 2 
348 6 2 
349 6 2 
350 6 2 
351 6 2 
352 7 2 
353 7 2 
354 7 2 
355 7 2 
356 7 2 
357 7 2 
358 7 2 
359 7 2 
360 7 2 
361 7 2 
362 7 2 
363 7 2 
364 7 2 
365 7 2 
366 7 2 
367 7 2 
368 7 2 
369 7 2 
370 7 2 
371 7 2 
372 7 2 
373 7 2 
374 7 2 
375 7 2 
376 7 2 
377 7 2 
378 7 2 
379 7 2 
380 7 2 
381 7 2 
382 7 2 
383 7 2 
384 7 2 
385 7 2 
386 8 2 
387 8 2 
388 8 2 
389 7 2 
390 7 2 
391 7 2 
392 7 2 
393 8 2 
394 7 2 
395 7 2 
396 7 2 
397 7 2 
398 7 2 
399 7 2 
400 7 2 
401 7 2 
402 7 2 
403 7 2 
404 7 2 
405 7 2 
406 7 2 
407 7 2 
408 7 2 
409 7 2 
410 7 2 
411 7 2 
412 7 2 
413 7 2 
414 7 2 
415 7 2 
416 7 2 
417 7 2 
418 7 2 
419 7 2 
420 7 2 
421 7 2 
422 7 2 
423 7 2 
424 7 2 
425 7 2 
426 7 2 
427 7 2 
428 7 2 
429 7 2 
430 7 2 
431 7 2 
432 7 2 
433 7 2 
434 7 2 
435 7 2 
436 7 2 
437 7 2 
438 7 2 
439 7 2 
440 8 2 
441 8 2 
442 8 2 
443 8 2 
444 8 2 
445 8 2 
446 8 2 
447 8 2 
448 7 2 
449 7 2 
450 7 2 
451 7 2 
452 7 2 
453 7 2 
454 7 2 
455 7 2 
456 7 2 
457 4 2 
458 7 2 
459 7 2 
460 7 2 
461 7 2 
462 7 2 
463 7 2 
464 7 2 
465 7 2 
466 7 2 
467 8 2 
468 8 2 
469 8 2 
470 8 2 
471 8 2 
472 8 2 
473 8 2 
474 8 2 
475 8 2 
476 8 2 
477 8 2 
478 8 2 
479 8 2 
480 8 2 
481 8 2 
482 8 2 
483 8 2 
484 8 2 
485 8 2 
486 8 2 
487 8 2 
488 8 2 
489 8 2 
490 7 2 
491 8 2 
492 1 2 
493 1 2 
494 1 2 
495 1 2 
496 1 2 
497 1 2 
498 1 2 
499 1 2 
500 1 2 
501 1 2 
502 1 2 
503 1 2 
504 1 2 
505 1 2 
506 1 2 
507 1 2 
508 1 2 
509 1 2 
510 2 2 
511 2 2 
512 2 2 
513 2 2 
514 2 2 
515 2 2 
516 3 3 
517 8 3 
518 8 3 
519 8 3 
520 8 3 
521 8 3 
522 8 3 
523 4 3 
524 4 3 
525 4 3 
526 4 3 
527 4 3 
528 4 3 
529 4 3 
530 4 3 
531 4 3 
532 4 3 
533 4 3 
534 4 3 
535 4 3 
536 4 3 
537 4 3 
538 4 3 
539 4 3 
540 1 3 
541 1 3 
542 3 3 
543 8 3 
544 6 3 
545 8 3 
546 7 3 
547 8 3 
548 8 3 
549 8 3 
550 8 3 
551 8 3 
552 7 3 
553 3 3 
554 3 3 
555 5 3 
556 8 3 
557 7 3 
558 7 3 
559 7 3 
560 7 3 
561 7 3 
562 7 3 
563 7 3 
564 7 3 
565 7 3 
566 7 3 
567 7 3 
568 7 3 
569 7 3 
570 7 3 
571 7 3 
572 7 3 
573 7 3 
574 7 3 
575 7 3 
576 7 3 
577 7 3 
578 7 3 
579 7 3 
580 7 3 
581 7 3 
582 7 3 
583 7 3 
584 7 3 
585 7 3 
586 7 3 
587 7 3 
588 7 3 
589 7 3 
590 7 3 
591 7 3 
592 7 3 
593 7 3 
594 7 3 
595 7 3 
596 7 3 
597 7 3 
598 7 3 
599 7 3 
600 7 3 
601 3 3 
602 8 3 
603 3 3 
604 8 3 
605 8 3 
606 5 3 
607 8 3 
608 5 3 
609 3 3 
610 5 3 
611 8 3 
612 3 3 
613 3 3 
614 5 3 
615 8 3 
616 6 3 
617 6 3 
618 5 3 
619 8 3 
620 7 3 
621 3 3 
622 7 3 
623 6 3 
624 4 3 
625 6 3 
626 1 3 
627 5 3 
628 5 3 
629 3 3 
630 5 3 
631 7 3 
632 7 3 
633 7 3 
634 7 3 
635 7 3 
636 7 3 
637 7 3 
638 7 3 
639 7 3 
640 7 3 
641 7 3 
642 7 3 
643 7 3 
644 7 3 
645 7 3 
646 7 3 
647 7 3 
648 7 3 
649 7 3 
650 6 3 
651 8 3 
652 8 3 
653 1 3 
654 1 3 
655 1 3 
656 1 3 
657 1 3 
658 1 3 
659 1 3 
660 1 3 
661 1 3 
662 1 3 
663 1 3 
664 1 3 
665 1 3 
666 1 3 
667 1 3 
668 1 3 
669 1 3 
670 1 3 
671 1 3 
672 1 3 
673 1 3 
674 1 3 
675 1 3 
676 1 3 
677 1 3 
678 1 3 
679 1 3 
680 1 3 
681 1 3 
682 1 3 
683 1 3 
684 1 3 
685 1 3 
686 1 3 
687 1 3 
688 1 3 
689 1 3 
690 1 3 
691 1 3 
692 1 3 
693 1 3 
694 1 3 
695 1 3 
696 1 3 
697 1 3 
698 1 3 
699 1 3 
700 1 3 
701 1 3 
702 1 3 
703 1 3 
;
end;
