param S := 615;
param T := 8;
param D := 5;
param windowsize := 0;

param A := 
1 115
2 222
3 53
4 133
5 53
6 44
7 18
8 7
9 15
10 47
11 52
12 133
13 38
14 179
15 212
16 107
17 6
18 6
19 5
20 6
21 27
22 34
23 265
24 185
25 133
26 27
27 27
28 25
29 183
30 55
31 65
32 15
33 7
34 16
35 13
36 11
37 27
38 9
39 13
40 2
41 8
42 27
43 4
44 4
45 4
46 7
47 4
48 4
49 4
50 15
51 2
52 4
53 7
54 6
55 0
56 2
57 4
58 2
59 2
60 4
61 0
62 36
63 12
64 9
65 9
66 12
67 66
68 33
69 194
70 2
71 3
72 201
73 301
74 61
75 122
76 134
77 64
78 221
79 106
80 168
81 113
82 166
83 106
84 133
85 133
86 4
87 107
88 84
89 182
90 86
91 127
92 255
93 219
94 12
95 4
96 13
97 4
98 4
99 9
100 9
101 26
102 12
103 14
104 12
105 1
106 12
107 24
108 143
109 7
110 166
111 72
112 88
113 36
114 11
115 177
116 9
117 22
118 9
119 8
120 8
121 13
122 13
123 12
124 8
125 12
126 28
127 7
128 32
129 13
130 18
131 11
132 2
133 150
134 13
135 21
136 12
137 107
138 177
139 86
140 106
141 97
142 178
143 221
144 66
145 86
146 186
147 129
148 172
149 54
150 36
151 78
152 36
153 59
154 24
155 12
156 24
157 2
158 7
159 4
160 22
161 4
162 18
163 4
164 2
165 2
166 2
167 35
168 1
169 2
170 4
171 7
172 22
173 18
174 22
175 7
176 28
177 4
178 44
179 53
180 9
181 22
182 75
183 35
184 44
185 44
186 18
187 88
188 12
189 4
190 14
191 5
192 8
193 10
194 2
195 10
196 3
197 18
198 12
199 14
200 18
201 7
202 24
203 36
204 18
205 7
206 7
207 2
208 2
209 3
210 12
211 1
212 1
213 12
214 14
215 12
216 6
217 5
218 6
219 18
220 3
221 13
222 90
223 9
224 2
225 7
226 20
227 4
228 4
229 2
230 2
231 31
232 11
233 6
234 4
235 2
236 2
237 8
238 4
239 4
240 4
241 4
242 18
243 5
244 18
245 27
246 9
247 44
248 20
249 6
250 29
251 24
252 2
253 1
254 7
255 12
256 2
257 14
258 28
259 7
260 9
261 9
262 12
263 12
264 6
265 3
266 4
267 7
268 23
269 4
270 13
271 92
272 21
273 17
274 2
275 2
276 9
277 8
278 8
279 8
280 1
281 1
282 8
283 7
284 4
285 1
286 1
287 3
288 7
289 8
290 94
291 47
292 40
293 52
294 21
295 42
296 62
297 137
298 15
299 7
300 50
301 100
302 24
303 97
304 17
305 2
306 9
307 22
308 22
309 2
310 5
311 2
312 5
313 5
314 5
315 182
316 10
317 5
318 28
319 61
320 5
321 100
322 5
323 4
324 18
325 40
326 38
327 70
328 8
329 3
330 158
331 10
332 8
333 17
334 3
335 22
336 109
337 69
338 36
339 83
340 267
341 103
342 16
343 78
344 31
345 18
346 43
347 17
348 1
349 9
350 2
351 2
352 1
353 9
354 4
355 4
356 4
357 33
358 35
359 16
360 18
361 11
362 23
363 4
364 4
365 64
366 257
367 36
368 133
369 215
370 257
371 80
372 26
373 22
374 21
375 27
376 2
377 8
378 2
379 4
380 20
381 9
382 7
383 2
384 169
385 50
386 28
387 84
388 92
389 72
390 200
391 267
392 68
393 4
394 5
395 9
396 6
397 6
398 13
399 4
400 4
401 53
402 53
403 41
404 265
405 107
406 86
407 110
408 411
409 86
410 137
411 66
412 49
413 88
414 139
415 97
416 168
417 18
418 135
419 237
420 74
421 65
422 11
423 24
424 59
425 28
426 14
427 7
428 54
429 18
430 24
431 64
432 20
433 33
434 29
435 80
436 18
437 22
438 13
439 9
440 4
441 9
442 4
443 9
444 6
445 18
446 5
447 4
448 11
449 3
450 5
451 14
452 9
453 30
454 38
455 18
456 9
457 20
458 4
459 14
460 7
461 7
462 18
463 4
464 24
465 3
466 29
467 23
468 2
469 24
470 0
471 1
472 0
473 71
474 3
475 61
476 32
477 32
478 32
479 1
480 32
481 32
482 22
483 4
484 8
485 9
486 106
487 10
488 3
489 8
490 96
491 325
492 162
493 158
494 7
495 238
496 22
497 100
498 150
499 128
500 128
501 109
502 55
503 0
504 26
505 47
506 5
507 86
508 120
509 11
510 4
511 7
512 75
513 37
514 46
515 32
516 72
517 40
518 4
519 23
520 146
521 109
522 52
523 127
524 58
525 190
526 52
527 3
528 1
529 0
530 1
531 2
532 1
533 2
534 2
535 2
536 2
537 2
538 2
539 0
540 2
541 2
542 2
543 5
544 2
545 4
546 0
547 2
548 0
549 1
550 2
551 44
552 13
553 13
554 13
555 22
556 18
557 4
558 4
559 2
560 4
561 2
562 2
563 28
564 54
565 3
566 0
567 35
568 69
569 4
570 9
571 9
572 44
573 42
574 37
575 46
576 106
577 46
578 27
579 181
580 34
581 14
582 7
583 2
584 7
585 3
586 59
587 27
588 4
589 4
590 4
591 5
592 4
593 2
594 2
595 2
596 4
597 2
598 7
599 1
600 0
601 4
602 0
603 2
604 26
605 24
606 122
607 11
608 972
609 134
610 17
611 109
612 50
613 125
614 91
615 11
;

param Ttarget := 
1 1 1000
2 1 1000
3 1 1000
4 1 1000
5 1 500
6 1 500
7 1 500
8 1 500
1 2 1000
2 2 1000
3 2 1000
4 2 1000
5 2 500
6 2 500
7 2 500
8 2 500
1 3 1000
2 3 1000
3 3 1000
4 3 1000
5 3 500
6 3 500
7 3 500
8 3 500
1 4 1000
2 4 1000
3 4 1000
4 4 1000
5 4 500
6 4 500
7 4 500
8 4 500
1 5 1000
2 5 1000
3 5 1000
4 5 1000
5 5 500
6 5 500
7 5 500
8 5 500
;

set Bannlisti := 
;
set Fixlisti := 
1 6 1 
2 6 1 
3 6 1 
4 6 1 
5 6 1 
6 6 1 
7 6 1 
8 6 1 
9 6 1 
10 6 1 
11 6 1 
12 6 1 
13 6 1 
14 6 1 
15 6 1 
16 6 1 
17 6 1 
18 6 1 
19 6 1 
20 6 1 
21 6 1 
22 6 1 
23 6 1 
24 6 1 
25 6 1 
26 6 1 
27 6 1 
28 6 1 
29 6 1 
30 6 1 
31 6 1 
32 6 1 
33 7 1 
34 7 1 
35 8 1 
36 8 1 
37 8 1 
38 8 1 
39 8 1 
40 8 1 
41 8 1 
42 8 1 
43 8 1 
44 8 1 
45 8 1 
46 8 1 
47 7 1 
48 7 1 
49 8 1 
50 8 1 
51 8 1 
52 8 1 
53 8 1 
54 8 1 
55 8 1 
56 8 1 
57 8 1 
58 8 1 
59 8 1 
60 8 1 
61 8 1 
62 8 1 
63 8 1 
64 8 1 
65 8 1 
66 8 1 
67 8 1 
68 8 1 
69 4 1 
70 2 1 
71 8 1 
72 1 1 
73 1 1 
74 1 1 
75 1 1 
76 1 1 
77 1 1 
78 1 1 
79 1 1 
80 1 1 
81 1 1 
82 1 1 
83 1 1 
84 1 1 
85 1 1 
86 1 1 
87 1 1 
88 1 1 
89 2 2 
90 2 2 
91 2 2 
92 2 2 
93 2 2 
94 3 2 
95 3 2 
96 3 2 
97 3 2 
98 3 2 
99 3 2 
100 3 2 
101 3 2 
102 3 2 
103 3 2 
104 3 2 
105 3 2 
106 3 2 
107 3 2 
108 3 2 
109 3 2 
110 3 2 
111 3 2 
112 3 2 
113 3 2 
114 3 2 
115 3 2 
116 3 2 
117 3 2 
118 3 2 
119 3 2 
120 3 2 
121 3 2 
122 3 2 
123 3 2 
124 3 2 
125 3 2 
126 3 2 
127 3 2 
128 3 2 
129 3 2 
130 3 2 
131 3 2 
132 3 2 
133 3 2 
134 3 2 
135 3 2 
136 3 2 
137 3 2 
138 3 2 
139 3 2 
140 3 2 
141 3 2 
142 3 2 
143 3 2 
144 3 2 
145 3 2 
146 3 2 
147 4 2 
148 4 2 
149 4 2 
150 4 2 
151 4 2 
152 4 2 
153 4 2 
154 4 2 
155 4 2 
156 4 2 
157 4 2 
158 5 2 
159 5 2 
160 5 2 
161 5 2 
162 5 2 
163 5 2 
164 5 2 
165 8 2 
166 5 2 
167 5 2 
168 8 2 
169 8 2 
170 5 2 
171 5 2 
172 5 2 
173 5 2 
174 5 2 
175 5 2 
176 5 2 
177 5 2 
178 5 2 
179 5 2 
180 5 2 
181 5 2 
182 5 2 
183 5 2 
184 5 2 
185 5 2 
186 8 2 
187 8 2 
188 8 2 
189 8 2 
190 1 2 
191 8 2 
192 8 2 
193 8 2 
194 8 2 
195 8 2 
196 8 2 
197 8 2 
198 8 2 
199 8 2 
200 8 2 
201 8 2 
202 8 2 
203 8 2 
204 8 2 
205 8 2 
206 8 2 
207 8 2 
208 8 2 
209 8 2 
210 8 2 
211 8 2 
212 8 2 
213 8 2 
214 8 2 
215 8 2 
216 8 2 
217 8 2 
218 8 2 
219 8 2 
220 8 2 
221 8 2 
222 7 2 
223 7 2 
224 7 2 
225 7 2 
226 7 2 
227 7 2 
228 7 2 
229 7 2 
230 7 2 
231 8 2 
232 8 2 
233 8 2 
234 8 2 
235 8 2 
236 8 2 
237 7 2 
238 7 2 
239 7 2 
240 7 2 
241 8 2 
242 8 2 
243 8 2 
244 8 2 
245 8 2 
246 8 2 
247 5 2 
248 8 2 
249 7 2 
250 8 2 
251 8 2 
252 8 2 
253 8 2 
254 8 2 
255 8 2 
256 8 2 
257 8 2 
258 8 2 
259 8 2 
260 8 2 
261 8 2 
262 3 2 
263 3 2 
264 7 2 
265 7 2 
266 7 2 
267 7 2 
268 7 2 
269 7 2 
270 7 2 
271 7 2 
272 7 2 
273 7 2 
274 7 2 
275 7 2 
276 7 2 
277 7 2 
278 7 2 
279 7 2 
280 7 2 
281 7 2 
282 7 2 
283 7 2 
284 7 2 
285 7 2 
286 7 2 
287 7 2 
288 7 2 
289 8 2 
290 1 2 
291 1 2 
292 1 2 
293 1 2 
294 1 2 
295 1 2 
296 1 2 
297 1 2 
298 1 2 
299 1 2 
300 1 2 
301 1 2 
302 1 2 
303 1 2 
304 1 2 
305 1 3 
306 1 3 
307 1 3 
308 1 3 
309 1 3 
310 1 3 
311 1 3 
312 1 2 
313 1 2 
314 1 2 
315 1 2 
316 1 2 
317 1 2 
318 1 2 
319 1 2 
320 1 2 
321 1 2 
322 1 2 
323 1 2 
324 1 2 
325 1 2 
326 1 2 
327 1 2 
328 1 2 
329 1 2 
330 1 2 
331 1 2 
332 1 2 
333 1 2 
334 1 2 
335 1 2 
336 2 3 
337 2 3 
338 2 3 
339 2 3 
340 2 3 
341 2 3 
342 8 3 
343 8 3 
344 8 3 
345 8 3 
346 8 3 
347 8 3 
348 8 3 
349 8 3 
350 8 3 
351 8 3 
352 8 3 
353 8 3 
354 8 3 
355 8 3 
356 8 3 
357 8 3 
358 8 3 
359 8 3 
360 8 3 
361 8 3 
362 8 3 
363 8 3 
364 8 3 
365 8 3 
366 8 3 
367 8 3 
368 8 3 
369 8 3 
370 8 3 
371 8 3 
372 8 3 
373 8 3 
374 8 3 
375 6 3 
376 6 3 
377 6 3 
378 6 3 
379 6 3 
380 6 3 
381 6 3 
382 6 3 
383 6 3 
384 6 3 
385 6 3 
386 6 3 
387 6 3 
388 6 3 
389 6 3 
390 6 3 
391 6 3 
392 6 3 
393 6 3 
394 6 3 
395 6 3 
396 6 3 
397 6 3 
398 6 3 
399 6 3 
400 6 3 
401 6 3 
402 6 3 
403 6 3 
404 6 3 
405 6 3 
406 6 3 
407 6 3 
408 6 3 
409 6 3 
410 6 3 
411 6 3 
412 6 3 
413 6 3 
414 6 3 
415 6 3 
416 6 3 
417 6 3 
418 6 3 
419 6 3 
420 6 3 
421 7 3 
422 7 3 
423 7 3 
424 7 3 
425 7 3 
426 7 3 
427 7 3 
428 7 3 
429 7 3 
430 7 3 
431 7 3 
432 7 3 
433 7 3 
434 7 3 
435 7 3 
436 7 3 
437 7 3 
438 8 3 
439 8 3 
440 8 3 
441 8 3 
442 8 3 
443 7 3 
444 7 3 
445 7 3 
446 7 3 
447 7 3 
448 7 3 
449 7 3 
450 7 3 
451 7 3 
452 7 3 
453 7 3 
454 3 3 
455 7 3 
456 7 3 
457 7 3 
458 7 3 
459 7 3 
460 7 3 
461 7 3 
462 8 3 
463 7 3 
464 8 3 
465 8 3 
466 7 3 
467 7 3 
468 8 3 
469 8 3 
470 8 3 
471 8 3 
472 8 3 
473 8 3 
474 7 3 
475 7 3 
476 7 3 
477 7 3 
478 7 3 
479 7 3 
480 7 3 
481 7 3 
482 8 3 
483 8 3 
484 8 3 
485 8 3 
486 8 3 
487 8 3 
488 8 3 
489 1 3 
490 1 3 
491 1 3 
492 1 3 
493 1 3 
494 1 3 
495 1 3 
496 1 3 
497 1 3 
498 1 3 
499 1 3 
500 1 3 
501 1 3 
502 1 3 
503 1 4 
504 2 4 
505 2 4 
506 8 4 
507 8 4 
508 8 4 
509 8 4 
510 8 4 
511 8 4 
512 2 4 
513 2 4 
514 2 4 
515 2 4 
516 2 4 
517 2 4 
518 2 4 
519 2 4 
520 2 4 
521 2 4 
522 2 4 
523 2 4 
524 2 4 
525 2 4 
526 2 4 
527 3 4 
528 3 4 
529 1 4 
530 3 4 
531 8 4 
532 6 4 
533 5 4 
534 6 4 
535 1 4 
536 8 4 
537 8 4 
538 8 4 
539 8 4 
540 3 4 
541 7 4 
542 5 4 
543 2 4 
544 8 4 
545 7 4 
546 8 4 
547 8 4 
548 1 4 
549 2 4 
550 8 4 
551 8 4 
552 8 4 
553 8 4 
554 8 4 
555 8 4 
556 8 4 
557 8 4 
558 8 4 
559 8 4 
560 8 4 
561 8 4 
562 8 4 
563 8 4 
564 7 4 
565 7 4 
566 7 4 
567 7 4 
568 7 4 
569 8 4 
570 8 4 
571 8 4 
572 8 4 
573 7 4 
574 7 4 
575 7 4 
576 7 4 
577 7 4 
578 7 4 
579 7 4 
580 7 4 
581 7 4 
582 7 4 
583 8 4 
584 8 4 
585 8 4 
586 8 4 
587 8 4 
588 8 4 
589 8 4 
590 8 4 
591 8 4 
592 8 4 
593 2 4 
594 6 4 
595 6 4 
596 1 4 
597 1 4 
598 8 4 
599 6 4 
600 1 4 
601 3 4 
602 2 4 
603 1 4 
604 1 4 
605 1 4 
606 1 4 
607 1 4 
608 1 4 
609 1 4 
610 1 4 
611 1 4 
612 1 4 
613 1 4 
614 1 4 
615 1 4 
;
end;
