param S := 728;
param T := 8;
param D := 5;
param windowsize := 0;

param A := 
1 3
2 8
3 31
4 5
5 12
6 9
7 201
8 69
9 26
10 12
11 10
12 13
13 8
14 23
15 88
16 22
17 88
18 0
19 13
20 18
21 4
22 8
23 74
24 83
25 19
26 21
27 22
28 22
29 20
30 13
31 9
32 4
33 4
34 2
35 36
36 7
37 6
38 4
39 106
40 66
41 106
42 107
43 172
44 221
45 66
46 186
47 133
48 88
49 8
50 1
51 11
52 18
53 4
54 9
55 4
56 4
57 4
58 3
59 9
60 4
61 15
62 13
63 8
64 4
65 18
66 38
67 7
68 2
69 23
70 2
71 4
72 2
73 8
74 2
75 17
76 1
77 4
78 44
79 215
80 18
81 2
82 5
83 2
84 4
85 4
86 20
87 9
88 5
89 20
90 9
91 51
92 13
93 4
94 9
95 7
96 4
97 4
98 10
99 96
100 48
101 5
102 4
103 12
104 14
105 14
106 7
107 7
108 40
109 12
110 9
111 18
112 54
113 4
114 3
115 0
116 5
117 9
118 8
119 3
120 91
121 73
122 12
123 5
124 61
125 5
126 61
127 33
128 133
129 41
130 54
131 8
132 8
133 22
134 45
135 211
136 109
137 109
138 63
139 12
140 13
141 73
142 19
143 32
144 133
145 158
146 2
147 2
148 4
149 16
150 2
151 4
152 2
153 9
154 2
155 2
156 2
157 2
158 36
159 24
160 44
161 0
162 0
163 1
164 1
165 1
166 0
167 0
168 0
169 3
170 13
171 24
172 24
173 69
174 130
175 36
176 71
177 12
178 35
179 97
180 133
181 106
182 172
183 7
184 7
185 6
186 6
187 5
188 5
189 2
190 13
191 2
192 47
193 110
194 86
195 399
196 107
197 133
198 265
199 53
200 61
201 76
202 20
203 179
204 107
205 23
206 60
207 66
208 38
209 18
210 58
211 33
212 7
213 4
214 9
215 5
216 4
217 2
218 6
219 236
220 29
221 249
222 83
223 115
224 15
225 23
226 44
227 20
228 9
229 2
230 7
231 4
232 4
233 4
234 9
235 2
236 5
237 7
238 1
239 7
240 97
241 122
242 8
243 5
244 1
245 6
246 6
247 133
248 38
249 51
250 46
251 21
252 12
253 18
254 46
255 27
256 17
257 4
258 4
259 0
260 18
261 5
262 4
263 7
264 25
265 23
266 7
267 31
268 6
269 3
270 18
271 9
272 9
273 6
274 18
275 7
276 5
277 11
278 9
279 9
280 4
281 7
282 4
283 4
284 14
285 9
286 4
287 2
288 2
289 1
290 3
291 5
292 2
293 100
294 7
295 35
296 13
297 34
298 15
299 11
300 25
301 27
302 32
303 60
304 55
305 8
306 4
307 2
308 2
309 2
310 2
311 62
312 7
313 4
314 4
315 4
316 12
317 13
318 14
319 4
320 42
321 18
322 10
323 22
324 22
325 11
326 56
327 21
328 3
329 2
330 49
331 12
332 1
333 18
334 9
335 11
336 2
337 11
338 2
339 4
340 7
341 4
342 4
343 5
344 2
345 2
346 4
347 7
348 9
349 43
350 53
351 53
352 13
353 27
354 4
355 4
356 4
357 2
358 3
359 12
360 9
361 17
362 12
363 6
364 6
365 2
366 29
367 24
368 26
369 13
370 0
371 49
372 9
373 10
374 4
375 32
376 14
377 30
378 78
379 0
380 19
381 40
382 13
383 16
384 133
385 18
386 5
387 9
388 13
389 5
390 1
391 12
392 32
393 12
394 1
395 1
396 65
397 65
398 0
399 8
400 15
401 15
402 23
403 3
404 182
405 125
406 182
407 12
408 125
409 91
410 109
411 146
412 25
413 48
414 81
415 81
416 7
417 4
418 4
419 4
420 3
421 4
422 2
423 8
424 72
425 51
426 3
427 14
428 6
429 4
430 4
431 1
432 12
433 1
434 11
435 2
436 16
437 8
438 6
439 3
440 5
441 21
442 2
443 6
444 4
445 7
446 18
447 7
448 6
449 12
450 5
451 5
452 2
453 4
454 6
455 16
456 10
457 16
458 5
459 5
460 134
461 33
462 8
463 64
464 221
465 106
466 168
467 113
468 193
469 215
470 62
471 160
472 84
473 101
474 51
475 15
476 70
477 0
478 106
479 221
480 21
481 4
482 4
483 2
484 2
485 8
486 8
487 9
488 5
489 13
490 4
491 11
492 4
493 7
494 5
495 22
496 2
497 94
498 5
499 51
500 51
501 219
502 101
503 182
504 13
505 13
506 13
507 13
508 5
509 5
510 19
511 19
512 2
513 2
514 4
515 4
516 5
517 29
518 5
519 4
520 29
521 35
522 5
523 18
524 46
525 72
526 40
527 12
528 8
529 2
530 7
531 4
532 237
533 109
534 5
535 21
536 42
537 134
538 64
539 107
540 80
541 150
542 86
543 107
544 130
545 98
546 537
547 88
548 9
549 12
550 12
551 11
552 1
553 2
554 7
555 3
556 11
557 20
558 23
559 44
560 11
561 72
562 34
563 18
564 21
565 44
566 9
567 22
568 11
569 64
570 33
571 11
572 40
573 18
574 186
575 110
576 36
577 13
578 11
579 20
580 20
581 7
582 10
583 21
584 12
585 13
586 18
587 72
588 53
589 4
590 4
591 12
592 2
593 2
594 22
595 35
596 1
597 5
598 2
599 2
600 3
601 0
602 4
603 4
604 3
605 15
606 11
607 7
608 14
609 5
610 4
611 4
612 28
613 129
614 33
615 72
616 24
617 13
618 2
619 4
620 4
621 35
622 18
623 0
624 13
625 13
626 11
627 17
628 9
629 4
630 9
631 7
632 9
633 4
634 9
635 9
636 4
637 1
638 9
639 3
640 9
641 2
642 43
643 9
644 9
645 31
646 44
647 107
648 31
649 100
650 2
651 18
652 18
653 22
654 0
655 4
656 2
657 36
658 9
659 44
660 11
661 18
662 18
663 7
664 9
665 11
666 4
667 6
668 18
669 2
670 9
671 4
672 4
673 9
674 9
675 7
676 43
677 65
678 43
679 59
680 21
681 13
682 9
683 9
684 5
685 4
686 4
687 24
688 18
689 10
690 2
691 15
692 27
693 4
694 18
695 4
696 8
697 4
698 9
699 31
700 16
701 2
702 22
703 35
704 24
705 12
706 8
707 9
708 4
709 0
710 4
711 8
712 12
713 10042
714 146
715 50
716 24
717 36
718 75
719 146
720 146
721 18
722 50
723 176
724 194
725 17
726 122
727 12
728 474
;

param Ttarget := 
1 1 1000
2 1 1000
3 1 1000
4 1 1000
5 1 500
6 1 500
7 1 500
8 1 500
1 2 1000
2 2 1000
3 2 1000
4 2 1000
5 2 500
6 2 500
7 2 500
8 2 500
1 3 1000
2 3 1000
3 3 1000
4 3 1000
5 3 500
6 3 500
7 3 500
8 3 500
1 4 1000
2 4 1000
3 4 1000
4 4 1000
5 4 500
6 4 500
7 4 500
8 4 500
1 5 1000
2 5 1000
3 5 1000
4 5 1000
5 5 500
6 5 500
7 5 500
8 5 500
;

set Bannlisti := 
;
set Fixlisti := 
1 2 1 
2 2 1 
3 2 1 
4 2 1 
5 2 1 
6 2 1 
7 2 1 
8 2 1 
9 2 1 
10 2 1 
11 2 1 
12 2 1 
13 2 1 
14 2 1 
15 2 1 
16 2 1 
17 2 1 
18 2 1 
19 2 1 
20 2 1 
21 2 1 
22 3 1 
23 3 1 
24 3 1 
25 3 1 
26 3 1 
27 3 1 
28 3 1 
29 3 1 
30 3 1 
31 3 1 
32 3 1 
33 3 1 
34 3 1 
35 3 1 
36 3 1 
37 3 1 
38 3 1 
39 3 1 
40 3 1 
41 3 1 
42 3 1 
43 3 1 
44 3 1 
45 3 1 
46 3 1 
47 3 1 
48 3 1 
49 3 1 
50 3 1 
51 3 1 
52 3 1 
53 3 1 
54 3 1 
55 3 1 
56 3 1 
57 3 1 
58 3 1 
59 3 1 
60 3 1 
61 3 1 
62 3 1 
63 3 1 
64 3 1 
65 6 1 
66 3 1 
67 3 1 
68 3 1 
69 3 1 
70 3 1 
71 3 1 
72 3 1 
73 3 1 
74 7 1 
75 3 1 
76 5 1 
77 5 1 
78 5 1 
79 5 1 
80 5 1 
81 8 1 
82 8 1 
83 8 1 
84 1 1 
85 8 1 
86 8 1 
87 8 1 
88 8 1 
89 8 1 
90 8 1 
91 8 1 
92 8 1 
93 8 1 
94 8 1 
95 8 1 
96 8 1 
97 8 1 
98 3 1 
99 3 1 
100 3 1 
101 3 1 
102 3 1 
103 8 1 
104 8 1 
105 8 1 
106 8 1 
107 8 1 
108 8 1 
109 8 1 
110 8 1 
111 8 1 
112 8 1 
113 8 1 
114 8 1 
115 1 1 
116 1 1 
117 1 1 
118 1 1 
119 1 1 
120 1 1 
121 1 1 
122 1 1 
123 1 1 
124 1 1 
125 1 1 
126 1 1 
127 1 1 
128 1 1 
129 1 1 
130 1 1 
131 1 1 
132 1 1 
133 1 1 
134 1 1 
135 2 1 
136 2 1 
137 2 1 
138 2 1 
139 1 2 
140 4 2 
141 4 2 
142 4 2 
143 4 2 
144 8 2 
145 8 2 
146 8 2 
147 8 2 
148 8 2 
149 3 2 
150 3 2 
151 3 2 
152 3 2 
153 2 2 
154 8 2 
155 6 2 
156 1 2 
157 8 2 
158 8 2 
159 8 2 
160 2 2 
161 4 2 
162 1 2 
163 1 2 
164 7 2 
165 2 2 
166 1 2 
167 8 2 
168 2 2 
169 8 2 
170 4 2 
171 4 2 
172 4 2 
173 4 2 
174 4 2 
175 4 2 
176 4 2 
177 4 2 
178 4 2 
179 4 2 
180 4 2 
181 4 2 
182 4 2 
183 4 2 
184 3 2 
185 6 2 
186 6 2 
187 6 2 
188 6 2 
189 6 2 
190 6 2 
191 6 2 
192 6 2 
193 6 2 
194 6 2 
195 6 2 
196 6 2 
197 6 2 
198 6 2 
199 6 2 
200 6 2 
201 6 2 
202 6 2 
203 6 2 
204 6 2 
205 6 2 
206 6 2 
207 6 2 
208 6 2 
209 6 2 
210 6 2 
211 6 2 
212 6 2 
213 6 2 
214 6 2 
215 6 2 
216 6 2 
217 6 2 
218 6 2 
219 6 2 
220 6 2 
221 6 2 
222 6 2 
223 6 2 
224 6 2 
225 6 2 
226 6 2 
227 6 2 
228 8 2 
229 8 2 
230 7 2 
231 7 2 
232 7 2 
233 7 2 
234 7 2 
235 7 2 
236 7 2 
237 7 2 
238 7 2 
239 7 2 
240 7 2 
241 8 2 
242 7 2 
243 7 2 
244 7 2 
245 8 2 
246 8 2 
247 7 2 
248 7 2 
249 7 2 
250 7 2 
251 7 2 
252 7 2 
253 7 2 
254 7 2 
255 7 2 
256 7 2 
257 7 2 
258 7 2 
259 7 2 
260 7 2 
261 7 2 
262 7 2 
263 7 2 
264 7 2 
265 7 2 
266 7 2 
267 7 2 
268 7 2 
269 7 2 
270 7 2 
271 7 2 
272 7 2 
273 7 2 
274 7 2 
275 7 2 
276 7 2 
277 7 2 
278 7 2 
279 7 2 
280 7 2 
281 7 2 
282 7 2 
283 7 2 
284 7 2 
285 7 2 
286 7 2 
287 8 2 
288 8 2 
289 8 2 
290 8 2 
291 8 2 
292 8 2 
293 7 2 
294 7 2 
295 7 2 
296 7 2 
297 7 2 
298 7 2 
299 7 2 
300 7 2 
301 7 2 
302 7 2 
303 8 2 
304 8 2 
305 8 2 
306 8 2 
307 8 2 
308 8 2 
309 8 2 
310 8 2 
311 7 2 
312 7 2 
313 7 2 
314 7 2 
315 7 2 
316 7 2 
317 7 2 
318 7 2 
319 7 2 
320 7 2 
321 7 2 
322 7 2 
323 7 2 
324 7 2 
325 7 2 
326 7 2 
327 8 2 
328 8 2 
329 8 2 
330 8 2 
331 8 2 
332 8 2 
333 7 2 
334 7 2 
335 7 2 
336 7 2 
337 7 2 
338 7 2 
339 7 2 
340 7 2 
341 7 2 
342 7 2 
343 7 2 
344 7 2 
345 7 2 
346 7 2 
347 7 2 
348 7 2 
349 8 2 
350 8 2 
351 8 2 
352 8 2 
353 8 2 
354 7 2 
355 7 2 
356 7 2 
357 7 2 
358 7 2 
359 8 2 
360 8 2 
361 8 2 
362 8 2 
363 8 2 
364 8 2 
365 8 2 
366 8 2 
367 7 2 
368 7 2 
369 7 2 
370 7 2 
371 7 2 
372 8 2 
373 7 2 
374 7 2 
375 8 2 
376 8 2 
377 8 2 
378 8 2 
379 1 2 
380 1 2 
381 8 2 
382 8 2 
383 8 2 
384 8 2 
385 8 2 
386 8 2 
387 8 2 
388 8 2 
389 8 2 
390 7 2 
391 7 2 
392 7 2 
393 7 2 
394 7 2 
395 7 2 
396 8 2 
397 8 2 
398 7 2 
399 7 2 
400 7 2 
401 7 2 
402 7 2 
403 7 2 
404 1 2 
405 1 2 
406 1 2 
407 1 2 
408 1 2 
409 1 2 
410 1 2 
411 1 2 
412 1 2 
413 1 2 
414 1 2 
415 1 2 
416 1 2 
417 8 2 
418 8 2 
419 8 2 
420 8 2 
421 8 2 
422 8 2 
423 8 2 
424 4 3 
425 7 3 
426 7 3 
427 3 3 
428 3 3 
429 7 3 
430 8 3 
431 8 3 
432 8 3 
433 8 3 
434 8 3 
435 8 3 
436 8 3 
437 8 3 
438 8 3 
439 8 3 
440 8 3 
441 8 3 
442 8 3 
443 8 3 
444 8 3 
445 8 3 
446 8 3 
447 8 3 
448 8 3 
449 8 3 
450 8 3 
451 8 3 
452 8 3 
453 8 3 
454 8 3 
455 8 3 
456 8 3 
457 8 3 
458 8 3 
459 8 3 
460 1 3 
461 1 3 
462 1 3 
463 1 3 
464 1 3 
465 1 3 
466 1 3 
467 1 3 
468 1 3 
469 1 3 
470 1 3 
471 1 3 
472 1 3 
473 1 3 
474 1 3 
475 1 3 
476 1 3 
477 1 3 
478 1 3 
479 1 3 
480 1 3 
481 1 3 
482 1 4 
483 1 4 
484 1 4 
485 1 4 
486 1 4 
487 1 4 
488 1 4 
489 1 4 
490 1 4 
491 1 4 
492 1 4 
493 1 4 
494 1 4 
495 1 4 
496 1 4 
497 1 4 
498 1 4 
499 1 4 
500 1 4 
501 1 4 
502 1 4 
503 1 4 
504 8 4 
505 8 4 
506 8 4 
507 8 4 
508 8 4 
509 8 4 
510 8 4 
511 8 4 
512 8 4 
513 8 4 
514 8 4 
515 8 4 
516 8 4 
517 8 4 
518 8 4 
519 8 4 
520 8 4 
521 2 4 
522 2 4 
523 2 4 
524 2 4 
525 2 4 
526 2 4 
527 2 4 
528 2 4 
529 2 4 
530 2 4 
531 2 4 
532 2 4 
533 2 4 
534 2 4 
535 2 4 
536 2 4 
537 2 4 
538 3 4 
539 3 4 
540 3 4 
541 3 4 
542 3 4 
543 3 4 
544 3 4 
545 3 4 
546 3 4 
547 3 4 
548 3 4 
549 3 4 
550 3 4 
551 3 4 
552 3 4 
553 3 4 
554 3 4 
555 3 4 
556 3 4 
557 3 4 
558 3 4 
559 3 4 
560 3 4 
561 3 4 
562 3 4 
563 3 4 
564 3 4 
565 3 4 
566 3 4 
567 3 4 
568 3 4 
569 3 4 
570 3 4 
571 3 4 
572 3 4 
573 3 4 
574 3 4 
575 3 4 
576 3 4 
577 3 4 
578 3 4 
579 3 4 
580 3 4 
581 3 4 
582 3 4 
583 3 4 
584 3 4 
585 3 4 
586 3 4 
587 3 4 
588 3 4 
589 8 4 
590 8 4 
591 8 4 
592 8 4 
593 8 4 
594 8 4 
595 8 4 
596 8 4 
597 8 4 
598 8 4 
599 8 4 
600 8 4 
601 8 4 
602 8 4 
603 8 4 
604 8 4 
605 8 4 
606 8 4 
607 8 4 
608 8 4 
609 8 4 
610 8 4 
611 8 4 
612 6 4 
613 8 4 
614 8 4 
615 8 4 
616 8 4 
617 8 4 
618 8 4 
619 8 4 
620 8 4 
621 3 4 
622 3 4 
623 3 4 
624 3 4 
625 3 4 
626 3 4 
627 3 4 
628 3 4 
629 3 4 
630 3 4 
631 3 4 
632 3 4 
633 8 4 
634 8 4 
635 8 4 
636 8 4 
637 8 4 
638 8 4 
639 8 4 
640 8 4 
641 7 4 
642 5 4 
643 5 4 
644 5 4 
645 5 4 
646 5 4 
647 5 4 
648 5 4 
649 5 4 
650 5 4 
651 3 4 
652 5 4 
653 5 4 
654 5 4 
655 5 4 
656 5 4 
657 5 4 
658 5 4 
659 5 4 
660 5 4 
661 5 4 
662 5 4 
663 5 4 
664 5 4 
665 5 4 
666 5 4 
667 5 4 
668 5 4 
669 5 4 
670 5 4 
671 5 4 
672 5 4 
673 5 4 
674 5 4 
675 5 4 
676 7 4 
677 7 4 
678 7 4 
679 7 4 
680 7 4 
681 7 4 
682 7 4 
683 7 4 
684 7 4 
685 7 4 
686 7 4 
687 8 4 
688 8 4 
689 8 4 
690 8 4 
691 7 4 
692 7 4 
693 7 4 
694 7 4 
695 7 4 
696 7 4 
697 7 4 
698 7 4 
699 8 4 
700 8 4 
701 8 4 
702 8 4 
703 8 4 
704 8 4 
705 7 4 
706 7 4 
707 7 4 
708 8 4 
709 8 4 
710 8 4 
711 8 4 
712 1 4 
713 1 4 
714 1 4 
715 1 4 
716 1 4 
717 1 4 
718 1 4 
719 1 4 
720 1 4 
721 1 4 
722 1 4 
723 1 4 
724 1 4 
725 1 4 
726 1 4 
727 1 4 
728 2 4 
;
end;
