param S := 713;
param T := 8;
param D := 5;
param windowsize := 0;

param A := 
1 128
2 35
3 164
4 63
5 18
6 18
7 68
8 38
9 130
10 13
11 146
12 72
13 18
14 100
15 24
16 19
17 169
18 127
19 112
20 51
21 69
22 60
23 1
24 110
25 221
26 72
27 55
28 2
29 12
30 14
31 5
32 12
33 3
34 7
35 4
36 11
37 1
38 12
39 20
40 6
41 26
42 3
43 4
44 6
45 8
46 2
47 7
48 18
49 18
50 7
51 18
52 158
53 60
54 8
55 8
56 29
57 7
58 9
59 9
60 7
61 4
62 9
63 4
64 4
65 7
66 4
67 12
68 12
69 80
70 18
71 18
72 76
73 129
74 27
75 4
76 7
77 4
78 36
79 0
80 16
81 12
82 12
83 52
84 52
85 48
86 59
87 36
88 12
89 7
90 24
91 36
92 36
93 7
94 7
95 2
96 1
97 3
98 18
99 5
100 62
101 27
102 110
103 88
104 22
105 215
106 203
107 33
108 107
109 8
110 25
111 110
112 9
113 10
114 22
115 13
116 18
117 90
118 2
119 4
120 19
121 46
122 6
123 11
124 221
125 221
126 18
127 33
128 130
129 35
130 9
131 10
132 36
133 9
134 9
135 97
136 22
137 3
138 8
139 9
140 25
141 9
142 32
143 28
144 9
145 4
146 4
147 7
148 2
149 2
150 2
151 51
152 4
153 7
154 152
155 46
156 30
157 14
158 13
159 9
160 16
161 8
162 10
163 8
164 13
165 5
166 9
167 5
168 8
169 15
170 1
171 1
172 16
173 0
174 46
175 21
176 23
177 23
178 14
179 5
180 23
181 11
182 27
183 4
184 2
185 1
186 0
187 1
188 81
189 81
190 9
191 5
192 27
193 91
194 146
195 36
196 146
197 91
198 2
199 4
200 4
201 8
202 6
203 0
204 0
205 0
206 146
207 73
208 347
209 10
210 292
211 6
212 64
213 52
214 107
215 133
216 106
217 88
218 80
219 88
220 107
221 88
222 133
223 107
224 106
225 107
226 179
227 186
228 35
229 9
230 27
231 31
232 13
233 7
234 17
235 2
236 4
237 36
238 30
239 17
240 13
241 44
242 59
243 67
244 9
245 76
246 27
247 110
248 265
249 107
250 38
251 8
252 53
253 133
254 53
255 22
256 27
257 55
258 37
259 45
260 20
261 53
262 84
263 8
264 22
265 22
266 22
267 2
268 6
269 9
270 4
271 2
272 18
273 94
274 32
275 123
276 42
277 52
278 249
279 133
280 265
281 150
282 411
283 6
284 13
285 6
286 333
287 110
288 72
289 106
290 97
291 43
292 107
293 88
294 106
295 133
296 14
297 4
298 36
299 9
300 9
301 9
302 9
303 9
304 11
305 44
306 18
307 24
308 13
309 21
310 22
311 9
312 14
313 22
314 22
315 16
316 4
317 18
318 11
319 4
320 7
321 44
322 4
323 2
324 18
325 14
326 8
327 31
328 2
329 2
330 35
331 12
332 4
333 14
334 22
335 4
336 4
337 7
338 12
339 12
340 9
341 9
342 12
343 8
344 7
345 9
346 13
347 55
348 7
349 9
350 22
351 5
352 267
353 318
354 133
355 212
356 265
357 107
358 17
359 50
360 251
361 12
362 25
363 201
364 25
365 25
366 18
367 4
368 9
369 113
370 4
371 96
372 88
373 221
374 186
375 64
376 106
377 338
378 13
379 73
380 18
381 110
382 20
383 21
384 47
385 13
386 109
387 109
388 84
389 28
390 11
391 35
392 28
393 4
394 15
395 72
396 88
397 179
398 177
399 9
400 11
401 44
402 106
403 86
404 27
405 40
406 72
407 9
408 22
409 20
410 6
411 24
412 52
413 52
414 9
415 36
416 36
417 9
418 7
419 88
420 36
421 129
422 107
423 129
424 129
425 133
426 159
427 107
428 22
429 69
430 26
431 22
432 9
433 11
434 9
435 9
436 7
437 27
438 13
439 31
440 22
441 33
442 22
443 4
444 66
445 90
446 45
447 54
448 2
449 18
450 0
451 18
452 18
453 7
454 9
455 12
456 0
457 12
458 12
459 56
460 28
461 14
462 5
463 5
464 12
465 12
466 4
467 12
468 52
469 5
470 43
471 10
472 11
473 36
474 28
475 22
476 2
477 9
478 4
479 9
480 4
481 135
482 55
483 36
484 11
485 22
486 28
487 18
488 20
489 2
490 3
491 0
492 1
493 1
494 0
495 27
496 4
497 14
498 16
499 44
500 0
501 4
502 2
503 21
504 18
505 9
506 36
507 44
508 4
509 2
510 2
511 110
512 51
513 18
514 4
515 2
516 2
517 9
518 1
519 9
520 4
521 7
522 177
523 40
524 46
525 61
526 3
527 101
528 44
529 4
530 4
531 40
532 44
533 8
534 44
535 4
536 12
537 128
538 146
539 55
540 36
541 18
542 128
543 36
544 146
545 2
546 42
547 0
548 109
549 109
550 109
551 109
552 109
553 18
554 17
555 100
556 5
557 14
558 9
559 9
560 14
561 5
562 9
563 14
564 2
565 13
566 11
567 11
568 0
569 10
570 61
571 28
572 122
573 16
574 251
575 211
576 63
577 73
578 134
579 51
580 24
581 8
582 68
583 199
584 22
585 11
586 60
587 146
588 104
589 42
590 86
591 358
592 133
593 177
594 187
595 11
596 9
597 3
598 9
599 9
600 9
601 44
602 21
603 18
604 44
605 7
606 9
607 21
608 18
609 11
610 7
611 12
612 71
613 44
614 36
615 22
616 27
617 54
618 44
619 10
620 27
621 5
622 9
623 53
624 9
625 6
626 9
627 10
628 9
629 13
630 159
631 107
632 141
633 133
634 179
635 106
636 265
637 221
638 61
639 65
640 76
641 110
642 160
643 36
644 21
645 18
646 46
647 28
648 106
649 79
650 37
651 9
652 45
653 45
654 11
655 27
656 15
657 28
658 32
659 12
660 28
661 68
662 5
663 9
664 9
665 7
666 1
667 40
668 46
669 61
670 44
671 101
672 1
673 44
674 13
675 7
676 2
677 5
678 17
679 22
680 5
681 7
682 2
683 9
684 2
685 18
686 44
687 40
688 18
689 14
690 4
691 3
692 33
693 221
694 88
695 221
696 193
697 212
698 100
699 265
700 212
701 47
702 94
703 152
704 47
705 84
706 62
707 144
708 0
709 162
710 81
711 48
712 2
713 73
;

param Ttarget := 
1 1 1000
2 1 1000
3 1 1000
4 1 1000
5 1 500
6 1 500
7 1 500
8 1 500
1 2 1000
2 2 1000
3 2 1000
4 2 1000
5 2 500
6 2 500
7 2 500
8 2 500
1 3 1000
2 3 1000
3 3 1000
4 3 1000
5 3 500
6 3 500
7 3 500
8 3 500
1 4 1000
2 4 1000
3 4 1000
4 4 1000
5 4 500
6 4 500
7 4 500
8 4 500
1 5 1000
2 5 1000
3 5 1000
4 5 1000
5 5 500
6 5 500
7 5 500
8 5 500
;

set Bannlisti := 
;
set Fixlisti := 
1 2 1 
2 2 1 
3 2 1 
4 2 1 
5 2 1 
6 2 1 
7 2 1 
8 2 1 
9 2 1 
10 2 1 
11 2 1 
12 2 1 
13 2 1 
14 2 1 
15 2 1 
16 2 1 
17 2 1 
18 2 1 
19 2 1 
20 2 1 
21 3 1 
22 3 1 
23 8 1 
24 3 1 
25 3 1 
26 3 1 
27 3 1 
28 8 1 
29 8 1 
30 8 1 
31 8 1 
32 8 1 
33 8 1 
34 8 1 
35 8 1 
36 8 1 
37 8 1 
38 3 1 
39 3 1 
40 8 1 
41 8 1 
42 8 1 
43 8 1 
44 8 1 
45 8 1 
46 8 1 
47 8 1 
48 8 1 
49 8 1 
50 8 1 
51 8 1 
52 8 1 
53 8 1 
54 8 1 
55 8 1 
56 8 1 
57 8 1 
58 8 1 
59 8 1 
60 8 1 
61 8 1 
62 8 1 
63 8 1 
64 8 1 
65 8 1 
66 8 1 
67 4 1 
68 4 1 
69 8 1 
70 8 1 
71 8 1 
72 8 1 
73 8 1 
74 8 1 
75 8 1 
76 8 1 
77 8 1 
78 8 1 
79 8 1 
80 8 1 
81 4 1 
82 4 1 
83 4 1 
84 4 1 
85 4 1 
86 4 1 
87 4 1 
88 4 1 
89 8 1 
90 8 1 
91 8 1 
92 8 1 
93 8 1 
94 8 1 
95 8 1 
96 8 1 
97 8 1 
98 8 1 
99 8 1 
100 5 1 
101 5 1 
102 5 1 
103 5 1 
104 5 1 
105 5 1 
106 5 1 
107 5 1 
108 5 1 
109 5 1 
110 5 1 
111 5 1 
112 5 1 
113 5 1 
114 5 1 
115 5 1 
116 3 1 
117 5 1 
118 5 1 
119 8 1 
120 7 1 
121 7 1 
122 7 1 
123 7 1 
124 7 1 
125 7 1 
126 7 1 
127 7 1 
128 7 1 
129 7 1 
130 7 1 
131 7 1 
132 7 1 
133 7 1 
134 7 1 
135 7 1 
136 7 1 
137 7 1 
138 8 1 
139 7 1 
140 7 1 
141 7 1 
142 7 1 
143 7 1 
144 7 1 
145 8 1 
146 8 1 
147 8 1 
148 8 1 
149 8 1 
150 7 1 
151 7 1 
152 7 1 
153 7 1 
154 7 1 
155 7 1 
156 7 1 
157 7 1 
158 7 1 
159 7 1 
160 7 1 
161 7 1 
162 7 1 
163 7 1 
164 7 1 
165 7 1 
166 7 1 
167 7 1 
168 7 1 
169 7 1 
170 7 1 
171 7 1 
172 7 1 
173 7 1 
174 7 1 
175 7 1 
176 7 1 
177 7 1 
178 7 1 
179 7 1 
180 7 1 
181 7 1 
182 7 1 
183 8 1 
184 8 1 
185 8 1 
186 8 1 
187 8 1 
188 1 2 
189 1 2 
190 1 2 
191 1 2 
192 1 2 
193 1 2 
194 1 2 
195 1 2 
196 1 2 
197 1 2 
198 8 2 
199 1 2 
200 5 2 
201 4 2 
202 4 2 
203 1 2 
204 6 2 
205 6 2 
206 8 2 
207 4 2 
208 2 2 
209 2 2 
210 2 2 
211 2 2 
212 3 2 
213 3 2 
214 3 2 
215 3 2 
216 3 2 
217 3 2 
218 3 2 
219 3 2 
220 3 2 
221 3 2 
222 3 2 
223 3 2 
224 3 2 
225 3 2 
226 3 2 
227 3 2 
228 3 2 
229 3 2 
230 3 2 
231 3 2 
232 3 2 
233 3 2 
234 3 2 
235 3 2 
236 3 2 
237 3 2 
238 3 2 
239 3 2 
240 3 2 
241 3 2 
242 3 2 
243 3 2 
244 3 2 
245 3 2 
246 3 2 
247 6 2 
248 6 2 
249 6 2 
250 6 2 
251 6 2 
252 6 2 
253 6 2 
254 6 2 
255 6 2 
256 6 2 
257 6 2 
258 6 2 
259 6 2 
260 6 2 
261 6 2 
262 6 2 
263 6 2 
264 6 2 
265 6 2 
266 6 2 
267 6 2 
268 6 2 
269 6 2 
270 6 2 
271 6 2 
272 6 2 
273 6 2 
274 6 2 
275 6 2 
276 6 2 
277 6 2 
278 6 2 
279 6 2 
280 6 2 
281 6 2 
282 6 2 
283 6 2 
284 6 2 
285 6 2 
286 6 2 
287 6 2 
288 6 2 
289 6 2 
290 6 2 
291 6 2 
292 6 2 
293 6 2 
294 6 2 
295 6 2 
296 8 2 
297 8 2 
298 8 2 
299 8 2 
300 8 2 
301 8 2 
302 8 2 
303 8 2 
304 7 2 
305 8 2 
306 8 2 
307 8 2 
308 8 2 
309 8 2 
310 8 2 
311 8 2 
312 8 2 
313 8 2 
314 8 2 
315 8 2 
316 8 2 
317 8 2 
318 7 2 
319 7 2 
320 7 2 
321 7 2 
322 7 2 
323 7 2 
324 7 2 
325 7 2 
326 7 2 
327 8 2 
328 8 2 
329 8 2 
330 8 2 
331 8 2 
332 8 2 
333 8 2 
334 8 2 
335 8 2 
336 8 2 
337 8 2 
338 8 2 
339 8 2 
340 8 2 
341 8 2 
342 8 2 
343 8 2 
344 8 2 
345 8 2 
346 8 2 
347 8 2 
348 8 2 
349 8 2 
350 8 2 
351 8 2 
352 1 3 
353 1 3 
354 1 3 
355 1 3 
356 1 3 
357 1 3 
358 1 3 
359 1 3 
360 1 3 
361 1 3 
362 1 3 
363 1 3 
364 1 3 
365 1 3 
366 1 3 
367 1 3 
368 1 3 
369 1 3 
370 1 3 
371 1 3 
372 1 3 
373 1 3 
374 1 3 
375 1 3 
376 1 3 
377 1 3 
378 4 3 
379 4 3 
380 8 3 
381 8 3 
382 8 3 
383 2 3 
384 2 3 
385 2 3 
386 2 3 
387 2 3 
388 2 3 
389 2 3 
390 2 3 
391 2 3 
392 2 3 
393 2 3 
394 2 3 
395 2 3 
396 2 3 
397 2 3 
398 2 3 
399 8 3 
400 8 3 
401 4 3 
402 4 3 
403 4 3 
404 4 3 
405 4 3 
406 4 3 
407 4 3 
408 4 3 
409 4 3 
410 4 3 
411 4 3 
412 4 3 
413 4 3 
414 4 3 
415 4 3 
416 4 3 
417 4 3 
418 4 3 
419 4 3 
420 4 3 
421 4 3 
422 4 3 
423 4 3 
424 4 3 
425 4 3 
426 4 3 
427 4 3 
428 4 3 
429 5 3 
430 5 3 
431 5 3 
432 5 3 
433 5 3 
434 5 3 
435 5 3 
436 5 3 
437 5 3 
438 5 3 
439 5 3 
440 5 3 
441 5 3 
442 5 3 
443 5 3 
444 5 3 
445 5 3 
446 5 3 
447 5 3 
448 5 3 
449 5 3 
450 5 3 
451 5 3 
452 5 3 
453 8 3 
454 8 3 
455 8 3 
456 8 3 
457 8 3 
458 8 3 
459 8 3 
460 8 3 
461 8 3 
462 8 3 
463 8 3 
464 3 3 
465 3 3 
466 3 3 
467 3 3 
468 7 3 
469 8 3 
470 7 3 
471 7 3 
472 7 3 
473 7 3 
474 7 3 
475 7 3 
476 8 3 
477 8 3 
478 8 3 
479 8 3 
480 8 3 
481 7 3 
482 7 3 
483 7 3 
484 7 3 
485 7 3 
486 7 3 
487 8 3 
488 8 3 
489 8 3 
490 7 3 
491 7 3 
492 7 3 
493 7 3 
494 7 3 
495 8 3 
496 8 3 
497 8 3 
498 7 3 
499 7 3 
500 8 3 
501 8 3 
502 8 3 
503 7 3 
504 7 3 
505 7 3 
506 7 3 
507 7 3 
508 7 3 
509 7 3 
510 7 3 
511 5 3 
512 5 3 
513 5 3 
514 7 3 
515 7 3 
516 7 3 
517 7 3 
518 7 3 
519 7 3 
520 7 3 
521 7 3 
522 5 3 
523 7 3 
524 7 3 
525 7 3 
526 7 3 
527 7 3 
528 7 3 
529 8 3 
530 7 3 
531 7 3 
532 7 3 
533 7 3 
534 7 3 
535 7 3 
536 1 3 
537 1 3 
538 1 3 
539 1 3 
540 1 3 
541 1 3 
542 1 3 
543 1 3 
544 1 3 
545 1 3 
546 1 3 
547 1 3 
548 1 3 
549 1 3 
550 1 3 
551 1 3 
552 1 3 
553 1 3 
554 1 3 
555 1 3 
556 1 3 
557 1 3 
558 1 3 
559 1 3 
560 1 3 
561 1 3 
562 1 3 
563 1 3 
564 1 3 
565 1 3 
566 1 3 
567 1 3 
568 1 3 
569 1 3 
570 1 3 
571 1 3 
572 1 3 
573 1 3 
574 2 4 
575 2 4 
576 2 4 
577 2 4 
578 2 4 
579 2 4 
580 2 4 
581 2 4 
582 1 4 
583 1 4 
584 1 4 
585 8 4 
586 8 4 
587 3 4 
588 3 4 
589 3 4 
590 3 4 
591 3 4 
592 3 4 
593 3 4 
594 3 4 
595 3 4 
596 3 4 
597 3 4 
598 3 4 
599 3 4 
600 3 4 
601 3 4 
602 3 4 
603 3 4 
604 3 4 
605 3 4 
606 3 4 
607 3 4 
608 3 4 
609 3 4 
610 3 4 
611 3 4 
612 3 4 
613 3 4 
614 3 4 
615 3 4 
616 3 4 
617 3 4 
618 3 4 
619 3 4 
620 3 4 
621 3 4 
622 1 4 
623 6 4 
624 6 4 
625 6 4 
626 6 4 
627 6 4 
628 6 4 
629 6 4 
630 6 4 
631 6 4 
632 6 4 
633 6 4 
634 6 4 
635 6 4 
636 6 4 
637 6 4 
638 6 4 
639 6 4 
640 6 4 
641 6 4 
642 6 4 
643 6 4 
644 6 4 
645 6 4 
646 6 4 
647 6 4 
648 6 4 
649 6 4 
650 6 4 
651 6 4 
652 6 4 
653 6 4 
654 6 4 
655 6 4 
656 7 4 
657 7 4 
658 7 4 
659 7 4 
660 7 4 
661 7 4 
662 7 4 
663 8 4 
664 8 4 
665 8 4 
666 7 4 
667 7 4 
668 7 4 
669 7 4 
670 7 4 
671 7 4 
672 7 4 
673 8 4 
674 8 4 
675 8 4 
676 8 4 
677 8 4 
678 8 4 
679 8 4 
680 8 4 
681 8 4 
682 8 4 
683 8 4 
684 8 4 
685 8 4 
686 8 4 
687 8 4 
688 8 4 
689 8 4 
690 2 4 
691 2 4 
692 1 4 
693 1 4 
694 1 4 
695 1 4 
696 1 4 
697 1 4 
698 1 4 
699 1 4 
700 1 4 
701 1 4 
702 1 4 
703 1 4 
704 1 4 
705 1 4 
706 1 4 
707 1 4 
708 1 4 
709 1 4 
710 1 4 
711 2 4 
712 2 4 
713 2 4 
;
end;
