param S := 427;
param T := 8;
param D := 5;
param windowsize := 0;

param A := 
1 113
2 13
3 48
4 30
5 77
6 79
7 44
8 11
9 5
10 4
11 4
12 17
13 5
14 3
15 12
16 23
17 148
18 182
19 91
20 19
21 13
22 4
23 9
24 4
25 68
26 72
27 4
28 13
29 27
30 4
31 0
32 3
33 8
34 9
35 18
36 27
37 21
38 0
39 4
40 4
41 4
42 2
43 1
44 26
45 9
46 2
47 9
48 4
49 22
50 12
51 2
52 14
53 4
54 8
55 72
56 44
57 40
58 177
59 72
60 106
61 25
62 2
63 51
64 9
65 4
66 4
67 11
68 2
69 5
70 4
71 12
72 18
73 22
74 88
75 36
76 88
77 9
78 0
79 9
80 20
81 8
82 0
83 3
84 0
85 10
86 49
87 9
88 7
89 30
90 7
91 4
92 7
93 18
94 18
95 3
96 12
97 1
98 1
99 20
100 7
101 5
102 4
103 4
104 3
105 3
106 8
107 36
108 0
109 2
110 2
111 10
112 14
113 12
114 14
115 12
116 2
117 28
118 28
119 8
120 5
121 14
122 30
123 48
124 48
125 12
126 2
127 8
128 8
129 14
130 108
131 201
132 27
133 13
134 7
135 22
136 4
137 65
138 6
139 61
140 68
141 7
142 3
143 4
144 25
145 1
146 12
147 12
148 25
149 75
150 36
151 107
152 122
153 22
154 9
155 50
156 12
157 55
158 25
159 5
160 61
161 134
162 109
163 106
164 63
165 6
166 134
167 39
168 182
169 27
170 257
171 3
172 26
173 1
174 4
175 5
176 4
177 9
178 48
179 2
180 12
181 26
182 86
183 24
184 12
185 36
186 9
187 35
188 129
189 44
190 22
191 22
192 54
193 86
194 53
195 18
196 6
197 5
198 9
199 0
200 265
201 107
202 106
203 411
204 47
205 37
206 11
207 0
208 10
209 18
210 2
211 9
212 9
213 11
214 0
215 0
216 0
217 115
218 141
219 45
220 0
221 222
222 15
223 95
224 74
225 31
226 122
227 6
228 2
229 7
230 27
231 91
232 0
233 5
234 3
235 135
236 122
237 46
238 23
239 21
240 139
241 25
242 20
243 27
244 26
245 10
246 18
247 18
248 0
249 18
250 7
251 12
252 9
253 90
254 14
255 4
256 9
257 44
258 56
259 27
260 55
261 55
262 110
263 14
264 110
265 2
266 8
267 7
268 17
269 11
270 5
271 7
272 7
273 17
274 14
275 5
276 18
277 2
278 4
279 3
280 6
281 9
282 2
283 9
284 18
285 18
286 31
287 4
288 18
289 29
290 55
291 17
292 185
293 13
294 14
295 18
296 46
297 4
298 2
299 0
300 10
301 3
302 1
303 8
304 1
305 5
306 162
307 61
308 81
309 9
310 5
311 73
312 49
313 12
314 1
315 4
316 1
317 4
318 133
319 3
320 13
321 2
322 2
323 4
324 6
325 2
326 12
327 9
328 12
329 95
330 137
331 150
332 166
333 77
334 64
335 265
336 162
337 162
338 0
339 502
340 182
341 267
342 22
343 0
344 30
345 46
346 14
347 24
348 122
349 73
350 25
351 18
352 9
353 12
354 156
355 1
356 91
357 84
358 42
359 51
360 182
361 19
362 0
363 13
364 13
365 73
366 52
367 292
368 29
369 129
370 88
371 265
372 212
373 88
374 177
375 358
376 66
377 88
378 51
379 5
380 4
381 7
382 22
383 110
384 22
385 2
386 4
387 6
388 3
389 12
390 12
391 18
392 18
393 36
394 7
395 2
396 18
397 6
398 14
399 4
400 6
401 12
402 7
403 3
404 53
405 36
406 27
407 27
408 7
409 13
410 27
411 18
412 27
413 24
414 50
415 73
416 100
417 91
418 16
419 40
420 4
421 8
422 2
423 8
424 37
425 15
426 14
427 28
;

param Ttarget := 
1 1 1000
2 1 1000
3 1 1000
4 1 1000
5 1 500
6 1 500
7 1 500
8 1 500
1 2 1000
2 2 1000
3 2 1000
4 2 1000
5 2 500
6 2 500
7 2 500
8 2 500
1 3 1000
2 3 1000
3 3 1000
4 3 1000
5 3 500
6 3 500
7 3 500
8 3 500
1 4 1000
2 4 1000
3 4 1000
4 4 1000
5 4 500
6 4 500
7 4 500
8 4 500
1 5 1000
2 5 1000
3 5 1000
4 5 1000
5 5 500
6 5 500
7 5 500
8 5 500
;

set Bannlisti := 
;
set Fixlisti := 
1 1 1 
2 1 1 
3 1 1 
4 1 1 
5 1 1 
6 1 1 
7 1 1 
8 1 1 
9 2 1 
10 2 1 
11 2 1 
12 2 1 
13 2 1 
14 2 1 
15 2 1 
16 2 1 
17 2 1 
18 2 1 
19 2 1 
20 2 1 
21 8 1 
22 8 1 
23 8 1 
24 8 1 
25 2 1 
26 2 1 
27 2 1 
28 2 1 
29 2 1 
30 2 1 
31 2 1 
32 2 1 
33 2 1 
34 2 1 
35 8 1 
36 8 1 
37 8 1 
38 8 1 
39 8 1 
40 8 1 
41 8 1 
42 1 1 
43 6 1 
44 3 1 
45 3 1 
46 3 1 
47 3 1 
48 3 1 
49 3 1 
50 3 1 
51 3 1 
52 3 1 
53 3 1 
54 3 1 
55 3 1 
56 3 1 
57 3 1 
58 3 1 
59 3 1 
60 3 1 
61 3 1 
62 3 1 
63 3 1 
64 3 1 
65 3 1 
66 3 1 
67 3 1 
68 3 1 
69 3 1 
70 3 1 
71 3 1 
72 3 1 
73 3 1 
74 5 1 
75 5 1 
76 5 1 
77 5 1 
78 5 1 
79 5 1 
80 5 1 
81 8 1 
82 8 1 
83 8 1 
84 8 1 
85 8 1 
86 8 1 
87 8 1 
88 8 1 
89 8 1 
90 8 1 
91 8 1 
92 8 1 
93 8 1 
94 5 1 
95 8 1 
96 8 1 
97 8 1 
98 8 1 
99 8 1 
100 8 1 
101 8 1 
102 8 1 
103 8 1 
104 8 1 
105 8 1 
106 8 1 
107 8 1 
108 8 1 
109 7 1 
110 7 1 
111 8 1 
112 8 1 
113 8 1 
114 8 1 
115 8 1 
116 8 1 
117 8 1 
118 8 1 
119 8 1 
120 8 1 
121 7 1 
122 7 1 
123 3 1 
124 3 1 
125 3 1 
126 3 1 
127 7 1 
128 7 1 
129 8 1 
130 7 1 
131 1 1 
132 8 1 
133 8 1 
134 2 1 
135 8 1 
136 8 1 
137 8 1 
138 8 1 
139 8 1 
140 8 1 
141 8 1 
142 8 1 
143 8 1 
144 8 1 
145 8 1 
146 8 1 
147 8 1 
148 8 1 
149 8 1 
150 1 1 
151 1 1 
152 1 1 
153 1 1 
154 1 1 
155 1 1 
156 1 1 
157 1 1 
158 1 1 
159 1 1 
160 1 1 
161 1 1 
162 1 1 
163 2 2 
164 2 2 
165 2 2 
166 2 2 
167 2 2 
168 2 2 
169 8 2 
170 8 2 
171 8 2 
172 8 2 
173 8 2 
174 8 2 
175 8 2 
176 8 2 
177 8 2 
178 2 2 
179 8 2 
180 4 2 
181 4 2 
182 4 2 
183 4 2 
184 4 2 
185 4 2 
186 4 2 
187 5 2 
188 4 2 
189 4 2 
190 4 2 
191 4 2 
192 4 2 
193 4 2 
194 8 2 
195 1 2 
196 6 2 
197 6 2 
198 6 2 
199 6 2 
200 6 2 
201 6 2 
202 6 2 
203 6 2 
204 6 2 
205 6 2 
206 6 2 
207 6 2 
208 6 2 
209 6 2 
210 6 2 
211 6 2 
212 6 2 
213 6 2 
214 6 2 
215 6 2 
216 6 2 
217 6 2 
218 6 2 
219 6 2 
220 6 2 
221 6 2 
222 6 2 
223 6 2 
224 6 2 
225 6 2 
226 6 2 
227 6 2 
228 7 2 
229 7 2 
230 8 2 
231 7 2 
232 7 2 
233 7 2 
234 7 2 
235 7 2 
236 7 2 
237 7 2 
238 7 2 
239 7 2 
240 7 2 
241 7 2 
242 7 2 
243 7 2 
244 7 2 
245 7 2 
246 7 2 
247 7 2 
248 7 2 
249 7 2 
250 7 2 
251 7 2 
252 7 2 
253 7 2 
254 7 2 
255 7 2 
256 7 2 
257 7 2 
258 7 2 
259 7 2 
260 7 2 
261 7 2 
262 7 2 
263 7 2 
264 7 2 
265 7 2 
266 7 2 
267 7 2 
268 7 2 
269 7 2 
270 7 2 
271 7 2 
272 7 2 
273 7 2 
274 7 2 
275 7 2 
276 7 2 
277 7 2 
278 7 2 
279 7 2 
280 7 2 
281 7 2 
282 7 2 
283 7 2 
284 7 2 
285 7 2 
286 7 2 
287 7 2 
288 7 2 
289 7 2 
290 7 2 
291 7 2 
292 7 2 
293 7 2 
294 7 2 
295 7 2 
296 8 2 
297 7 2 
298 7 2 
299 7 2 
300 7 2 
301 7 2 
302 7 2 
303 7 2 
304 7 2 
305 7 2 
306 7 2 
307 7 2 
308 7 2 
309 8 2 
310 8 2 
311 7 2 
312 7 2 
313 7 2 
314 7 2 
315 7 2 
316 7 2 
317 7 2 
318 8 2 
319 8 2 
320 8 2 
321 8 2 
322 8 2 
323 8 2 
324 8 2 
325 8 2 
326 8 2 
327 8 2 
328 8 2 
329 8 2 
330 8 2 
331 8 2 
332 8 2 
333 8 2 
334 8 2 
335 8 2 
336 8 2 
337 8 2 
338 1 2 
339 1 2 
340 1 2 
341 1 2 
342 1 3 
343 1 3 
344 1 2 
345 1 2 
346 1 3 
347 1 2 
348 1 2 
349 1 2 
350 1 2 
351 1 2 
352 1 2 
353 1 2 
354 1 2 
355 1 3 
356 2 3 
357 2 3 
358 2 3 
359 2 3 
360 2 3 
361 2 3 
362 1 2 
363 4 3 
364 4 3 
365 4 3 
366 4 3 
367 4 3 
368 1 3 
369 3 3 
370 3 3 
371 3 3 
372 3 3 
373 3 3 
374 3 3 
375 3 3 
376 3 3 
377 3 3 
378 2 3 
379 3 3 
380 5 3 
381 5 3 
382 5 3 
383 5 3 
384 5 3 
385 8 3 
386 8 3 
387 8 3 
388 8 3 
389 8 3 
390 8 3 
391 8 3 
392 8 3 
393 8 3 
394 8 3 
395 8 3 
396 8 3 
397 8 3 
398 8 3 
399 8 3 
400 8 3 
401 8 3 
402 8 3 
403 8 3 
404 8 3 
405 8 3 
406 8 3 
407 8 3 
408 8 3 
409 8 3 
410 8 3 
411 8 3 
412 8 3 
413 8 3 
414 1 3 
415 1 3 
416 1 3 
417 1 3 
418 1 3 
419 1 3 
420 1 3 
421 1 3 
422 1 3 
423 1 3 
424 1 3 
425 1 3 
426 1 3 
427 1 3 
;
end;
