param S := 425;
param T := 8;
param D := 5;
param windowsize := 0;

param A := 
1 13
2 18
3 5
4 7
5 7
6 7
7 5
8 2
9 2
10 4
11 2
12 2
13 7
14 1
15 2
16 0
17 64
18 52
19 106
20 115
21 107
22 106
23 107
24 221
25 129
26 133
27 11
28 44
29 11
30 44
31 11
32 36
33 4
34 9
35 18
36 44
37 28
38 18
39 4
40 46
41 32
42 20
43 8
44 40
45 22
46 7
47 10
48 9
49 7
50 4
51 12
52 1
53 1
54 2
55 3
56 14
57 3
58 2
59 36
60 2
61 14
62 0
63 3
64 3
65 2
66 4
67 11
68 11
69 4
70 9
71 8
72 4
73 2
74 4
75 7
76 4
77 2
78 3
79 0
80 27
81 11
82 4
83 3
84 8
85 1
86 32
87 10
88 2
89 1
90 4
91 62
92 0
93 9
94 4
95 4
96 4
97 5
98 5
99 1
100 1
101 5
102 12
103 1
104 21
105 13
106 11
107 13
108 16
109 22
110 9
111 13
112 11
113 66
114 2
115 4
116 9
117 12
118 9
119 9
120 15
121 7
122 4
123 4
124 4
125 2
126 7
127 4
128 9
129 22
130 2
131 2
132 4
133 12
134 6
135 91
136 50
137 146
138 11
139 97
140 17
141 61
142 61
143 17
144 47
145 38
146 8
147 5
148 4
149 4
150 4
151 13
152 106
153 13
154 11
155 4
156 4
157 24
158 9
159 4
160 221
161 55
162 22
163 44
164 21
165 4
166 16
167 48
168 81
169 30
170 0
171 22
172 22
173 77
174 158
175 22
176 1
177 0
178 26
179 6
180 49
181 73
182 219
183 128
184 35
185 84
186 13
187 13
188 4
189 28
190 5
191 2
192 9
193 18
194 9
195 88
196 7
197 34
198 9
199 36
200 18
201 7
202 9
203 38
204 4
205 4
206 8
207 17
208 2
209 4
210 8
211 9
212 4
213 2
214 18
215 4
216 4
217 9
218 5
219 20
220 55
221 8
222 25
223 7
224 4
225 2
226 9
227 9
228 4
229 9
230 9
231 2
232 10
233 7
234 5
235 11
236 22
237 0
238 13
239 4
240 2
241 2
242 2
243 18
244 10
245 13
246 46
247 5
248 2
249 4
250 4
251 8
252 23
253 5
254 8
255 4
256 4
257 8
258 2
259 9
260 16
261 24
262 10
263 2
264 0
265 0
266 10
267 0
268 10
269 28
270 0
271 12
272 4
273 8
274 0
275 12
276 0
277 4
278 0
279 6
280 0
281 30
282 8
283 0
284 94
285 47
286 133
287 141
288 53
289 265
290 133
291 44
292 27
293 39
294 55
295 46
296 249
297 68
298 34
299 28
300 10
301 95
302 29
303 37
304 15
305 141
306 46
307 27
308 14
309 27
310 28
311 66
312 66
313 13
314 6
315 13
316 125
317 7
318 4
319 8
320 17
321 72
322 133
323 11
324 13
325 38
326 26
327 117
328 22
329 48
330 6
331 5
332 6
333 9
334 15
335 4
336 9
337 2
338 6
339 24
340 44
341 5
342 5
343 2
344 7
345 18
346 110
347 72
348 44
349 7
350 6
351 9
352 9
353 106
354 3
355 134
356 34
357 73
358 36
359 7
360 3
361 5
362 7
363 5
364 2
365 9
366 2
367 24
368 4
369 6
370 10
371 10
372 10
373 24
374 53
375 15
376 30
377 10
378 4
379 4
380 2
381 4
382 4
383 7
384 7
385 2
386 35
387 7
388 4
389 4
390 11
391 2
392 24
393 2
394 2
395 13
396 10
397 61
398 91
399 50
400 100
401 28
402 40
403 51
404 42
405 70
406 6
407 22
408 4
409 4
410 25
411 18
412 88
413 23
414 15
415 8
416 51
417 14
418 18
419 221
420 215
421 8
422 11
423 99
424 110
425 11
;

param Ttarget := 
1 1 1000
2 1 1000
3 1 1000
4 1 1000
5 1 500
6 1 500
7 1 500
8 1 500
1 2 1000
2 2 1000
3 2 1000
4 2 1000
5 2 500
6 2 500
7 2 500
8 2 500
1 3 1000
2 3 1000
3 3 1000
4 3 1000
5 3 500
6 3 500
7 3 500
8 3 500
1 4 1000
2 4 1000
3 4 1000
4 4 1000
5 4 500
6 4 500
7 4 500
8 4 500
1 5 1000
2 5 1000
3 5 1000
4 5 1000
5 5 500
6 5 500
7 5 500
8 5 500
;

set Bannlisti := 
;
set Fixlisti := 
1 6 1 
2 1 2 
3 6 2 
4 3 2 
5 3 2 
6 2 2 
7 1 2 
8 3 2 
9 3 2 
10 3 2 
11 3 2 
12 4 2 
13 6 2 
14 1 2 
15 4 2 
16 2 2 
17 3 2 
18 3 2 
19 3 2 
20 3 2 
21 3 2 
22 3 2 
23 3 2 
24 3 2 
25 3 2 
26 3 2 
27 3 2 
28 3 2 
29 3 2 
30 3 2 
31 3 2 
32 3 2 
33 3 2 
34 3 2 
35 3 2 
36 3 2 
37 1 2 
38 6 2 
39 6 2 
40 4 2 
41 8 2 
42 3 2 
43 3 2 
44 3 2 
45 3 2 
46 3 2 
47 3 2 
48 3 2 
49 3 2 
50 3 2 
51 8 2 
52 8 2 
53 8 2 
54 1 2 
55 3 2 
56 4 2 
57 1 2 
58 7 2 
59 1 2 
60 7 2 
61 7 2 
62 7 2 
63 7 2 
64 7 2 
65 7 2 
66 7 2 
67 7 2 
68 7 2 
69 7 2 
70 7 2 
71 7 2 
72 7 2 
73 7 2 
74 7 2 
75 7 2 
76 7 2 
77 7 2 
78 2 2 
79 4 2 
80 8 2 
81 8 2 
82 4 2 
83 1 2 
84 8 2 
85 2 2 
86 8 2 
87 1 2 
88 1 2 
89 8 2 
90 1 2 
91 1 2 
92 4 2 
93 2 2 
94 1 2 
95 2 2 
96 7 2 
97 8 2 
98 7 2 
99 7 2 
100 7 2 
101 8 2 
102 8 2 
103 1 2 
104 8 2 
105 8 2 
106 8 2 
107 8 2 
108 8 2 
109 8 2 
110 8 2 
111 8 2 
112 8 2 
113 8 2 
114 8 2 
115 8 2 
116 8 2 
117 8 2 
118 8 2 
119 8 2 
120 8 2 
121 8 2 
122 8 2 
123 8 2 
124 8 2 
125 8 2 
126 8 2 
127 8 2 
128 8 2 
129 8 2 
130 2 2 
131 5 2 
132 2 2 
133 8 2 
134 8 2 
135 1 3 
136 1 3 
137 1 3 
138 1 3 
139 1 3 
140 1 3 
141 1 3 
142 1 3 
143 1 3 
144 1 3 
145 1 3 
146 1 3 
147 1 3 
148 1 2 
149 1 2 
150 1 2 
151 1 2 
152 1 2 
153 1 2 
154 1 2 
155 1 2 
156 1 2 
157 1 2 
158 1 2 
159 1 2 
160 1 2 
161 1 2 
162 1 2 
163 1 2 
164 1 2 
165 1 2 
166 1 2 
167 1 2 
168 1 2 
169 1 2 
170 1 2 
171 1 2 
172 1 2 
173 1 2 
174 1 2 
175 1 2 
176 1 3 
177 2 3 
178 4 3 
179 4 3 
180 4 3 
181 4 3 
182 2 3 
183 2 3 
184 2 3 
185 2 3 
186 7 3 
187 3 3 
188 3 3 
189 3 3 
190 3 3 
191 3 3 
192 3 3 
193 3 3 
194 3 3 
195 3 3 
196 3 3 
197 3 3 
198 3 3 
199 3 3 
200 3 3 
201 3 3 
202 3 3 
203 3 3 
204 3 3 
205 3 3 
206 3 3 
207 3 3 
208 3 3 
209 3 3 
210 3 3 
211 3 3 
212 3 3 
213 3 3 
214 3 3 
215 3 3 
216 3 3 
217 3 3 
218 3 3 
219 8 3 
220 8 3 
221 8 3 
222 8 3 
223 8 3 
224 8 3 
225 8 3 
226 8 3 
227 8 3 
228 8 3 
229 8 3 
230 8 3 
231 8 3 
232 8 3 
233 8 3 
234 8 3 
235 8 3 
236 8 3 
237 8 3 
238 8 3 
239 8 3 
240 1 3 
241 5 3 
242 7 3 
243 3 3 
244 1 3 
245 3 3 
246 3 3 
247 1 3 
248 6 3 
249 7 3 
250 7 3 
251 3 3 
252 6 3 
253 1 3 
254 3 3 
255 6 3 
256 1 3 
257 1 3 
258 3 3 
259 3 3 
260 4 3 
261 8 3 
262 3 3 
263 3 3 
264 3 3 
265 3 3 
266 3 3 
267 7 3 
268 7 3 
269 6 3 
270 6 3 
271 6 3 
272 5 3 
273 2 3 
274 2 3 
275 3 3 
276 3 3 
277 6 3 
278 6 3 
279 6 3 
280 8 3 
281 8 3 
282 3 3 
283 3 3 
284 6 3 
285 6 3 
286 6 3 
287 6 3 
288 6 3 
289 6 3 
290 6 3 
291 6 3 
292 6 3 
293 6 3 
294 6 3 
295 6 3 
296 6 3 
297 6 3 
298 6 3 
299 6 3 
300 6 3 
301 6 3 
302 6 3 
303 6 3 
304 6 3 
305 6 3 
306 6 3 
307 6 3 
308 6 3 
309 6 3 
310 6 3 
311 6 3 
312 6 3 
313 6 3 
314 6 3 
315 6 3 
316 6 3 
317 6 3 
318 6 3 
319 6 3 
320 6 3 
321 7 3 
322 7 3 
323 6 3 
324 6 3 
325 7 3 
326 7 3 
327 7 3 
328 7 3 
329 7 3 
330 6 3 
331 6 3 
332 6 3 
333 6 3 
334 6 3 
335 6 3 
336 6 3 
337 6 3 
338 6 3 
339 6 3 
340 6 3 
341 8 3 
342 6 3 
343 6 3 
344 7 3 
345 7 3 
346 7 3 
347 7 3 
348 7 3 
349 7 3 
350 7 3 
351 7 3 
352 8 3 
353 8 3 
354 8 3 
355 8 3 
356 8 3 
357 8 3 
358 8 3 
359 8 3 
360 8 3 
361 8 3 
362 8 3 
363 8 3 
364 8 3 
365 1 3 
366 3 3 
367 3 3 
368 4 3 
369 5 3 
370 6 3 
371 8 3 
372 2 3 
373 8 3 
374 3 3 
375 1 3 
376 4 3 
377 7 3 
378 5 3 
379 1 3 
380 6 3 
381 5 3 
382 5 3 
383 3 3 
384 3 3 
385 8 3 
386 3 3 
387 3 3 
388 6 3 
389 6 3 
390 3 3 
391 7 3 
392 8 3 
393 7 3 
394 6 3 
395 2 3 
396 3 3 
397 1 3 
398 1 3 
399 1 3 
400 1 3 
401 1 3 
402 1 3 
403 1 3 
404 1 3 
405 1 3 
406 1 3 
407 1 3 
408 1 3 
409 1 3 
410 1 3 
411 1 3 
412 1 3 
413 1 3 
414 1 3 
415 1 3 
416 1 3 
417 1 3 
418 1 3 
419 1 3 
420 1 3 
421 1 3 
422 1 3 
423 1 3 
424 1 3 
425 1 3 
;
end;
