param S := 809;
param T := 8;
param D := 5;
param windowsize := 0;

param A := 
1 75
2 75
3 50
4 75
5 9
6 12
7 12
8 0
9 5
10 39
11 23
12 6
13 0
14 0
15 5
16 7
17 7
18 4
19 2
20 26
21 9
22 22
23 9
24 5
25 9
26 9
27 46
28 72
29 88
30 17
31 42
32 9
33 86
34 186
35 86
36 265
37 107
38 106
39 115
40 88
41 150
42 107
43 106
44 106
45 66
46 182
47 91
48 73
49 43
50 18
51 8
52 86
53 88
54 7
55 32
56 6
57 24
58 52
59 52
60 36
61 48
62 36
63 36
64 4
65 6
66 3
67 7
68 7
69 18
70 6
71 7
72 18
73 18
74 5
75 3
76 18
77 36
78 7
79 24
80 4
81 6
82 14
83 12
84 6
85 7
86 4
87 18
88 26
89 86
90 33
91 44
92 88
93 90
94 31
95 27
96 22
97 18
98 13
99 8
100 19
101 12
102 8
103 2
104 2
105 4
106 2
107 4
108 18
109 3
110 16
111 9
112 5
113 28
114 11
115 30
116 7
117 69
118 9
119 46
120 28
121 36
122 5
123 26
124 52
125 12
126 2
127 4
128 4
129 7
130 2
131 2
132 8
133 4
134 9
135 7
136 36
137 11
138 66
139 36
140 33
141 57
142 4
143 2
144 4
145 9
146 7
147 8
148 5
149 9
150 4
151 9
152 4
153 55
154 55
155 28
156 12
157 30
158 36
159 36
160 33
161 59
162 9
163 2
164 2
165 47
166 53
167 146
168 73
169 146
170 128
171 17
172 17
173 125
174 125
175 50
176 50
177 100
178 17
179 24
180 134
181 50
182 146
183 56
184 21
185 91
186 73
187 146
188 36
189 52
190 25
191 158
192 88
193 80
194 141
195 86
196 215
197 98
198 358
199 143
200 177
201 16
202 4
203 250
204 44
205 5
206 27
207 31
208 27
209 9
210 9
211 22
212 13
213 18
214 38
215 13
216 83
217 8
218 18
219 44
220 27
221 54
222 94
223 231
224 42
225 265
226 333
227 106
228 90
229 215
230 133
231 86
232 14
233 4
234 5
235 4
236 179
237 106
238 133
239 265
240 6
241 10
242 1
243 51
244 5
245 22
246 9
247 86
248 1
249 4
250 13
251 44
252 129
253 5
254 4
255 51
256 22
257 66
258 13
259 2
260 2
261 4
262 5
263 7
264 9
265 4
266 0
267 7
268 27
269 7
270 13
271 9
272 4
273 4
274 4
275 11
276 5
277 2
278 4
279 4
280 4
281 22
282 18
283 44
284 13
285 9
286 18
287 9
288 1
289 1
290 1
291 1
292 1
293 2
294 9
295 106
296 133
297 106
298 88
299 221
300 134
301 221
302 106
303 96
304 9
305 0
306 75
307 24
308 100
309 50
310 97
311 24
312 22
313 19
314 26
315 12
316 52
317 9
318 36
319 36
320 9
321 12
322 7
323 20
324 0
325 4
326 5
327 8
328 44
329 9
330 133
331 107
332 86
333 18
334 30
335 12
336 18
337 49
338 36
339 7
340 12
341 10
342 18
343 31
344 9
345 27
346 8
347 177
348 107
349 60
350 102
351 62
352 31
353 22
354 4
355 15
356 35
357 24
358 5
359 3
360 36
361 4
362 4
363 5
364 2
365 2
366 2
367 9
368 20
369 55
370 44
371 221
372 186
373 16
374 25
375 4
376 9
377 18
378 35
379 29
380 4
381 8
382 4
383 6
384 7
385 6
386 7
387 12
388 1
389 28
390 28
391 7
392 6
393 4
394 34
395 24
396 36
397 12
398 12
399 48
400 48
401 6
402 6
403 3
404 2
405 0
406 0
407 34
408 10
409 8
410 29
411 5
412 5
413 8
414 8
415 9
416 5
417 100
418 50
419 194
420 24
421 61
422 11
423 11
424 122
425 122
426 122
427 88
428 96
429 8
430 5
431 23
432 156
433 28
434 21
435 3
436 4
437 24
438 474
439 112
440 26
441 11
442 4
443 23
444 46
445 19
446 84
447 26
448 13
449 73
450 9
451 28
452 177
453 146
454 28
455 93
456 44
457 37
458 4
459 44
460 4
461 7
462 64
463 146
464 52
465 106
466 133
467 221
468 4
469 22
470 4
471 3
472 4
473 12
474 4
475 7
476 18
477 18
478 20
479 8
480 46
481 17
482 23
483 66
484 9
485 9
486 34
487 7
488 4
489 36
490 2
491 18
492 44
493 22
494 7
495 68
496 40
497 110
498 72
499 8
500 8
501 18
502 44
503 66
504 31
505 2
506 23
507 2
508 8
509 4
510 22
511 13
512 5
513 1
514 0
515 0
516 5
517 35
518 18
519 29
520 72
521 38
522 22
523 13
524 5
525 11
526 52
527 106
528 110
529 150
530 411
531 110
532 133
533 212
534 265
535 4
536 4
537 4
538 7
539 4
540 6
541 4
542 4
543 9
544 18
545 40
546 67
547 7
548 9
549 6
550 6
551 9
552 10
553 27
554 46
555 22
556 55
557 10
558 65
559 45
560 110
561 30
562 14
563 16
564 13
565 56
566 18
567 13
568 19
569 49
570 5
571 7
572 1
573 22
574 22
575 46
576 37
577 83
578 53
579 53
580 100
581 11
582 22
583 265
584 2
585 3
586 3
587 26
588 9
589 13
590 18
591 26
592 26
593 4
594 23
595 3
596 18
597 7
598 2
599 2
600 8
601 2
602 17
603 3
604 9
605 32
606 2
607 7
608 4
609 7
610 7
611 4
612 23
613 0
614 5
615 8
616 1
617 1
618 5
619 3
620 1
621 5
622 7
623 6
624 1
625 28
626 150
627 5
628 5
629 51
630 73
631 73
632 55
633 73
634 73
635 55
636 73
637 37
638 16
639 1
640 47
641 70
642 47
643 62
644 84
645 62
646 48
647 107
648 106
649 42
650 16
651 22
652 18
653 36
654 44
655 44
656 9
657 53
658 90
659 106
660 133
661 107
662 4
663 2
664 19
665 2
666 2
667 2
668 9
669 2
670 4
671 3
672 2
673 189
674 6
675 73
676 18
677 86
678 88
679 86
680 13
681 74
682 11
683 11
684 83
685 88
686 13
687 44
688 44
689 18
690 27
691 2
692 106
693 88
694 122
695 8
696 44
697 9
698 9
699 18
700 8
701 8
702 20
703 22
704 4
705 18
706 4
707 4
708 2
709 2
710 2
711 20
712 36
713 10
714 34
715 24
716 63
717 52
718 12
719 12
720 80
721 21
722 6
723 20
724 0
725 1
726 9
727 11
728 7
729 2
730 2
731 2
732 2
733 2
734 2
735 2
736 4
737 2
738 3
739 3
740 1
741 7
742 11
743 3
744 3
745 11
746 54
747 13
748 9
749 9
750 88
751 22
752 1
753 2
754 9
755 4
756 9
757 13
758 2
759 20
760 12
761 2
762 73
763 133
764 29
765 47
766 5
767 5
768 55
769 15
770 62
771 15
772 18
773 30
774 58
775 25
776 7
777 7
778 9
779 9
780 9
781 6
782 8
783 2
784 34
785 110
786 36
787 13
788 31
789 13
790 11
791 30
792 46
793 28
794 84
795 51
796 18
797 28
798 101
799 57
800 4
801 6
802 10
803 2
804 7
805 18
806 6
807 18
808 7
809 12
;

param Ttarget := 
1 1 1000
2 1 1000
3 1 1000
4 1 1000
5 1 500
6 1 500
7 1 500
8 1 500
1 2 1000
2 2 1000
3 2 1000
4 2 1000
5 2 500
6 2 500
7 2 500
8 2 500
1 3 1000
2 3 1000
3 3 1000
4 3 1000
5 3 500
6 3 500
7 3 500
8 3 500
1 4 1000
2 4 1000
3 4 1000
4 4 1000
5 4 500
6 4 500
7 4 500
8 4 500
1 5 1000
2 5 1000
3 5 1000
4 5 1000
5 5 500
6 5 500
7 5 500
8 5 500
;

set Bannlisti := 
;
set Fixlisti := 
1 1 1 
2 1 1 
3 1 1 
4 1 1 
5 1 1 
6 1 1 
7 1 1 
8 8 1 
9 8 1 
10 8 1 
11 8 1 
12 8 1 
13 8 1 
14 8 1 
15 8 1 
16 8 1 
17 8 1 
18 8 1 
19 8 1 
20 8 1 
21 8 1 
22 8 1 
23 8 1 
24 8 1 
25 8 1 
26 8 1 
27 2 1 
28 2 1 
29 2 1 
30 2 1 
31 2 1 
32 2 1 
33 3 1 
34 3 1 
35 3 1 
36 3 1 
37 3 1 
38 3 1 
39 3 1 
40 3 1 
41 3 1 
42 3 1 
43 3 1 
44 3 1 
45 3 1 
46 2 1 
47 2 1 
48 2 1 
49 2 1 
50 2 1 
51 2 1 
52 4 1 
53 4 1 
54 4 1 
55 4 1 
56 4 1 
57 4 1 
58 4 1 
59 4 1 
60 4 1 
61 4 1 
62 4 1 
63 4 1 
64 8 1 
65 8 1 
66 8 1 
67 8 1 
68 8 1 
69 8 1 
70 8 1 
71 8 1 
72 8 1 
73 8 1 
74 8 1 
75 8 1 
76 8 1 
77 8 1 
78 8 1 
79 8 1 
80 8 1 
81 8 1 
82 8 1 
83 8 1 
84 8 1 
85 8 1 
86 8 1 
87 8 1 
88 5 1 
89 5 1 
90 5 1 
91 5 1 
92 5 1 
93 5 1 
94 5 1 
95 5 1 
96 5 1 
97 5 1 
98 5 1 
99 5 1 
100 7 1 
101 7 1 
102 7 1 
103 7 1 
104 7 1 
105 7 1 
106 7 1 
107 7 1 
108 7 1 
109 7 1 
110 7 1 
111 7 1 
112 7 1 
113 7 1 
114 7 1 
115 7 1 
116 7 1 
117 7 1 
118 7 1 
119 7 1 
120 7 1 
121 7 1 
122 7 1 
123 7 1 
124 7 1 
125 7 1 
126 8 1 
127 8 1 
128 8 1 
129 7 1 
130 7 1 
131 7 1 
132 7 1 
133 7 1 
134 8 1 
135 8 1 
136 7 1 
137 7 1 
138 7 1 
139 7 1 
140 7 1 
141 7 1 
142 7 1 
143 7 1 
144 7 1 
145 7 1 
146 7 1 
147 7 1 
148 7 1 
149 7 1 
150 7 1 
151 7 1 
152 7 1 
153 7 1 
154 7 1 
155 7 1 
156 7 1 
157 7 1 
158 7 1 
159 7 1 
160 7 1 
161 7 1 
162 7 1 
163 7 1 
164 7 1 
165 1 1 
166 1 1 
167 1 1 
168 1 1 
169 1 1 
170 1 1 
171 1 1 
172 1 1 
173 1 1 
174 1 1 
175 1 1 
176 1 1 
177 1 1 
178 1 1 
179 1 1 
180 2 2 
181 2 2 
182 2 2 
183 2 2 
184 2 2 
185 2 2 
186 2 2 
187 2 2 
188 2 2 
189 2 2 
190 2 2 
191 3 2 
192 3 2 
193 3 2 
194 3 2 
195 3 2 
196 3 2 
197 3 2 
198 3 2 
199 3 2 
200 3 2 
201 3 2 
202 3 2 
203 3 2 
204 3 2 
205 3 2 
206 3 2 
207 3 2 
208 3 2 
209 3 2 
210 3 2 
211 3 2 
212 3 2 
213 3 2 
214 3 2 
215 3 2 
216 3 2 
217 3 2 
218 3 2 
219 3 2 
220 3 2 
221 3 2 
222 6 2 
223 6 2 
224 6 2 
225 6 2 
226 6 2 
227 6 2 
228 6 2 
229 6 2 
230 6 2 
231 6 2 
232 6 2 
233 6 2 
234 6 2 
235 6 2 
236 6 2 
237 6 2 
238 6 2 
239 6 2 
240 6 2 
241 6 2 
242 6 2 
243 6 2 
244 6 2 
245 6 2 
246 3 2 
247 3 2 
248 3 2 
249 3 2 
250 3 2 
251 3 2 
252 3 2 
253 3 2 
254 3 2 
255 5 2 
256 5 2 
257 5 2 
258 8 2 
259 8 2 
260 3 2 
261 3 2 
262 8 2 
263 3 2 
264 8 2 
265 8 2 
266 8 2 
267 8 2 
268 8 2 
269 8 2 
270 8 2 
271 8 2 
272 8 2 
273 8 2 
274 8 2 
275 8 2 
276 8 2 
277 8 2 
278 8 2 
279 8 2 
280 8 2 
281 8 2 
282 8 2 
283 8 2 
284 8 2 
285 8 2 
286 8 2 
287 8 2 
288 8 2 
289 8 2 
290 8 2 
291 8 2 
292 8 2 
293 8 2 
294 8 2 
295 1 2 
296 1 2 
297 1 2 
298 1 2 
299 1 2 
300 1 2 
301 1 2 
302 1 2 
303 1 2 
304 1 2 
305 1 2 
306 1 2 
307 1 2 
308 1 2 
309 1 2 
310 1 2 
311 1 2 
312 2 3 
313 2 3 
314 2 3 
315 4 3 
316 4 3 
317 4 3 
318 4 3 
319 4 3 
320 4 3 
321 4 3 
322 4 3 
323 8 3 
324 4 3 
325 4 3 
326 4 3 
327 4 3 
328 4 3 
329 4 3 
330 4 3 
331 4 3 
332 4 3 
333 4 3 
334 4 3 
335 4 3 
336 4 3 
337 8 3 
338 5 3 
339 5 3 
340 5 3 
341 5 3 
342 5 3 
343 5 3 
344 5 3 
345 5 3 
346 5 3 
347 5 3 
348 5 3 
349 5 3 
350 5 3 
351 5 3 
352 5 3 
353 5 3 
354 8 3 
355 8 3 
356 3 3 
357 8 3 
358 8 3 
359 8 3 
360 8 3 
361 7 3 
362 8 3 
363 7 3 
364 7 3 
365 7 3 
366 7 3 
367 8 3 
368 8 3 
369 3 3 
370 3 3 
371 3 3 
372 3 3 
373 3 3 
374 3 3 
375 8 3 
376 8 3 
377 3 3 
378 3 3 
379 3 3 
380 8 3 
381 8 3 
382 8 3 
383 8 3 
384 8 3 
385 8 3 
386 8 3 
387 8 3 
388 8 3 
389 8 3 
390 8 3 
391 8 3 
392 8 3 
393 8 3 
394 8 3 
395 8 3 
396 8 3 
397 3 3 
398 3 3 
399 3 3 
400 3 3 
401 3 3 
402 3 3 
403 3 3 
404 3 3 
405 7 3 
406 7 3 
407 1 3 
408 1 3 
409 1 3 
410 1 3 
411 1 3 
412 1 3 
413 1 3 
414 1 3 
415 1 3 
416 1 3 
417 1 3 
418 1 3 
419 1 3 
420 1 3 
421 1 3 
422 1 3 
423 1 3 
424 1 3 
425 1 3 
426 1 3 
427 1 3 
428 1 3 
429 1 4 
430 1 4 
431 1 4 
432 1 4 
433 1 4 
434 1 4 
435 1 4 
436 1 4 
437 1 4 
438 2 4 
439 2 4 
440 2 4 
441 2 4 
442 2 4 
443 2 4 
444 3 4 
445 2 4 
446 2 4 
447 4 4 
448 4 4 
449 4 4 
450 2 4 
451 2 4 
452 2 4 
453 2 4 
454 2 4 
455 2 4 
456 2 4 
457 2 4 
458 3 4 
459 3 4 
460 3 4 
461 3 4 
462 3 4 
463 3 4 
464 3 4 
465 3 4 
466 3 4 
467 3 4 
468 3 4 
469 3 4 
470 3 4 
471 3 4 
472 3 4 
473 3 4 
474 3 4 
475 3 4 
476 3 4 
477 3 4 
478 3 4 
479 3 4 
480 3 4 
481 3 4 
482 3 4 
483 3 4 
484 3 4 
485 3 4 
486 3 4 
487 3 4 
488 3 4 
489 3 4 
490 3 4 
491 3 4 
492 3 4 
493 3 4 
494 3 4 
495 3 4 
496 3 4 
497 3 4 
498 3 4 
499 3 4 
500 3 4 
501 3 4 
502 3 4 
503 3 4 
504 3 4 
505 3 4 
506 3 4 
507 3 4 
508 3 4 
509 3 4 
510 8 4 
511 8 4 
512 8 4 
513 8 4 
514 8 4 
515 8 4 
516 8 4 
517 8 4 
518 8 4 
519 8 4 
520 8 4 
521 8 4 
522 8 4 
523 8 4 
524 8 4 
525 8 4 
526 6 4 
527 6 4 
528 6 4 
529 6 4 
530 6 4 
531 6 4 
532 6 4 
533 6 4 
534 6 4 
535 6 4 
536 6 4 
537 6 4 
538 6 4 
539 6 4 
540 6 4 
541 6 4 
542 6 4 
543 6 4 
544 6 4 
545 6 4 
546 6 4 
547 6 4 
548 6 4 
549 6 4 
550 6 4 
551 6 4 
552 6 4 
553 6 4 
554 6 4 
555 6 4 
556 6 4 
557 6 4 
558 6 4 
559 6 4 
560 6 4 
561 6 4 
562 6 4 
563 6 4 
564 6 4 
565 6 4 
566 6 4 
567 6 4 
568 7 4 
569 7 4 
570 7 4 
571 7 4 
572 7 4 
573 8 4 
574 8 4 
575 7 4 
576 7 4 
577 7 4 
578 7 4 
579 7 4 
580 7 4 
581 7 4 
582 7 4 
583 7 4 
584 7 4 
585 7 4 
586 7 4 
587 7 4 
588 7 4 
589 7 4 
590 7 4 
591 7 4 
592 7 4 
593 7 4 
594 7 4 
595 7 4 
596 7 4 
597 7 4 
598 7 4 
599 7 4 
600 7 4 
601 7 4 
602 7 4 
603 7 4 
604 7 4 
605 7 4 
606 7 4 
607 7 4 
608 7 4 
609 7 4 
610 7 4 
611 7 4 
612 7 4 
613 7 4 
614 7 4 
615 7 4 
616 7 4 
617 7 4 
618 7 4 
619 7 4 
620 7 4 
621 7 4 
622 7 4 
623 7 4 
624 7 4 
625 7 4 
626 8 4 
627 8 4 
628 1 4 
629 1 4 
630 1 4 
631 1 4 
632 1 4 
633 1 4 
634 1 4 
635 1 4 
636 1 4 
637 1 4 
638 1 4 
639 1 4 
640 1 4 
641 1 4 
642 1 4 
643 1 4 
644 1 4 
645 1 4 
646 1 4 
647 1 4 
648 1 4 
649 1 4 
650 1 4 
651 1 4 
652 1 4 
653 1 4 
654 1 4 
655 1 4 
656 1 4 
657 1 4 
658 1 4 
659 1 4 
660 1 4 
661 1 4 
662 1 5 
663 1 5 
664 1 5 
665 1 5 
666 1 5 
667 1 5 
668 1 5 
669 1 5 
670 1 5 
671 1 5 
672 1 5 
673 2 5 
674 2 5 
675 2 5 
676 2 5 
677 3 5 
678 3 5 
679 3 5 
680 3 5 
681 3 5 
682 3 5 
683 3 5 
684 3 5 
685 3 5 
686 3 5 
687 3 5 
688 3 5 
689 3 5 
690 3 5 
691 3 5 
692 3 5 
693 3 5 
694 3 5 
695 3 5 
696 3 5 
697 3 5 
698 3 5 
699 3 5 
700 3 5 
701 3 5 
702 8 5 
703 8 5 
704 8 5 
705 8 5 
706 8 5 
707 8 5 
708 8 5 
709 8 5 
710 8 5 
711 7 5 
712 4 5 
713 4 5 
714 4 5 
715 4 5 
716 4 5 
717 4 5 
718 4 5 
719 4 5 
720 6 5 
721 6 5 
722 4 5 
723 1 5 
724 2 5 
725 8 5 
726 7 5 
727 7 5 
728 7 5 
729 7 5 
730 7 5 
731 7 5 
732 7 5 
733 7 5 
734 7 5 
735 7 5 
736 7 5 
737 7 5 
738 7 5 
739 7 5 
740 7 5 
741 7 5 
742 7 5 
743 8 5 
744 8 5 
745 8 5 
746 7 5 
747 5 5 
748 8 5 
749 8 5 
750 5 5 
751 5 5 
752 8 5 
753 8 5 
754 8 5 
755 8 5 
756 8 5 
757 8 5 
758 8 5 
759 8 5 
760 7 5 
761 8 5 
762 8 5 
763 8 5 
764 1 5 
765 1 5 
766 1 5 
767 1 5 
768 1 5 
769 1 5 
770 1 5 
771 1 5 
772 1 5 
773 1 5 
774 1 5 
775 1 5 
776 1 5 
777 1 5 
778 1 5 
779 1 5 
780 1 5 
781 1 5 
782 1 5 
783 1 5 
784 1 5 
785 1 5 
786 1 5 
787 1 5 
788 1 5 
789 1 5 
790 1 5 
791 1 5 
792 1 5 
793 1 5 
794 1 5 
795 1 5 
796 1 5 
797 1 5 
798 1 5 
799 1 5 
800 8 5 
801 8 5 
802 8 5 
803 8 5 
804 8 5 
805 8 5 
806 8 5 
807 8 5 
808 8 5 
809 8 5 
;
end;
