param S := 602;
param T := 8;
param D := 5;
param windowsize := 0;

param A := 
1 2
2 5
3 211
4 127
5 0
6 63
7 84
8 10
9 10
10 4
11 4
12 9
13 9
14 5
15 6
16 5
17 47
18 150
19 133
20 27
21 55
22 65
23 65
24 83
25 80
26 2
27 4
28 2
29 66
30 44
31 55
32 27
33 51
34 18
35 44
36 13
37 13
38 31
39 9
40 9
41 27
42 9
43 9
44 4
45 7
46 13
47 4
48 4
49 11
50 179
51 106
52 14
53 110
54 46
55 24
56 66
57 41
58 9
59 0
60 25
61 8
62 9
63 9
64 4
65 4
66 1
67 6
68 1
69 2
70 1
71 4
72 16
73 9
74 11
75 11
76 8
77 0
78 61
79 15
80 16
81 114
82 4
83 12
84 9
85 9
86 12
87 3
88 5
89 3
90 7
91 9
92 18
93 7
94 1
95 7
96 3
97 2
98 54
99 68
100 3
101 94
102 5
103 14
104 8
105 8
106 66
107 44
108 14
109 12
110 3
111 109
112 73
113 109
114 27
115 2
116 25
117 77
118 13
119 77
120 99
121 33
122 10
123 124
124 40
125 90
126 107
127 4
128 9
129 7
130 2
131 1
132 1
133 164
134 91
135 91
136 43
137 18
138 24
139 16
140 3
141 73
142 146
143 3
144 17
145 1
146 7
147 3
148 64
149 13
150 22
151 80
152 110
153 49
154 11
155 12
156 9
157 7
158 2
159 158
160 107
161 7
162 6
163 14
164 16
165 20
166 107
167 107
168 212
169 133
170 39
171 18
172 20
173 18
174 9
175 60
176 12
177 59
178 12
179 38
180 19
181 7
182 134
183 2
184 24
185 12
186 69
187 86
188 3
189 44
190 9
191 44
192 119
193 215
194 44
195 44
196 22
197 9
198 0
199 9
200 16
201 18
202 7
203 32
204 4
205 9
206 2
207 4
208 5
209 18
210 13
211 18
212 11
213 2
214 66
215 22
216 44
217 3
218 10
219 2
220 2
221 12
222 7
223 18
224 2
225 28
226 28
227 7
228 6
229 5
230 1
231 1
232 1
233 8
234 15
235 3
236 3
237 6
238 2
239 12
240 48
241 48
242 2
243 2
244 13
245 13
246 11
247 2
248 6
249 7
250 25
251 38
252 46
253 23
254 40
255 52
256 9
257 51
258 105
259 63
260 5
261 9
262 4
263 81
264 4
265 70
266 23
267 52
268 59
269 7
270 37
271 7
272 7
273 8
274 22
275 26
276 73
277 73
278 73
279 26
280 32
281 28
282 14
283 23
284 28
285 18
286 38
287 53
288 14
289 18
290 72
291 18
292 146
293 72
294 88
295 44
296 107
297 219
298 55
299 35
300 0
301 106
302 64
303 106
304 141
305 150
306 86
307 106
308 133
309 358
310 186
311 7
312 7
313 4
314 23
315 7
316 2
317 16
318 4
319 80
320 40
321 62
322 16
323 9
324 9
325 0
326 2
327 1
328 13
329 16
330 4
331 4
332 27
333 5
334 0
335 7
336 8
337 9
338 60
339 18
340 9
341 2
342 55
343 177
344 7
345 36
346 13
347 11
348 4
349 13
350 4
351 1
352 65
353 3
354 38
355 76
356 74
357 8
358 83
359 72
360 67
361 11
362 17
363 39
364 17
365 36
366 11
367 51
368 3
369 5
370 9
371 4
372 13
373 6
374 9
375 6
376 84
377 53
378 10
379 31
380 44
381 107
382 265
383 107
384 86
385 85
386 7
387 13
388 72
389 129
390 166
391 70
392 38
393 80
394 36
395 37
396 333
397 411
398 231
399 2
400 4
401 4
402 9
403 13
404 4
405 14
406 21
407 34
408 4
409 13
410 106
411 2
412 4
413 7
414 0
415 4
416 133
417 8
418 4
419 3
420 7
421 2
422 0
423 4
424 0
425 4
426 28
427 9
428 12
429 6
430 13
431 11
432 13
433 18
434 9
435 0
436 2
437 88
438 5
439 5
440 7
441 9
442 5
443 5
444 38
445 4
446 2
447 12
448 1
449 5
450 6
451 4
452 4
453 4
454 1
455 0
456 219
457 62
458 84
459 62
460 81
461 158
462 106
463 106
464 133
465 50
466 12
467 25
468 100
469 25
470 75
471 134
472 5
473 5
474 5
475 91
476 10
477 61
478 5
479 36
480 36
481 801
482 109
483 6
484 2
485 2
486 2
487 5
488 0
489 0
490 0
491 0
492 1
493 0
494 1
495 0
496 104
497 107
498 133
499 107
500 115
501 122
502 98
503 106
504 106
505 133
506 72
507 4
508 8
509 22
510 88
511 7
512 22
513 12
514 12
515 9
516 1
517 9
518 64
519 18
520 18
521 4
522 9
523 36
524 44
525 80
526 18
527 13
528 7
529 15
530 7
531 36
532 54
533 250
534 12
535 1
536 11
537 12
538 0
539 2
540 7
541 13
542 4
543 4
544 12
545 25
546 0
547 7
548 9
549 14
550 10
551 86
552 20
553 31
554 55
555 6
556 4
557 15
558 54
559 16
560 22
561 8
562 4
563 4
564 4
565 8
566 15
567 15
568 30
569 27
570 11
571 11
572 4
573 4
574 9
575 12
576 12
577 16
578 11
579 18
580 91
581 36
582 91
583 91
584 14
585 182
586 44
587 51
588 31
589 62
590 7
591 77
592 4
593 16
594 36
595 1
596 9
597 6
598 9
599 6
600 4
601 7
602 2
;

param Ttarget := 
1 1 1000
2 1 1000
3 1 1000
4 1 1000
5 1 500
6 1 500
7 1 500
8 1 500
1 2 1000
2 2 1000
3 2 1000
4 2 1000
5 2 500
6 2 500
7 2 500
8 2 500
1 3 1000
2 3 1000
3 3 1000
4 3 1000
5 3 500
6 3 500
7 3 500
8 3 500
1 4 1000
2 4 1000
3 4 1000
4 4 1000
5 4 500
6 4 500
7 4 500
8 4 500
1 5 1000
2 5 1000
3 5 1000
4 5 1000
5 5 500
6 5 500
7 5 500
8 5 500
;

set Bannlisti := 
;
set Fixlisti := 
1 8 1 
2 2 1 
3 2 1 
4 2 1 
5 2 1 
6 2 1 
7 2 1 
8 5 1 
9 5 1 
10 5 1 
11 5 1 
12 6 1 
13 6 1 
14 6 1 
15 6 1 
16 6 1 
17 6 1 
18 6 1 
19 6 1 
20 6 1 
21 6 1 
22 6 1 
23 6 1 
24 6 1 
25 6 1 
26 6 1 
27 6 1 
28 6 1 
29 6 1 
30 5 1 
31 5 1 
32 5 1 
33 5 1 
34 5 1 
35 5 1 
36 8 1 
37 8 1 
38 8 1 
39 8 1 
40 8 1 
41 8 1 
42 8 1 
43 8 1 
44 8 1 
45 8 1 
46 8 1 
47 8 1 
48 8 1 
49 6 1 
50 6 1 
51 6 1 
52 6 1 
53 6 1 
54 6 1 
55 6 1 
56 6 1 
57 6 1 
58 6 1 
59 7 1 
60 7 1 
61 7 1 
62 7 1 
63 8 1 
64 8 1 
65 8 1 
66 7 1 
67 7 1 
68 7 1 
69 7 1 
70 7 1 
71 8 1 
72 7 1 
73 8 1 
74 8 1 
75 8 1 
76 7 1 
77 7 1 
78 7 1 
79 7 1 
80 7 1 
81 7 1 
82 8 1 
83 8 1 
84 8 1 
85 8 1 
86 8 1 
87 8 1 
88 7 1 
89 7 1 
90 8 1 
91 8 1 
92 8 1 
93 8 1 
94 8 1 
95 8 1 
96 8 1 
97 8 1 
98 8 1 
99 8 1 
100 8 1 
101 8 1 
102 8 1 
103 8 1 
104 8 1 
105 8 1 
106 8 1 
107 8 1 
108 8 1 
109 8 1 
110 8 1 
111 1 1 
112 1 1 
113 1 1 
114 1 1 
115 1 1 
116 1 1 
117 1 1 
118 1 1 
119 1 1 
120 1 1 
121 1 1 
122 1 1 
123 1 1 
124 1 1 
125 1 1 
126 1 1 
127 1 1 
128 1 1 
129 1 1 
130 1 2 
131 1 2 
132 2 2 
133 2 2 
134 2 2 
135 2 2 
136 2 2 
137 2 2 
138 2 2 
139 2 2 
140 2 2 
141 2 2 
142 8 2 
143 2 2 
144 3 2 
145 3 2 
146 3 2 
147 3 2 
148 3 2 
149 3 2 
150 3 2 
151 3 2 
152 3 2 
153 3 2 
154 3 2 
155 3 2 
156 3 2 
157 8 2 
158 8 2 
159 8 2 
160 8 2 
161 8 2 
162 8 2 
163 8 2 
164 8 2 
165 8 2 
166 4 2 
167 4 2 
168 4 2 
169 4 2 
170 4 2 
171 4 2 
172 4 2 
173 4 2 
174 4 2 
175 4 2 
176 4 2 
177 4 2 
178 4 2 
179 4 2 
180 4 2 
181 4 2 
182 4 2 
183 4 2 
184 4 2 
185 4 2 
186 4 2 
187 5 2 
188 5 2 
189 5 2 
190 5 2 
191 5 2 
192 5 2 
193 5 2 
194 5 2 
195 5 2 
196 5 2 
197 5 2 
198 5 2 
199 5 2 
200 5 2 
201 5 2 
202 5 2 
203 5 2 
204 5 2 
205 5 2 
206 5 2 
207 5 2 
208 5 2 
209 5 2 
210 5 2 
211 5 2 
212 5 2 
213 8 2 
214 8 2 
215 7 2 
216 7 2 
217 7 2 
218 7 2 
219 7 2 
220 7 2 
221 8 2 
222 8 2 
223 8 2 
224 8 2 
225 8 2 
226 8 2 
227 8 2 
228 8 2 
229 8 2 
230 8 2 
231 8 2 
232 8 2 
233 8 2 
234 8 2 
235 8 2 
236 8 2 
237 7 2 
238 3 2 
239 3 2 
240 3 2 
241 3 2 
242 3 2 
243 3 2 
244 8 2 
245 3 2 
246 7 2 
247 7 2 
248 7 2 
249 8 2 
250 1 2 
251 1 2 
252 1 2 
253 1 2 
254 1 2 
255 1 2 
256 1 2 
257 1 2 
258 1 2 
259 1 2 
260 1 2 
261 1 2 
262 1 2 
263 1 2 
264 1 2 
265 1 2 
266 1 2 
267 1 2 
268 1 2 
269 1 2 
270 1 2 
271 1 2 
272 1 2 
273 1 2 
274 1 2 
275 4 3 
276 4 3 
277 4 3 
278 4 3 
279 2 3 
280 1 2 
281 1 2 
282 1 2 
283 1 2 
284 1 2 
285 1 2 
286 1 2 
287 1 2 
288 1 2 
289 2 3 
290 2 3 
291 2 3 
292 2 3 
293 2 3 
294 2 3 
295 2 3 
296 2 3 
297 2 3 
298 2 3 
299 2 3 
300 1 2 
301 3 3 
302 3 3 
303 3 3 
304 3 3 
305 3 3 
306 3 3 
307 3 3 
308 3 3 
309 3 3 
310 3 3 
311 3 3 
312 3 3 
313 3 3 
314 3 3 
315 3 3 
316 3 3 
317 3 3 
318 3 3 
319 2 3 
320 2 3 
321 2 3 
322 8 3 
323 8 3 
324 8 3 
325 8 3 
326 8 3 
327 8 3 
328 8 3 
329 8 3 
330 8 3 
331 8 3 
332 8 3 
333 8 3 
334 8 3 
335 8 3 
336 8 3 
337 8 3 
338 8 3 
339 8 3 
340 8 3 
341 8 3 
342 3 3 
343 3 3 
344 3 3 
345 3 3 
346 3 3 
347 3 3 
348 3 3 
349 3 3 
350 3 3 
351 1 3 
352 2 3 
353 2 3 
354 3 3 
355 3 3 
356 3 3 
357 3 3 
358 3 3 
359 3 3 
360 3 3 
361 3 3 
362 7 3 
363 7 3 
364 7 3 
365 7 3 
366 7 3 
367 7 3 
368 7 3 
369 6 3 
370 6 3 
371 6 3 
372 6 3 
373 6 3 
374 6 3 
375 6 3 
376 6 3 
377 6 3 
378 6 3 
379 6 3 
380 6 3 
381 6 3 
382 6 3 
383 6 3 
384 6 3 
385 6 3 
386 6 3 
387 6 3 
388 6 3 
389 6 3 
390 6 3 
391 6 3 
392 6 3 
393 6 3 
394 6 3 
395 6 3 
396 6 3 
397 6 3 
398 6 3 
399 7 3 
400 7 3 
401 7 3 
402 7 3 
403 7 3 
404 7 3 
405 7 3 
406 7 3 
407 7 3 
408 7 3 
409 7 3 
410 7 3 
411 7 3 
412 7 3 
413 7 3 
414 7 3 
415 7 3 
416 7 3 
417 7 3 
418 7 3 
419 7 3 
420 7 3 
421 7 3 
422 7 3 
423 8 3 
424 8 3 
425 8 3 
426 8 3 
427 8 3 
428 8 3 
429 8 3 
430 8 3 
431 8 3 
432 8 3 
433 8 3 
434 8 3 
435 8 3 
436 6 3 
437 6 3 
438 6 3 
439 6 3 
440 6 3 
441 6 3 
442 6 3 
443 6 3 
444 6 3 
445 6 3 
446 8 3 
447 8 3 
448 8 3 
449 8 3 
450 8 3 
451 8 3 
452 8 3 
453 8 3 
454 8 3 
455 1 3 
456 1 3 
457 1 3 
458 1 3 
459 1 3 
460 1 3 
461 1 3 
462 1 3 
463 1 3 
464 1 3 
465 1 3 
466 1 3 
467 1 3 
468 1 3 
469 1 3 
470 1 3 
471 1 3 
472 1 3 
473 1 3 
474 1 3 
475 1 4 
476 1 3 
477 1 3 
478 1 3 
479 1 3 
480 1 3 
481 1 3 
482 1 3 
483 8 4 
484 5 4 
485 6 4 
486 6 4 
487 3 4 
488 1 4 
489 6 4 
490 6 4 
491 7 4 
492 1 4 
493 1 4 
494 6 4 
495 1 4 
496 3 4 
497 3 4 
498 3 4 
499 3 4 
500 3 4 
501 3 4 
502 3 4 
503 3 4 
504 3 4 
505 3 4 
506 3 4 
507 3 4 
508 3 4 
509 3 4 
510 3 4 
511 3 4 
512 3 4 
513 3 4 
514 3 4 
515 3 4 
516 3 4 
517 3 4 
518 3 4 
519 3 4 
520 3 4 
521 3 4 
522 3 4 
523 3 4 
524 3 4 
525 3 4 
526 3 4 
527 3 4 
528 3 4 
529 3 4 
530 3 4 
531 3 4 
532 3 4 
533 3 4 
534 3 4 
535 3 4 
536 3 4 
537 3 4 
538 3 4 
539 3 4 
540 3 4 
541 3 4 
542 3 4 
543 3 4 
544 3 4 
545 3 4 
546 3 4 
547 3 4 
548 8 4 
549 8 4 
550 8 4 
551 8 4 
552 8 4 
553 8 4 
554 8 4 
555 8 4 
556 8 4 
557 8 4 
558 5 4 
559 8 4 
560 8 4 
561 8 4 
562 8 4 
563 8 4 
564 8 4 
565 7 4 
566 7 4 
567 7 4 
568 7 4 
569 7 4 
570 8 4 
571 8 4 
572 8 4 
573 8 4 
574 8 4 
575 8 4 
576 8 4 
577 8 4 
578 1 4 
579 1 4 
580 1 4 
581 1 4 
582 1 4 
583 1 4 
584 1 4 
585 1 4 
586 1 4 
587 1 4 
588 1 4 
589 1 4 
590 1 4 
591 1 4 
592 1 4 
593 1 4 
594 1 4 
595 1 4 
596 1 4 
597 1 4 
598 1 4 
599 1 4 
600 1 4 
601 1 4 
602 1 4 
;
end;
