param S := 878;
param T := 8;
param D := 5;
param windowsize := 0;

param A := 
1 3
2 9
3 9
4 107
5 53
6 53
7 47
8 152
9 94
10 62
11 61
12 96
13 325
14 4
15 36
16 14
17 7
18 11
19 12
20 11
21 44
22 98
23 62
24 22
25 27
26 36
27 7
28 18
29 5
30 5
31 36
32 36
33 43
34 36
35 7
36 13
37 7
38 7
39 9
40 146
41 146
42 91
43 0
44 18
45 63
46 45
47 3
48 18
49 10
50 8
51 6
52 14
53 12
54 2
55 18
56 3
57 10
58 2
59 12
60 4
61 6
62 6
63 5
64 7
65 71
66 129
67 150
68 9
69 20
70 30
71 4
72 8
73 1
74 1
75 9
76 16
77 39
78 3
79 14
80 9
81 2
82 0
83 14
84 18
85 36
86 0
87 0
88 24
89 14
90 18
91 24
92 8
93 11
94 24
95 24
96 134
97 5
98 36
99 81
100 15
101 169
102 129
103 107
104 44
105 64
106 40
107 81
108 40
109 35
110 30
111 106
112 53
113 53
114 53
115 53
116 133
117 12
118 53
119 54
120 44
121 4
122 186
123 94
124 52
125 36
126 249
127 249
128 141
129 186
130 86
131 133
132 399
133 2
134 86
135 107
136 110
137 212
138 265
139 0
140 8
141 11
142 18
143 11
144 2
145 18
146 9
147 4
148 18
149 22
150 4
151 2
152 2
153 4
154 2
155 4
156 4
157 8
158 8
159 20
160 14
161 110
162 69
163 25
164 32
165 18
166 9
167 7
168 16
169 9
170 13
171 1
172 40
173 44
174 4
175 4
176 4
177 4
178 9
179 2
180 16
181 11
182 14
183 12
184 11
185 13
186 8
187 3
188 7
189 9
190 52
191 39
192 11
193 36
194 28
195 11
196 97
197 42
198 24
199 40
200 94
201 33
202 14
203 44
204 18
205 9
206 4
207 4
208 22
209 7
210 4
211 2
212 32
213 1
214 1
215 12
216 5
217 20
218 0
219 135
220 5
221 3
222 7
223 1
224 0
225 3
226 0
227 1
228 16
229 310
230 182
231 182
232 109
233 91
234 73
235 2
236 1
237 1
238 6
239 12
240 24
241 52
242 52
243 17
244 48
245 12
246 20
247 13
248 5
249 15
250 9
251 10
252 44
253 110
254 110
255 56
256 10
257 5
258 8
259 22
260 13
261 18
262 4
263 9
264 25
265 18
266 26
267 9
268 11
269 13
270 4
271 11
272 9
273 4
274 13
275 4
276 11
277 12
278 7
279 12
280 1
281 7
282 1
283 4
284 8
285 3
286 2
287 6
288 48
289 0
290 12
291 3
292 12
293 2
294 107
295 47
296 12
297 12
298 26
299 24
300 6
301 2
302 22
303 44
304 4
305 7
306 21
307 7
308 13
309 22
310 2
311 2
312 2
313 44
314 14
315 44
316 40
317 13
318 18
319 88
320 22
321 11
322 44
323 7
324 13
325 7
326 7
327 6
328 16
329 133
330 7
331 13
332 28
333 13
334 18
335 7
336 9
337 4
338 8
339 3
340 9
341 11
342 13
343 103
344 17
345 251
346 12
347 25
348 12
349 267
350 100
351 201
352 251
353 125
354 292
355 50
356 5
357 61
358 11
359 30
360 23
361 46
362 42
363 219
364 9
365 18
366 18
367 4
368 3
369 42
370 143
371 40
372 101
373 95
374 20
375 15
376 8
377 113
378 8
379 39
380 13
381 146
382 36
383 40
384 217
385 2
386 16
387 40
388 90
389 265
390 22
391 177
392 15
393 35
394 18
395 24
396 88
397 88
398 9
399 146
400 93
401 2
402 17
403 3
404 3
405 4
406 9
407 4
408 18
409 28
410 4
411 2
412 2
413 9
414 9
415 9
416 8
417 2
418 253
419 73
420 28
421 146
422 16
423 2
424 64
425 65
426 106
427 107
428 265
429 212
430 106
431 141
432 150
433 133
434 35
435 11
436 53
437 177
438 14
439 28
440 28
441 110
442 72
443 44
444 106
445 98
446 179
447 86
448 129
449 186
450 86
451 133
452 22
453 24
454 4
455 9
456 4
457 2
458 8
459 9
460 35
461 24
462 4
463 4
464 59
465 60
466 13
467 7
468 4
469 80
470 129
471 152
472 257
473 0
474 21
475 7
476 2
477 4
478 40
479 71
480 76
481 34
482 54
483 36
484 9
485 22
486 18
487 4
488 40
489 22
490 22
491 4
492 7
493 9
494 9
495 13
496 9
497 4
498 32
499 4
500 0
501 10
502 11
503 9
504 22
505 11
506 40
507 7
508 5
509 5
510 13
511 11
512 2
513 4
514 0
515 9
516 9
517 13
518 17
519 34
520 8
521 17
522 5
523 24
524 52
525 52
526 48
527 36
528 1
529 2
530 5
531 18
532 11
533 15
534 22
535 129
536 55
537 44
538 86
539 18
540 16
541 69
542 35
543 9
544 4
545 56
546 4
547 4
548 0
549 13
550 4
551 0
552 7
553 0
554 30
555 18
556 4
557 9
558 88
559 9
560 31
561 0
562 179
563 90
564 16
565 6
566 6
567 9
568 7
569 36
570 10
571 76
572 157
573 55
574 65
575 27
576 76
577 84
578 18
579 137
580 123
581 231
582 221
583 185
584 133
585 85
586 86
587 110
588 9
589 12
590 9
591 20
592 42
593 43
594 110
595 46
596 57
597 28
598 42
599 3
600 265
601 31
602 9
603 76
604 55
605 46
606 65
607 4
608 11
609 52
610 9
611 18
612 32
613 44
614 24
615 97
616 7
617 16
618 22
619 15
620 12
621 8
622 5
623 9
624 5
625 36
626 11
627 18
628 35
629 19
630 1
631 1
632 26
633 97
634 135
635 55
636 110
637 86
638 45
639 22
640 11
641 33
642 133
643 22
644 2
645 2
646 6
647 7
648 7
649 5
650 36
651 61
652 33
653 22
654 27
655 6
656 23
657 2
658 28
659 46
660 91
661 18
662 14
663 4
664 9
665 30
666 9
667 18
668 69
669 104
670 47
671 107
672 14
673 15
674 6
675 11
676 0
677 4
678 2
679 3
680 9
681 90
682 5
683 13
684 2
685 12
686 11
687 27
688 4
689 11
690 2
691 7
692 24
693 13
694 4
695 4
696 17
697 14
698 2
699 7
700 11
701 30
702 82
703 126
704 102
705 86
706 3
707 4
708 5
709 19
710 16
711 5
712 18
713 5
714 8
715 28
716 8
717 2
718 8
719 9
720 7
721 9
722 10
723 98
724 1
725 28
726 134
727 221
728 168
729 124
730 107
731 47
732 96
733 162
734 162
735 158
736 238
737 94
738 109
739 73
740 73
741 73
742 109
743 109
744 27
745 50
746 100
747 100
748 170
749 24
750 182
751 78
752 73
753 18
754 84
755 63
756 14
757 9
758 15
759 7
760 19
761 22
762 9
763 44
764 12
765 27
766 44
767 9
768 7
769 13
770 4
771 22
772 5
773 4
774 9
775 2
776 14
777 21
778 27
779 8
780 18
781 0
782 107
783 107
784 106
785 107
786 358
787 250
788 133
789 3
790 76
791 11
792 27
793 72
794 67
795 18
796 22
797 7
798 6
799 39
800 18
801 9
802 39
803 36
804 24
805 52
806 36
807 48
808 48
809 36
810 24
811 37
812 107
813 14
814 94
815 1
816 1
817 2
818 21
819 5
820 7
821 4
822 4
823 28
824 16
825 4
826 21
827 8
828 26
829 11
830 9
831 11
832 22
833 9
834 18
835 9
836 1
837 6
838 30
839 0
840 1
841 16
842 3
843 4
844 4
845 18
846 22
847 79
848 13
849 16
850 11
851 11
852 5
853 61
854 11
855 72
856 66
857 133
858 212
859 44
860 13
861 28
862 80
863 52
864 42
865 28
866 46
867 14
868 62
869 62
870 137
871 44
872 66
873 81
874 59
875 14
876 12
877 7
878 12
;

param Ttarget := 
1 1 1000
2 1 1000
3 1 1000
4 1 1000
5 1 500
6 1 500
7 1 500
8 1 500
1 2 1000
2 2 1000
3 2 1000
4 2 1000
5 2 500
6 2 500
7 2 500
8 2 500
1 3 1000
2 3 1000
3 3 1000
4 3 1000
5 3 500
6 3 500
7 3 500
8 3 500
1 4 1000
2 4 1000
3 4 1000
4 4 1000
5 4 500
6 4 500
7 4 500
8 4 500
1 5 1000
2 5 1000
3 5 1000
4 5 1000
5 5 500
6 5 500
7 5 500
8 5 500
;

set Bannlisti := 
;
set Fixlisti := 
1 1 1 
2 1 1 
3 1 1 
4 1 1 
5 1 1 
6 1 1 
7 1 1 
8 1 1 
9 1 1 
10 1 1 
11 1 1 
12 1 1 
13 1 1 
14 8 1 
15 8 1 
16 8 1 
17 8 1 
18 8 1 
19 8 1 
20 8 1 
21 8 1 
22 8 1 
23 8 1 
24 8 1 
25 8 1 
26 8 1 
27 8 1 
28 8 1 
29 8 1 
30 8 1 
31 8 1 
32 8 1 
33 8 1 
34 2 1 
35 8 1 
36 8 1 
37 8 1 
38 8 1 
39 8 1 
40 2 1 
41 2 1 
42 2 1 
43 2 1 
44 2 1 
45 2 1 
46 2 1 
47 8 1 
48 8 1 
49 8 1 
50 8 1 
51 8 1 
52 8 1 
53 8 1 
54 8 1 
55 8 1 
56 8 1 
57 8 1 
58 8 1 
59 8 1 
60 8 1 
61 8 1 
62 8 1 
63 8 1 
64 8 1 
65 4 1 
66 3 1 
67 3 1 
68 3 1 
69 3 1 
70 3 1 
71 8 1 
72 8 1 
73 8 1 
74 8 1 
75 8 1 
76 8 1 
77 8 1 
78 8 1 
79 2 1 
80 8 1 
81 8 1 
82 8 1 
83 8 1 
84 8 1 
85 8 1 
86 8 1 
87 8 1 
88 8 1 
89 8 1 
90 8 1 
91 8 1 
92 8 1 
93 3 1 
94 3 1 
95 4 1 
96 4 1 
97 4 1 
98 4 1 
99 4 1 
100 4 1 
101 4 1 
102 4 1 
103 4 1 
104 4 1 
105 4 1 
106 4 1 
107 4 1 
108 4 1 
109 6 1 
110 6 1 
111 6 1 
112 6 1 
113 6 1 
114 6 1 
115 6 1 
116 6 1 
117 6 1 
118 6 1 
119 6 1 
120 6 1 
121 6 1 
122 6 1 
123 6 1 
124 6 1 
125 6 1 
126 6 1 
127 6 1 
128 6 1 
129 6 1 
130 6 1 
131 6 1 
132 6 1 
133 6 1 
134 6 1 
135 6 1 
136 6 1 
137 6 1 
138 6 1 
139 8 1 
140 7 1 
141 7 1 
142 7 1 
143 7 1 
144 7 1 
145 7 1 
146 7 1 
147 7 1 
148 7 1 
149 7 1 
150 7 1 
151 7 1 
152 7 1 
153 7 1 
154 7 1 
155 7 1 
156 7 1 
157 7 1 
158 7 1 
159 7 1 
160 7 1 
161 7 1 
162 7 1 
163 7 1 
164 7 1 
165 7 1 
166 7 1 
167 7 1 
168 7 1 
169 7 1 
170 7 1 
171 7 1 
172 8 1 
173 8 1 
174 8 1 
175 8 1 
176 8 1 
177 8 1 
178 8 1 
179 8 1 
180 8 1 
181 8 1 
182 8 1 
183 8 1 
184 8 1 
185 8 1 
186 8 1 
187 8 1 
188 8 1 
189 7 1 
190 7 1 
191 7 1 
192 7 1 
193 7 1 
194 7 1 
195 7 1 
196 8 1 
197 8 1 
198 8 1 
199 7 1 
200 7 1 
201 8 1 
202 8 1 
203 8 1 
204 8 1 
205 8 1 
206 8 1 
207 8 1 
208 8 1 
209 8 1 
210 8 1 
211 7 1 
212 7 1 
213 8 1 
214 8 1 
215 8 1 
216 8 1 
217 8 1 
218 8 1 
219 8 1 
220 8 1 
221 8 1 
222 8 1 
223 8 1 
224 8 1 
225 8 1 
226 8 1 
227 8 1 
228 1 2 
229 1 1 
230 1 1 
231 1 1 
232 1 1 
233 1 1 
234 4 2 
235 8 2 
236 4 2 
237 4 2 
238 4 2 
239 4 2 
240 4 2 
241 4 2 
242 4 2 
243 4 2 
244 4 2 
245 4 2 
246 1 2 
247 6 2 
248 6 2 
249 6 2 
250 6 2 
251 6 2 
252 6 2 
253 6 2 
254 6 2 
255 6 2 
256 6 2 
257 6 2 
258 6 2 
259 6 2 
260 6 2 
261 6 2 
262 6 2 
263 6 2 
264 6 2 
265 6 2 
266 4 2 
267 8 2 
268 8 2 
269 8 2 
270 8 2 
271 8 2 
272 8 2 
273 8 2 
274 8 2 
275 8 2 
276 8 2 
277 8 2 
278 8 2 
279 8 2 
280 8 2 
281 8 2 
282 8 2 
283 8 2 
284 8 2 
285 8 2 
286 8 2 
287 8 2 
288 3 2 
289 3 2 
290 3 2 
291 3 2 
292 3 2 
293 3 2 
294 7 2 
295 7 2 
296 8 2 
297 8 2 
298 8 2 
299 8 2 
300 8 2 
301 8 2 
302 8 2 
303 8 2 
304 8 2 
305 8 2 
306 8 2 
307 8 2 
308 8 2 
309 8 2 
310 8 2 
311 8 2 
312 8 2 
313 8 2 
314 8 2 
315 8 2 
316 8 2 
317 8 2 
318 8 2 
319 8 2 
320 8 2 
321 8 2 
322 8 2 
323 8 2 
324 8 2 
325 8 2 
326 8 2 
327 8 2 
328 8 2 
329 8 2 
330 8 2 
331 8 2 
332 8 2 
333 8 2 
334 8 2 
335 8 2 
336 8 2 
337 8 2 
338 8 2 
339 8 2 
340 8 2 
341 8 2 
342 8 3 
343 1 2 
344 1 2 
345 1 2 
346 1 2 
347 1 2 
348 1 2 
349 1 2 
350 1 2 
351 1 2 
352 1 2 
353 1 2 
354 1 2 
355 1 2 
356 1 2 
357 1 2 
358 1 2 
359 1 2 
360 1 2 
361 1 2 
362 1 2 
363 1 2 
364 1 2 
365 1 2 
366 1 2 
367 1 2 
368 1 2 
369 1 3 
370 1 3 
371 1 3 
372 1 3 
373 1 3 
374 1 3 
375 1 3 
376 1 3 
377 1 3 
378 1 3 
379 4 3 
380 4 3 
381 4 3 
382 4 3 
383 1 2 
384 1 2 
385 1 2 
386 1 2 
387 1 2 
388 1 2 
389 1 2 
390 1 2 
391 1 3 
392 1 3 
393 2 3 
394 2 3 
395 2 3 
396 2 3 
397 2 3 
398 2 3 
399 2 3 
400 2 3 
401 1 3 
402 1 3 
403 1 3 
404 1 3 
405 1 3 
406 1 3 
407 1 3 
408 1 3 
409 1 3 
410 2 3 
411 2 3 
412 2 3 
413 1 2 
414 1 2 
415 1 2 
416 1 2 
417 1 2 
418 2 3 
419 2 3 
420 2 3 
421 2 3 
422 2 3 
423 3 3 
424 3 3 
425 3 3 
426 3 3 
427 3 3 
428 3 3 
429 3 3 
430 3 3 
431 3 3 
432 3 3 
433 3 3 
434 3 3 
435 3 3 
436 3 3 
437 3 3 
438 3 3 
439 3 3 
440 3 3 
441 3 3 
442 3 3 
443 3 3 
444 3 3 
445 3 3 
446 3 3 
447 3 3 
448 3 3 
449 3 3 
450 3 3 
451 3 3 
452 8 3 
453 8 3 
454 8 3 
455 8 3 
456 8 3 
457 8 3 
458 8 3 
459 3 3 
460 3 3 
461 3 3 
462 8 3 
463 8 3 
464 8 3 
465 8 3 
466 8 3 
467 8 3 
468 8 3 
469 8 3 
470 8 3 
471 8 3 
472 8 3 
473 8 3 
474 8 3 
475 8 3 
476 8 3 
477 8 3 
478 3 3 
479 3 3 
480 3 3 
481 3 3 
482 3 3 
483 3 3 
484 3 3 
485 3 3 
486 3 3 
487 3 3 
488 3 3 
489 3 3 
490 3 3 
491 3 3 
492 3 3 
493 3 3 
494 3 3 
495 3 3 
496 3 3 
497 3 3 
498 3 3 
499 3 3 
500 8 3 
501 8 3 
502 8 3 
503 3 3 
504 3 3 
505 3 3 
506 3 3 
507 3 3 
508 3 3 
509 3 3 
510 3 3 
511 3 3 
512 3 3 
513 3 3 
514 3 3 
515 3 3 
516 3 3 
517 3 3 
518 3 3 
519 3 3 
520 3 3 
521 3 3 
522 3 3 
523 4 3 
524 4 3 
525 4 3 
526 4 3 
527 4 3 
528 4 3 
529 4 3 
530 3 3 
531 3 3 
532 3 3 
533 4 3 
534 4 3 
535 4 3 
536 4 3 
537 4 3 
538 4 3 
539 4 3 
540 4 3 
541 5 3 
542 5 3 
543 5 3 
544 5 3 
545 5 3 
546 5 3 
547 5 3 
548 5 3 
549 5 3 
550 5 3 
551 5 3 
552 5 3 
553 5 3 
554 5 3 
555 5 3 
556 5 3 
557 5 3 
558 5 3 
559 5 3 
560 5 3 
561 5 3 
562 5 3 
563 5 3 
564 5 3 
565 6 3 
566 6 3 
567 6 3 
568 6 3 
569 6 3 
570 6 3 
571 6 3 
572 6 3 
573 6 3 
574 6 3 
575 6 3 
576 6 3 
577 6 3 
578 6 3 
579 6 3 
580 6 3 
581 6 3 
582 6 3 
583 6 3 
584 6 3 
585 6 3 
586 6 3 
587 6 3 
588 6 3 
589 6 3 
590 6 3 
591 6 3 
592 6 3 
593 6 3 
594 6 3 
595 6 3 
596 6 3 
597 6 3 
598 6 3 
599 6 3 
600 6 3 
601 6 3 
602 6 3 
603 6 3 
604 6 3 
605 6 3 
606 6 3 
607 6 3 
608 6 3 
609 6 3 
610 7 3 
611 7 3 
612 7 3 
613 8 3 
614 7 3 
615 7 3 
616 7 3 
617 7 3 
618 8 3 
619 8 3 
620 7 3 
621 7 3 
622 7 3 
623 7 3 
624 7 3 
625 7 3 
626 7 3 
627 7 3 
628 7 3 
629 8 3 
630 8 3 
631 8 3 
632 7 3 
633 7 3 
634 7 3 
635 7 3 
636 7 3 
637 7 3 
638 7 3 
639 7 3 
640 7 3 
641 7 3 
642 7 3 
643 7 3 
644 7 3 
645 7 3 
646 7 3 
647 8 3 
648 8 3 
649 7 3 
650 8 3 
651 8 3 
652 8 3 
653 8 3 
654 7 3 
655 7 3 
656 7 3 
657 7 3 
658 7 3 
659 7 3 
660 7 3 
661 7 3 
662 7 3 
663 7 3 
664 7 3 
665 7 3 
666 7 3 
667 7 3 
668 7 3 
669 1 3 
670 7 3 
671 7 3 
672 8 3 
673 8 3 
674 7 3 
675 7 3 
676 7 3 
677 7 3 
678 7 3 
679 7 3 
680 7 3 
681 7 3 
682 7 3 
683 7 3 
684 7 3 
685 7 3 
686 7 3 
687 7 3 
688 7 3 
689 8 3 
690 8 3 
691 8 3 
692 8 3 
693 7 3 
694 1 3 
695 8 3 
696 8 3 
697 8 3 
698 7 3 
699 7 3 
700 7 3 
701 7 3 
702 8 3 
703 8 3 
704 8 3 
705 8 3 
706 8 3 
707 8 3 
708 8 3 
709 8 3 
710 8 3 
711 7 3 
712 7 3 
713 7 3 
714 7 3 
715 7 3 
716 7 3 
717 7 3 
718 7 3 
719 7 3 
720 7 3 
721 3 3 
722 6 3 
723 1 3 
724 8 3 
725 1 3 
726 1 3 
727 1 3 
728 1 3 
729 1 3 
730 1 3 
731 1 3 
732 1 3 
733 1 3 
734 1 3 
735 1 3 
736 1 3 
737 1 3 
738 1 4 
739 1 4 
740 1 4 
741 1 4 
742 1 4 
743 1 4 
744 1 4 
745 1 3 
746 1 3 
747 1 3 
748 4 4 
749 8 4 
750 2 4 
751 2 4 
752 2 4 
753 2 4 
754 2 4 
755 2 4 
756 2 4 
757 3 4 
758 3 4 
759 3 4 
760 3 4 
761 3 4 
762 3 4 
763 3 4 
764 3 4 
765 3 4 
766 3 4 
767 3 4 
768 3 4 
769 3 4 
770 3 4 
771 3 4 
772 3 4 
773 3 4 
774 3 4 
775 3 4 
776 3 4 
777 3 4 
778 3 4 
779 3 4 
780 3 4 
781 8 4 
782 3 4 
783 3 4 
784 3 4 
785 3 4 
786 3 4 
787 3 4 
788 3 4 
789 3 4 
790 3 4 
791 3 4 
792 3 4 
793 3 4 
794 3 4 
795 3 4 
796 3 4 
797 3 4 
798 8 4 
799 8 4 
800 8 4 
801 8 4 
802 8 4 
803 4 4 
804 4 4 
805 4 4 
806 4 4 
807 4 4 
808 4 4 
809 4 4 
810 4 4 
811 4 4 
812 3 4 
813 3 4 
814 8 4 
815 8 4 
816 8 4 
817 3 4 
818 3 4 
819 7 4 
820 8 4 
821 8 4 
822 8 4 
823 8 4 
824 8 4 
825 8 4 
826 8 4 
827 8 4 
828 8 4 
829 8 4 
830 8 4 
831 8 4 
832 5 4 
833 5 4 
834 5 4 
835 8 4 
836 1 4 
837 1 4 
838 2 4 
839 7 4 
840 7 4 
841 8 4 
842 8 4 
843 8 4 
844 8 4 
845 8 4 
846 8 4 
847 8 4 
848 1 4 
849 1 4 
850 1 4 
851 1 4 
852 1 4 
853 1 4 
854 1 4 
855 1 4 
856 1 4 
857 1 4 
858 1 4 
859 1 4 
860 1 4 
861 1 4 
862 1 4 
863 1 4 
864 1 4 
865 1 4 
866 1 4 
867 1 4 
868 1 4 
869 1 4 
870 1 4 
871 1 4 
872 1 4 
873 1 4 
874 1 4 
875 1 4 
876 1 4 
877 1 4 
878 1 4 
;
end;
