param S := 684;
param T := 8;
param D := 5;
param windowsize := 0;

param A := 
1 48
2 72
3 23
4 23
5 61
6 88
7 65
8 146
9 28
10 80
11 18
12 4
13 4
14 64
15 107
16 106
17 115
18 88
19 86
20 106
21 371
22 88
23 133
24 121
25 74
26 52
27 14
28 143
29 9
30 72
31 21
32 66
33 69
34 12
35 1
36 4
37 7
38 150
39 110
40 36
41 39
42 9
43 8
44 2
45 18
46 7
47 3
48 18
49 22
50 9
51 9
52 22
53 9
54 4
55 9
56 11
57 2
58 13
59 18
60 2
61 18
62 7
63 8
64 11
65 4
66 2
67 5
68 4
69 257
70 129
71 107
72 9
73 53
74 133
75 398
76 53
77 85
78 53
79 53
80 53
81 133
82 86
83 106
84 133
85 62
86 66
87 12
88 169
89 11
90 28
91 110
92 27
93 18
94 40
95 13
96 301
97 2
98 42
99 18
100 5
101 4
102 4
103 9
104 22
105 11
106 135
107 18
108 13
109 1
110 2
111 1
112 40
113 2
114 1
115 12
116 1
117 0
118 7
119 7
120 22
121 7
122 4
123 4
124 6
125 9
126 7
127 2
128 4
129 4
130 8
131 44
132 7
133 18
134 9
135 9
136 9
137 14
138 36
139 28
140 24
141 14
142 3
143 28
144 28
145 28
146 20
147 12
148 24
149 24
150 48
151 96
152 24
153 12
154 2
155 4
156 2
157 8
158 14
159 33
160 18
161 5
162 14
163 20
164 7
165 4
166 4
167 18
168 22
169 29
170 23
171 9
172 11
173 40
174 1
175 5
176 1
177 1
178 4
179 27
180 13
181 32
182 6
183 32
184 3
185 3
186 37
187 3
188 1
189 1
190 9
191 9
192 9
193 4
194 8
195 9
196 6
197 17
198 24
199 9
200 28
201 28
202 9
203 8
204 17
205 14
206 9
207 13
208 42
209 28
210 9
211 37
212 9
213 5
214 9
215 44
216 124
217 133
218 424
219 133
220 107
221 61
222 37
223 47
224 94
225 152
226 76
227 51
228 219
229 28
230 46
231 27
232 30
233 42
234 16
235 80
236 12
237 12
238 62
239 80
240 84
241 79
242 49
243 51
244 21
245 8
246 70
247 73
248 474
249 19
250 6
251 65
252 39
253 4
254 24
255 18
256 36
257 0
258 10
259 12
260 9
261 4
262 18
263 152
264 24
265 4
266 9
267 152
268 76
269 80
270 133
271 386
272 0
273 10
274 55
275 1
276 11
277 39
278 12
279 17
280 5
281 129
282 12
283 20
284 40
285 8
286 33
287 22
288 11
289 59
290 12
291 134
292 13
293 11
294 7
295 64
296 44
297 107
298 97
299 14
300 19
301 69
302 43
303 17
304 36
305 59
306 59
307 52
308 8
309 74
310 30
311 16
312 2
313 36
314 43
315 17
316 15
317 18
318 2
319 60
320 7
321 27
322 22
323 22
324 82
325 53
326 0
327 9
328 36
329 88
330 21
331 48
332 7
333 108
334 126
335 2
336 7
337 7
338 3
339 3
340 14
341 46
342 9
343 18
344 28
345 9
346 23
347 18
348 39
349 16
350 19
351 4
352 4
353 13
354 13
355 4
356 10
357 2
358 14
359 9
360 3
361 35
362 152
363 42
364 66
365 15
366 27
367 51
368 45
369 4
370 30
371 326
372 4
373 4
374 8
375 17
376 121
377 24
378 4
379 5
380 8
381 17
382 2
383 86
384 13
385 44
386 13
387 42
388 4
389 200
390 5
391 875
392 134
393 182
394 26
395 78
396 35
397 24
398 7
399 32
400 1
401 6
402 8
403 61
404 6
405 133
406 4
407 4
408 5
409 4
410 21
411 5
412 13
413 4
414 4
415 13
416 23
417 9
418 12
419 4
420 5
421 37
422 37
423 9
424 9
425 5
426 9
427 20
428 110
429 14
430 13
431 7
432 8
433 4
434 7
435 14
436 3
437 20
438 15
439 31
440 22
441 2
442 7
443 11
444 46
445 7
446 9
447 4
448 6
449 0
450 4
451 16
452 8
453 3
454 13
455 4
456 9
457 9
458 24
459 1
460 35
461 14
462 13
463 0
464 2
465 1
466 4
467 0
468 2
469 27
470 13
471 13
472 27
473 21
474 21
475 2
476 2
477 4
478 6
479 4
480 21
481 76
482 134
483 24
484 16
485 219
486 91
487 11
488 50
489 146
490 11
491 474
492 4
493 100
494 9
495 9
496 9
497 9
498 110
499 30
500 7
501 100
502 55
503 11
504 27
505 172
506 34
507 18
508 2
509 11
510 13
511 0
512 4
513 27
514 4
515 49
516 107
517 4
518 18
519 10
520 10
521 6
522 10
523 4
524 32
525 3
526 3
527 3
528 18
529 9
530 106
531 74
532 4
533 22
534 9
535 4
536 5
537 7
538 4
539 60
540 10
541 30
542 28
543 34
544 14
545 15
546 12
547 90
548 129
549 106
550 53
551 53
552 53
553 106
554 106
555 333
556 150
557 4
558 4
559 2
560 9
561 2
562 44
563 44
564 13
565 18
566 107
567 88
568 150
569 133
570 35
571 106
572 106
573 88
574 222
575 38
576 43
577 94
578 231
579 52
580 50
581 5
582 3
583 11
584 9
585 22
586 9
587 5
588 13
589 6
590 5
591 173
592 13
593 33
594 18
595 5
596 19
597 7
598 19
599 11
600 43
601 4
602 66
603 5
604 49
605 4
606 13
607 44
608 65
609 65
610 2
611 88
612 68
613 20
614 9
615 8
616 9
617 13
618 7
619 7
620 13
621 9
622 7
623 11
624 11
625 9
626 9
627 8
628 12
629 0
630 8
631 24
632 28
633 42
634 14
635 7
636 9
637 194
638 26
639 43
640 11
641 182
642 36
643 134
644 9
645 100
646 55
647 146
648 46
649 13
650 73
651 1
652 1
653 1
654 0
655 0
656 13
657 22
658 4
659 13
660 31
661 22
662 4
663 6
664 3
665 3
666 3
667 32
668 12
669 3
670 1
671 0
672 0
673 0
674 0
675 3
676 24
677 4
678 14
679 127
680 109
681 6
682 146
683 63
684 51
;

param Ttarget := 
1 1 1000
2 1 1000
3 1 1000
4 1 1000
5 1 500
6 1 500
7 1 500
8 1 500
1 2 1000
2 2 1000
3 2 1000
4 2 1000
5 2 500
6 2 500
7 2 500
8 2 500
1 3 1000
2 3 1000
3 3 1000
4 3 1000
5 3 500
6 3 500
7 3 500
8 3 500
1 4 1000
2 4 1000
3 4 1000
4 4 1000
5 4 500
6 4 500
7 4 500
8 4 500
1 5 1000
2 5 1000
3 5 1000
4 5 1000
5 5 500
6 5 500
7 5 500
8 5 500
;

set Bannlisti := 
;
set Fixlisti := 
1 2 1 
2 2 1 
3 2 1 
4 2 1 
5 8 1 
6 2 1 
7 2 1 
8 2 1 
9 2 1 
10 2 1 
11 2 1 
12 2 1 
13 2 1 
14 3 1 
15 3 1 
16 3 1 
17 3 1 
18 3 1 
19 3 1 
20 3 1 
21 3 1 
22 3 1 
23 3 1 
24 3 1 
25 3 1 
26 3 1 
27 3 1 
28 3 1 
29 3 1 
30 3 1 
31 3 1 
32 3 1 
33 3 1 
34 3 1 
35 3 1 
36 3 1 
37 3 1 
38 3 1 
39 3 1 
40 3 1 
41 3 1 
42 3 1 
43 3 1 
44 3 1 
45 3 1 
46 3 1 
47 3 1 
48 3 1 
49 3 1 
50 3 1 
51 3 1 
52 3 1 
53 3 1 
54 3 1 
55 3 1 
56 3 1 
57 3 1 
58 3 1 
59 3 1 
60 3 1 
61 3 1 
62 3 1 
63 3 1 
64 3 1 
65 3 1 
66 3 1 
67 3 1 
68 3 1 
69 4 1 
70 4 1 
71 6 1 
72 6 1 
73 6 1 
74 6 1 
75 6 1 
76 6 1 
77 6 1 
78 6 1 
79 6 1 
80 6 1 
81 6 1 
82 6 1 
83 6 1 
84 6 1 
85 6 1 
86 6 1 
87 6 1 
88 6 1 
89 6 1 
90 6 1 
91 6 1 
92 6 1 
93 6 1 
94 6 1 
95 8 1 
96 5 1 
97 5 1 
98 8 1 
99 6 1 
100 6 1 
101 8 1 
102 8 1 
103 8 1 
104 8 1 
105 8 1 
106 7 1 
107 8 1 
108 8 1 
109 8 1 
110 8 1 
111 8 1 
112 7 1 
113 7 1 
114 8 1 
115 8 1 
116 8 1 
117 8 1 
118 8 1 
119 8 1 
120 8 1 
121 8 1 
122 8 1 
123 8 1 
124 8 1 
125 8 1 
126 8 1 
127 8 1 
128 8 1 
129 8 1 
130 7 1 
131 8 1 
132 7 1 
133 7 1 
134 7 1 
135 7 1 
136 7 1 
137 8 1 
138 8 1 
139 8 1 
140 8 1 
141 8 1 
142 8 1 
143 8 1 
144 8 1 
145 8 1 
146 8 1 
147 3 1 
148 3 1 
149 3 1 
150 3 1 
151 3 1 
152 3 1 
153 3 1 
154 3 1 
155 3 1 
156 7 1 
157 7 1 
158 8 1 
159 7 1 
160 8 1 
161 8 1 
162 8 1 
163 8 1 
164 8 1 
165 8 1 
166 8 1 
167 7 1 
168 7 1 
169 6 1 
170 6 1 
171 8 1 
172 5 1 
173 8 1 
174 8 1 
175 8 1 
176 8 1 
177 8 1 
178 8 1 
179 8 1 
180 8 1 
181 8 1 
182 8 1 
183 8 1 
184 8 1 
185 8 1 
186 8 1 
187 8 1 
188 8 1 
189 8 1 
190 8 1 
191 8 1 
192 8 1 
193 8 1 
194 8 1 
195 8 1 
196 8 1 
197 8 1 
198 8 1 
199 1 1 
200 1 1 
201 1 1 
202 1 1 
203 1 1 
204 1 1 
205 1 1 
206 1 1 
207 1 2 
208 1 2 
209 1 2 
210 1 2 
211 1 2 
212 1 2 
213 1 2 
214 1 2 
215 1 1 
216 1 1 
217 1 1 
218 1 1 
219 1 1 
220 1 1 
221 1 1 
222 1 1 
223 1 1 
224 1 1 
225 1 1 
226 1 1 
227 1 1 
228 1 1 
229 1 1 
230 1 1 
231 1 1 
232 1 1 
233 1 1 
234 1 1 
235 1 1 
236 1 1 
237 1 1 
238 1 1 
239 1 1 
240 1 1 
241 1 1 
242 1 1 
243 1 1 
244 1 1 
245 1 1 
246 1 1 
247 1 1 
248 2 2 
249 4 2 
250 4 2 
251 4 2 
252 4 2 
253 2 2 
254 8 2 
255 8 2 
256 8 2 
257 8 2 
258 8 2 
259 8 2 
260 8 2 
261 8 2 
262 8 2 
263 8 2 
264 8 2 
265 8 2 
266 8 2 
267 8 2 
268 8 2 
269 8 2 
270 8 2 
271 8 2 
272 8 2 
273 8 2 
274 8 2 
275 8 2 
276 8 2 
277 8 2 
278 8 2 
279 8 2 
280 8 2 
281 3 2 
282 3 2 
283 3 2 
284 3 2 
285 3 2 
286 3 2 
287 3 2 
288 3 2 
289 4 2 
290 4 2 
291 4 2 
292 4 2 
293 4 2 
294 4 2 
295 4 2 
296 4 2 
297 4 2 
298 4 2 
299 4 2 
300 4 2 
301 4 2 
302 4 2 
303 4 2 
304 4 2 
305 4 2 
306 4 2 
307 4 2 
308 4 2 
309 4 2 
310 4 2 
311 4 2 
312 4 2 
313 4 2 
314 5 2 
315 5 2 
316 5 2 
317 5 2 
318 5 2 
319 5 2 
320 5 2 
321 5 2 
322 5 2 
323 5 2 
324 5 2 
325 5 2 
326 5 2 
327 5 2 
328 5 2 
329 5 2 
330 8 2 
331 8 2 
332 8 2 
333 8 2 
334 8 2 
335 8 2 
336 8 2 
337 8 2 
338 8 2 
339 8 2 
340 7 2 
341 7 2 
342 7 2 
343 7 2 
344 7 2 
345 7 2 
346 7 2 
347 7 2 
348 7 2 
349 7 2 
350 7 2 
351 7 2 
352 7 2 
353 7 2 
354 7 2 
355 7 2 
356 7 2 
357 7 2 
358 7 2 
359 7 2 
360 7 2 
361 7 2 
362 7 2 
363 7 2 
364 7 2 
365 7 2 
366 7 2 
367 7 2 
368 7 2 
369 7 2 
370 7 2 
371 1 2 
372 7 2 
373 7 2 
374 7 2 
375 7 2 
376 7 2 
377 7 2 
378 7 2 
379 7 2 
380 7 2 
381 7 2 
382 7 2 
383 7 2 
384 7 2 
385 7 2 
386 7 2 
387 7 2 
388 7 2 
389 7 2 
390 7 2 
391 1 2 
392 1 2 
393 1 2 
394 1 2 
395 7 2 
396 7 2 
397 7 2 
398 7 2 
399 7 2 
400 7 2 
401 7 2 
402 8 2 
403 8 2 
404 7 2 
405 7 2 
406 7 2 
407 7 2 
408 7 2 
409 7 2 
410 7 2 
411 7 2 
412 7 2 
413 7 2 
414 7 2 
415 8 2 
416 7 2 
417 7 2 
418 7 2 
419 7 2 
420 7 2 
421 7 2 
422 7 2 
423 7 2 
424 7 2 
425 7 2 
426 7 2 
427 7 2 
428 7 2 
429 7 2 
430 7 2 
431 7 2 
432 7 2 
433 7 2 
434 7 2 
435 7 2 
436 8 2 
437 8 2 
438 8 2 
439 8 2 
440 8 2 
441 8 2 
442 8 2 
443 8 2 
444 7 2 
445 7 2 
446 7 2 
447 7 2 
448 7 2 
449 7 2 
450 7 2 
451 7 2 
452 7 2 
453 7 2 
454 8 2 
455 8 2 
456 8 2 
457 8 2 
458 8 2 
459 8 2 
460 8 2 
461 8 2 
462 8 2 
463 8 2 
464 8 2 
465 8 2 
466 8 2 
467 8 2 
468 8 2 
469 8 2 
470 8 2 
471 8 2 
472 8 2 
473 8 2 
474 8 2 
475 7 2 
476 7 2 
477 7 2 
478 7 2 
479 7 2 
480 8 2 
481 1 2 
482 1 2 
483 1 2 
484 1 2 
485 1 2 
486 1 2 
487 1 2 
488 1 2 
489 1 2 
490 1 2 
491 2 3 
492 8 3 
493 3 3 
494 3 3 
495 3 3 
496 3 3 
497 3 3 
498 3 3 
499 3 3 
500 3 3 
501 3 3 
502 3 3 
503 3 3 
504 3 3 
505 3 3 
506 3 3 
507 3 3 
508 8 3 
509 8 3 
510 8 3 
511 8 3 
512 8 3 
513 8 3 
514 8 3 
515 5 3 
516 5 3 
517 5 3 
518 5 3 
519 8 3 
520 8 3 
521 8 3 
522 8 2 
523 8 3 
524 5 3 
525 8 3 
526 8 3 
527 8 3 
528 6 3 
529 8 3 
530 6 3 
531 6 3 
532 6 3 
533 6 3 
534 6 3 
535 6 3 
536 6 3 
537 6 3 
538 6 3 
539 8 3 
540 8 3 
541 8 3 
542 8 3 
543 8 3 
544 8 3 
545 8 3 
546 8 3 
547 8 3 
548 6 3 
549 6 3 
550 6 3 
551 6 3 
552 6 3 
553 6 3 
554 6 3 
555 6 3 
556 6 3 
557 6 3 
558 6 3 
559 6 3 
560 6 3 
561 6 3 
562 6 3 
563 6 3 
564 6 3 
565 6 3 
566 6 3 
567 6 3 
568 6 3 
569 6 3 
570 6 3 
571 6 3 
572 6 3 
573 6 3 
574 6 3 
575 6 3 
576 6 3 
577 6 3 
578 6 3 
579 6 3 
580 6 3 
581 6 3 
582 7 3 
583 7 3 
584 6 3 
585 6 3 
586 6 3 
587 6 3 
588 6 3 
589 6 3 
590 8 3 
591 4 3 
592 8 3 
593 8 3 
594 8 3 
595 8 3 
596 8 3 
597 8 3 
598 8 3 
599 7 3 
600 6 3 
601 7 3 
602 5 3 
603 8 3 
604 8 3 
605 8 3 
606 8 3 
607 7 3 
608 8 3 
609 8 3 
610 8 3 
611 8 3 
612 8 3 
613 8 3 
614 8 3 
615 8 3 
616 8 3 
617 8 3 
618 8 3 
619 8 3 
620 8 3 
621 8 3 
622 8 3 
623 8 3 
624 8 3 
625 8 3 
626 8 3 
627 8 3 
628 8 3 
629 8 3 
630 8 3 
631 8 3 
632 8 3 
633 8 3 
634 8 3 
635 8 3 
636 3 3 
637 1 3 
638 1 3 
639 1 3 
640 1 3 
641 1 3 
642 1 3 
643 1 3 
644 1 3 
645 1 3 
646 1 3 
647 1 3 
648 1 3 
649 1 3 
650 1 3 
651 1 4 
652 2 4 
653 2 4 
654 2 4 
655 1 4 
656 1 4 
657 1 4 
658 5 4 
659 1 4 
660 3 4 
661 1 4 
662 5 4 
663 2 4 
664 2 4 
665 4 4 
666 8 4 
667 8 4 
668 8 4 
669 1 4 
670 8 4 
671 1 4 
672 2 4 
673 1 4 
674 1 4 
675 2 4 
676 6 4 
677 6 4 
678 3 4 
679 2 4 
680 2 4 
681 2 4 
682 2 4 
683 2 4 
684 2 4 
;
end;
