param S := 935;
param T := 8;
param D := 5;
param windowsize := 0;

param A := 
1 38
2 5
3 9
4 18
5 113
6 12
7 13
8 10
9 2
10 21
11 24
12 4
13 4
14 2
15 2
16 5
17 4
18 26
19 5
20 2
21 12
22 23
23 2
24 16
25 4
26 1
27 3
28 7
29 4
30 129
31 36
32 34
33 36
34 26
35 18
36 72
37 76
38 179
39 60
40 50
41 9
42 37
43 365
44 14
45 1
46 2
47 18
48 7
49 12
50 2
51 7
52 1
53 8
54 18
55 24
56 31
57 4
58 8
59 8
60 2
61 1
62 7
63 18
64 12
65 21
66 30
67 5
68 129
69 12
70 13
71 13
72 13
73 36
74 52
75 52
76 48
77 36
78 3
79 9
80 18
81 18
82 18
83 18
84 9
85 16
86 4
87 36
88 107
89 129
90 129
91 159
92 106
93 106
94 86
95 32
96 36
97 4
98 88
99 50
100 177
101 44
102 44
103 90
104 265
105 79
106 0
107 66
108 27
109 14
110 9
111 11
112 9
113 2
114 0
115 29
116 14
117 14
118 0
119 78
120 35
121 17
122 36
123 12
124 16
125 84
126 139
127 18
128 18
129 133
130 42
131 90
132 25
133 18
134 4
135 12
136 9
137 7
138 66
139 18
140 9
141 2
142 1
143 14
144 3
145 30
146 305
147 3
148 7
149 4
150 4
151 4
152 4
153 7
154 29
155 18
156 5
157 5
158 9
159 5
160 7
161 59
162 54
163 122
164 49
165 61
166 1
167 175
168 13
169 7
170 6
171 4
172 146
173 146
174 73
175 73
176 146
177 17
178 150
179 45
180 44
181 18
182 4
183 6
184 84
185 148
186 73
187 28
188 169
189 63
190 140
191 11
192 72
193 71
194 91
195 5
196 23
197 88
198 88
199 9
200 9
201 33
202 4
203 44
204 7
205 44
206 11
207 13
208 3
209 4
210 88
211 76
212 18
213 44
214 80
215 122
216 7
217 8
218 34
219 72
220 88
221 7
222 7
223 18
224 18
225 7
226 25
227 64
228 107
229 113
230 88
231 88
232 87
233 122
234 221
235 66
236 186
237 11
238 22
239 84
240 22
241 31
242 22
243 27
244 6
245 9
246 13
247 6
248 5
249 9
250 10
251 53
252 38
253 53
254 20
255 133
256 13
257 42
258 90
259 95
260 265
261 150
262 106
263 34
264 86
265 179
266 86
267 133
268 107
269 7
270 9
271 7
272 9
273 4
274 4
275 4
276 9
277 36
278 4
279 35
280 55
281 9
282 8
283 40
284 18
285 13
286 5
287 4
288 22
289 11
290 27
291 4
292 4
293 4
294 11
295 74
296 5
297 5
298 9
299 13
300 18
301 7
302 9
303 18
304 13
305 7
306 8
307 16
308 9
309 11
310 7
311 133
312 12
313 18
314 11
315 13
316 12
317 9
318 7
319 20
320 11
321 13
322 9
323 2
324 20
325 13
326 9
327 24
328 1
329 2
330 2
331 12
332 9
333 27
334 21
335 0
336 17
337 24
338 75
339 17
340 24
341 91
342 182
343 36
344 91
345 36
346 91
347 18
348 0
349 133
350 212
351 7
352 7
353 5
354 88
355 40
356 221
357 318
358 44
359 64
360 34
361 215
362 7
363 13
364 9
365 7
366 9
367 2
368 8
369 2
370 1
371 9
372 253
373 84
374 73
375 3
376 63
377 24
378 22
379 61
380 55
381 15
382 4
383 9
384 30
385 8
386 9
387 9
388 4
389 12
390 11
391 146
392 164
393 146
394 18
395 98
396 133
397 86
398 129
399 17
400 35
401 24
402 11
403 12
404 3
405 158
406 52
407 265
408 88
409 86
410 150
411 150
412 86
413 106
414 107
415 8
416 49
417 9
418 8
419 7
420 7
421 11
422 24
423 80
424 22
425 150
426 186
427 102
428 20
429 6
430 2
431 9
432 9
433 36
434 48
435 36
436 12
437 52
438 86
439 71
440 129
441 22
442 18
443 15
444 22
445 22
446 16
447 8
448 37
449 69
450 53
451 88
452 215
453 60
454 215
455 36
456 22
457 4
458 11
459 4
460 18
461 11
462 50
463 134
464 14
465 14
466 8
467 35
468 12
469 4
470 13
471 9
472 9
473 1
474 2
475 3
476 12
477 14
478 12
479 4
480 56
481 70
482 7
483 7
484 3
485 6
486 72
487 4
488 4
489 4
490 4
491 2
492 2
493 18
494 2
495 13
496 52
497 5
498 2
499 12
500 12
501 12
502 48
503 48
504 12
505 2
506 97
507 5
508 9
509 7
510 4
511 182
512 100
513 100
514 48
515 30
516 11
517 5
518 16
519 5
520 16
521 28
522 11
523 11
524 152
525 43
526 101
527 29
528 40
529 101
530 62
531 289
532 32
533 146
534 26
535 31
536 72
537 88
538 44
539 4
540 2
541 4
542 2
543 7
544 2
545 1
546 1
547 2
548 2
549 9
550 1
551 2
552 0
553 79
554 9
555 15
556 17
557 1
558 1
559 7
560 7
561 22
562 39
563 17
564 6
565 8
566 10
567 9
568 11
569 4
570 9
571 24
572 36
573 22
574 50
575 2
576 2
577 18
578 13
579 2
580 4
581 11
582 6
583 4
584 19
585 4
586 4
587 5
588 318
589 9
590 7
591 27
592 27
593 11
594 12
595 5
596 107
597 106
598 86
599 177
600 52
601 83
602 23
603 3
604 24
605 14
606 9
607 88
608 32
609 74
610 44
611 22
612 18
613 13
614 22
615 13
616 22
617 20
618 27
619 28
620 31
621 53
622 84
623 110
624 28
625 23
626 55
627 398
628 9
629 24
630 8
631 9
632 7
633 6
634 4
635 9
636 9
637 22
638 90
639 23
640 21
641 80
642 18
643 54
644 77
645 9
646 16
647 4
648 107
649 64
650 61
651 86
652 333
653 150
654 107
655 88
656 72
657 133
658 210
659 133
660 35
661 52
662 48
663 38
664 51
665 3
666 5
667 6
668 2
669 21
670 21
671 13
672 1
673 1
674 2
675 4
676 5
677 1
678 1
679 4
680 76
681 46
682 28
683 7
684 0
685 9
686 47
687 18
688 46
689 72
690 53
691 13
692 221
693 22
694 133
695 11
696 5
697 15
698 28
699 8
700 13
701 16
702 2
703 2
704 10
705 5
706 2
707 5
708 1
709 0
710 1
711 1
712 1
713 1
714 3
715 8
716 5
717 1
718 9
719 5
720 4
721 12
722 0
723 0
724 3
725 69
726 7
727 27
728 9
729 11
730 2
731 4
732 5
733 9
734 5
735 28
736 17
737 0
738 30
739 0
740 17
741 15
742 14
743 6
744 8
745 15
746 4
747 30
748 3
749 1
750 3
751 13
752 4
753 5
754 0
755 3
756 122
757 7
758 130
759 17
760 100
761 150
762 150
763 100
764 50
765 24
766 106
767 47
768 47
769 152
770 146
771 84
772 15
773 96
774 158
775 15
776 73
777 91
778 73
779 73
780 73
781 36
782 109
783 12
784 0
785 23
786 40
787 9
788 18
789 18
790 6
791 15
792 6
793 474
794 86
795 30
796 88
797 10
798 19
799 11
800 18
801 18
802 24
803 46
804 23
805 68
806 44
807 130
808 28
809 9
810 2
811 4
812 9
813 4
814 9
815 2
816 4
817 32
818 73
819 73
820 28
821 182
822 146
823 0
824 27
825 2
826 54
827 2
828 13
829 17
830 18
831 11
832 9
833 7
834 7
835 14
836 2
837 22
838 22
839 68
840 90
841 9
842 43
843 90
844 62
845 11
846 44
847 9
848 36
849 6
850 13
851 33
852 4
853 146
854 1
855 4
856 7
857 90
858 2
859 18
860 133
861 44
862 30
863 30
864 11
865 46
866 23
867 7
868 20
869 5
870 9
871 7
872 7
873 7
874 9
875 7
876 7
877 9
878 13
879 9
880 11
881 9
882 4
883 12
884 17
885 17
886 134
887 6
888 2
889 2
890 4
891 2
892 24
893 13
894 3
895 0
896 3
897 2
898 36
899 1
900 76
901 18
902 3
903 15
904 27
905 7
906 52
907 2
908 36
909 14
910 100
911 134
912 23
913 11
914 11
915 16
916 11
917 11
918 28
919 61
920 11
921 401
922 100
923 12
924 8
925 9
926 2
927 13
928 4
929 8
930 7
931 4
932 7
933 8
934 30
935 18
;

param Ttarget := 
1 1 1000
2 1 1000
3 1 1000
4 1 1000
5 1 500
6 1 500
7 1 500
8 1 500
1 2 1000
2 2 1000
3 2 1000
4 2 1000
5 2 500
6 2 500
7 2 500
8 2 500
1 3 1000
2 3 1000
3 3 1000
4 3 1000
5 3 500
6 3 500
7 3 500
8 3 500
1 4 1000
2 4 1000
3 4 1000
4 4 1000
5 4 500
6 4 500
7 4 500
8 4 500
1 5 1000
2 5 1000
3 5 1000
4 5 1000
5 5 500
6 5 500
7 5 500
8 5 500
;

set Bannlisti := 
;
set Fixlisti := 
1 1 1 
2 1 1 
3 1 1 
4 1 1 
5 1 1 
6 1 1 
7 2 1 
8 2 1 
9 2 1 
10 2 1 
11 2 1 
12 2 1 
13 8 1 
14 8 1 
15 8 1 
16 8 1 
17 8 1 
18 2 1 
19 2 1 
20 2 1 
21 2 1 
22 2 1 
23 8 1 
24 8 1 
25 8 1 
26 8 1 
27 8 1 
28 8 1 
29 8 1 
30 8 1 
31 8 1 
32 8 1 
33 8 1 
34 8 1 
35 8 1 
36 2 1 
37 2 1 
38 2 1 
39 2 1 
40 2 1 
41 2 1 
42 2 1 
43 2 1 
44 2 1 
45 8 1 
46 8 1 
47 8 1 
48 8 1 
49 8 1 
50 8 1 
51 8 1 
52 8 1 
53 8 1 
54 8 1 
55 3 1 
56 3 1 
57 8 1 
58 8 1 
59 8 1 
60 8 1 
61 8 1 
62 8 1 
63 8 1 
64 8 1 
65 8 1 
66 8 1 
67 8 1 
68 3 1 
69 3 1 
70 3 1 
71 3 1 
72 4 1 
73 4 1 
74 4 1 
75 4 1 
76 4 1 
77 4 1 
78 4 1 
79 2 1 
80 2 1 
81 2 1 
82 2 1 
83 2 1 
84 2 1 
85 2 1 
86 8 1 
87 4 1 
88 4 1 
89 4 1 
90 4 1 
91 4 1 
92 4 1 
93 4 1 
94 4 1 
95 4 1 
96 4 1 
97 4 1 
98 5 1 
99 5 1 
100 5 1 
101 5 1 
102 5 1 
103 5 1 
104 5 1 
105 5 1 
106 5 1 
107 5 1 
108 5 1 
109 5 1 
110 5 1 
111 5 1 
112 5 1 
113 5 1 
114 5 1 
115 5 1 
116 5 1 
117 5 1 
118 8 1 
119 7 1 
120 7 1 
121 7 1 
122 7 1 
123 7 1 
124 7 1 
125 7 1 
126 7 1 
127 7 1 
128 7 1 
129 7 1 
130 7 1 
131 7 1 
132 7 1 
133 7 1 
134 7 1 
135 5 1 
136 5 1 
137 8 1 
138 8 1 
139 8 1 
140 8 1 
141 7 1 
142 7 1 
143 7 1 
144 7 1 
145 8 1 
146 8 1 
147 7 1 
148 7 1 
149 7 1 
150 7 1 
151 7 1 
152 7 1 
153 7 1 
154 7 1 
155 7 1 
156 7 1 
157 7 1 
158 7 1 
159 7 1 
160 7 1 
161 8 1 
162 8 1 
163 8 1 
164 8 1 
165 1 1 
166 8 1 
167 3 1 
168 3 1 
169 3 1 
170 3 1 
171 1 1 
172 1 1 
173 1 1 
174 1 1 
175 1 1 
176 1 1 
177 1 1 
178 1 1 
179 1 2 
180 1 2 
181 1 2 
182 1 2 
183 1 2 
184 2 2 
185 2 2 
186 2 2 
187 2 2 
188 2 2 
189 2 2 
190 2 2 
191 3 2 
192 3 2 
193 3 2 
194 3 2 
195 3 2 
196 3 2 
197 3 2 
198 3 2 
199 3 2 
200 3 2 
201 3 2 
202 3 2 
203 3 2 
204 3 2 
205 3 2 
206 3 2 
207 3 2 
208 3 2 
209 3 2 
210 3 2 
211 3 2 
212 3 2 
213 3 2 
214 3 2 
215 3 2 
216 3 2 
217 3 2 
218 3 2 
219 3 2 
220 3 2 
221 3 2 
222 3 2 
223 3 2 
224 3 2 
225 3 2 
226 3 2 
227 3 2 
228 3 2 
229 3 2 
230 3 2 
231 3 2 
232 3 2 
233 3 2 
234 3 2 
235 3 2 
236 3 2 
237 8 2 
238 8 2 
239 6 2 
240 6 2 
241 6 2 
242 6 2 
243 6 2 
244 6 2 
245 6 2 
246 6 2 
247 6 2 
248 6 2 
249 6 2 
250 6 2 
251 6 2 
252 6 2 
253 6 2 
254 6 2 
255 6 2 
256 6 2 
257 6 2 
258 6 2 
259 6 2 
260 6 2 
261 6 2 
262 6 2 
263 6 2 
264 6 2 
265 6 2 
266 6 2 
267 6 2 
268 6 2 
269 8 2 
270 8 2 
271 8 2 
272 8 2 
273 8 2 
274 8 2 
275 8 2 
276 8 2 
277 8 2 
278 8 2 
279 8 2 
280 8 2 
281 7 2 
282 7 2 
283 7 2 
284 7 2 
285 7 2 
286 7 2 
287 8 2 
288 8 2 
289 5 2 
290 8 2 
291 8 2 
292 8 2 
293 8 2 
294 8 2 
295 1 2 
296 5 2 
297 3 2 
298 8 2 
299 8 2 
300 8 2 
301 8 2 
302 8 2 
303 8 2 
304 8 2 
305 8 2 
306 8 2 
307 8 2 
308 8 2 
309 8 2 
310 8 2 
311 8 2 
312 8 2 
313 8 2 
314 8 2 
315 8 2 
316 8 2 
317 8 2 
318 8 2 
319 8 2 
320 8 2 
321 8 2 
322 8 2 
323 8 2 
324 8 2 
325 8 2 
326 8 2 
327 8 2 
328 8 2 
329 8 2 
330 8 2 
331 8 2 
332 8 2 
333 8 2 
334 8 2 
335 1 3 
336 1 3 
337 1 3 
338 1 3 
339 1 3 
340 1 3 
341 1 3 
342 1 3 
343 1 3 
344 1 3 
345 1 3 
346 1 3 
347 1 3 
348 1 3 
349 1 3 
350 1 3 
351 1 3 
352 1 3 
353 1 3 
354 1 3 
355 1 3 
356 1 3 
357 1 3 
358 1 3 
359 1 3 
360 1 3 
361 1 3 
362 1 3 
363 8 3 
364 8 3 
365 8 3 
366 8 3 
367 8 3 
368 8 3 
369 8 3 
370 8 3 
371 1 3 
372 2 3 
373 2 3 
374 2 3 
375 2 3 
376 2 3 
377 8 3 
378 8 3 
379 8 3 
380 8 3 
381 8 3 
382 8 3 
383 8 3 
384 8 3 
385 8 3 
386 8 3 
387 8 3 
388 8 3 
389 8 3 
390 8 3 
391 2 3 
392 2 3 
393 2 3 
394 2 3 
395 3 3 
396 3 3 
397 3 3 
398 3 3 
399 3 3 
400 3 3 
401 3 3 
402 3 3 
403 3 3 
404 3 3 
405 3 3 
406 3 3 
407 3 3 
408 3 3 
409 3 3 
410 3 3 
411 3 3 
412 3 3 
413 3 3 
414 3 3 
415 3 3 
416 3 3 
417 3 3 
418 3 3 
419 3 3 
420 3 3 
421 3 3 
422 3 3 
423 3 3 
424 3 3 
425 3 3 
426 3 3 
427 3 3 
428 3 3 
429 4 3 
430 4 3 
431 4 3 
432 4 3 
433 4 3 
434 4 3 
435 4 3 
436 4 3 
437 4 3 
438 4 3 
439 4 3 
440 4 3 
441 4 3 
442 4 3 
443 4 3 
444 4 3 
445 4 3 
446 4 3 
447 3 3 
448 3 3 
449 5 3 
450 5 3 
451 5 3 
452 5 3 
453 5 3 
454 5 3 
455 5 3 
456 5 3 
457 5 3 
458 5 3 
459 5 3 
460 5 3 
461 5 3 
462 5 3 
463 1 3 
464 7 3 
465 7 3 
466 5 3 
467 5 3 
468 5 3 
469 8 3 
470 8 3 
471 8 3 
472 8 3 
473 8 3 
474 8 3 
475 8 3 
476 8 3 
477 8 3 
478 8 3 
479 8 3 
480 8 3 
481 8 3 
482 8 3 
483 8 3 
484 8 3 
485 8 3 
486 7 3 
487 7 3 
488 7 3 
489 7 3 
490 7 3 
491 7 3 
492 7 3 
493 7 3 
494 7 3 
495 8 3 
496 7 3 
497 8 3 
498 8 3 
499 3 3 
500 3 3 
501 3 3 
502 3 3 
503 3 3 
504 3 3 
505 3 3 
506 8 3 
507 8 3 
508 7 3 
509 7 3 
510 8 3 
511 1 4 
512 1 3 
513 1 3 
514 1 3 
515 8 4 
516 1 3 
517 1 3 
518 1 3 
519 1 3 
520 1 3 
521 1 3 
522 1 3 
523 1 3 
524 1 3 
525 1 3 
526 1 3 
527 1 3 
528 1 3 
529 1 3 
530 1 3 
531 1 4 
532 4 4 
533 4 4 
534 2 4 
535 2 4 
536 2 4 
537 2 4 
538 2 4 
539 2 4 
540 2 4 
541 2 4 
542 6 4 
543 1 4 
544 1 4 
545 7 4 
546 1 4 
547 8 4 
548 1 4 
549 1 4 
550 1 4 
551 1 4 
552 1 4 
553 1 4 
554 1 4 
555 1 4 
556 1 4 
557 8 4 
558 8 4 
559 8 4 
560 8 4 
561 8 4 
562 8 4 
563 8 4 
564 8 4 
565 8 4 
566 8 4 
567 8 4 
568 8 4 
569 8 4 
570 8 4 
571 8 4 
572 8 4 
573 8 4 
574 8 4 
575 8 4 
576 8 4 
577 8 4 
578 8 4 
579 8 4 
580 8 4 
581 8 4 
582 8 4 
583 8 4 
584 8 4 
585 8 4 
586 8 4 
587 8 4 
588 1 4 
589 3 4 
590 3 4 
591 3 4 
592 3 4 
593 3 4 
594 3 4 
595 3 4 
596 3 4 
597 3 4 
598 3 4 
599 3 4 
600 3 4 
601 3 4 
602 3 4 
603 3 4 
604 3 4 
605 3 4 
606 3 4 
607 5 4 
608 3 4 
609 3 4 
610 3 4 
611 3 4 
612 3 4 
613 3 4 
614 3 4 
615 3 4 
616 3 4 
617 3 4 
618 6 4 
619 6 4 
620 6 4 
621 6 4 
622 6 4 
623 6 4 
624 6 4 
625 6 4 
626 6 4 
627 6 4 
628 6 4 
629 6 4 
630 6 4 
631 6 4 
632 6 4 
633 6 4 
634 6 4 
635 6 4 
636 6 4 
637 6 4 
638 6 4 
639 6 4 
640 6 4 
641 6 4 
642 6 4 
643 6 4 
644 6 4 
645 6 4 
646 6 4 
647 6 4 
648 8 4 
649 6 4 
650 6 4 
651 6 4 
652 6 4 
653 6 4 
654 6 4 
655 6 4 
656 6 4 
657 6 4 
658 6 4 
659 8 4 
660 7 4 
661 7 4 
662 7 4 
663 7 4 
664 7 4 
665 7 4 
666 8 4 
667 8 4 
668 8 4 
669 8 4 
670 8 4 
671 8 4 
672 7 4 
673 7 4 
674 7 4 
675 7 4 
676 7 4 
677 7 4 
678 7 4 
679 7 4 
680 7 4 
681 7 4 
682 7 4 
683 7 4 
684 7 4 
685 7 4 
686 7 4 
687 7 4 
688 7 4 
689 7 4 
690 7 4 
691 7 4 
692 7 4 
693 7 4 
694 7 4 
695 7 4 
696 7 4 
697 7 4 
698 7 4 
699 7 4 
700 7 4 
701 7 4 
702 7 4 
703 7 4 
704 7 4 
705 7 4 
706 7 4 
707 7 4 
708 7 4 
709 7 4 
710 7 4 
711 7 4 
712 7 4 
713 7 4 
714 7 4 
715 7 4 
716 7 4 
717 7 4 
718 6 4 
719 6 4 
720 6 4 
721 7 4 
722 7 4 
723 7 4 
724 7 4 
725 7 4 
726 8 4 
727 8 4 
728 8 4 
729 7 4 
730 7 4 
731 7 4 
732 7 4 
733 7 4 
734 7 4 
735 7 4 
736 7 4 
737 7 4 
738 7 4 
739 7 4 
740 7 4 
741 7 4 
742 7 4 
743 7 4 
744 7 4 
745 7 4 
746 7 4 
747 7 4 
748 7 4 
749 7 4 
750 7 4 
751 7 4 
752 7 4 
753 7 4 
754 7 4 
755 7 4 
756 1 4 
757 8 4 
758 6 4 
759 1 -26 
760 1 -26 
761 1 -26 
762 1 -26 
763 1 -26 
764 1 -26 
765 1 -26 
766 1 4 
767 1 4 
768 1 4 
769 1 4 
770 1 4 
771 1 4 
772 1 4 
773 1 4 
774 1 4 
775 1 4 
776 1 4 
777 1 4 
778 1 4 
779 1 4 
780 1 4 
781 1 4 
782 1 4 
783 1 4 
784 1 4 
785 1 4 
786 8 -26 
787 8 -26 
788 8 -26 
789 8 -26 
790 8 -26 
791 8 -26 
792 2 -26 
793 2 -26 
794 8 -26 
795 8 -26 
796 8 -26 
797 8 -26 
798 8 -26 
799 8 -26 
800 8 -26 
801 2 -26 
802 2 -26 
803 2 -26 
804 2 -26 
805 2 -26 
806 2 -26 
807 2 -26 
808 2 -26 
809 8 -26 
810 8 -26 
811 8 -26 
812 8 -26 
813 8 -26 
814 8 -26 
815 8 -26 
816 8 -26 
817 2 -26 
818 2 -26 
819 2 -26 
820 2 -26 
821 2 -26 
822 2 -26 
823 1 -26 
824 1 -26 
825 3 -26 
826 3 -26 
827 6 -26 
828 6 -26 
829 8 -26 
830 5 -26 
831 5 -26 
832 5 -26 
833 5 -26 
834 5 -26 
835 5 -26 
836 5 -26 
837 5 -26 
838 5 -26 
839 5 -26 
840 5 -26 
841 5 -26 
842 5 -26 
843 5 -26 
844 5 -26 
845 5 -26 
846 5 -26 
847 5 -26 
848 8 -26 
849 8 -26 
850 8 -26 
851 8 -26 
852 8 -26 
853 8 -26 
854 8 -26 
855 8 -26 
856 8 -26 
857 5 -26 
858 8 -26 
859 5 -26 
860 5 -26 
861 5 -26 
862 7 -26 
863 7 -26 
864 7 -26 
865 7 -26 
866 7 -26 
867 8 -26 
868 8 -26 
869 8 -26 
870 8 -26 
871 8 -26 
872 8 -26 
873 8 -26 
874 8 -26 
875 8 -26 
876 8 -26 
877 8 -26 
878 8 -26 
879 8 -26 
880 8 -26 
881 8 -26 
882 8 -26 
883 8 -26 
884 8 -26 
885 8 -26 
886 8 -26 
887 8 -26 
888 8 -26 
889 8 -26 
890 8 -26 
891 8 -26 
892 8 -26 
893 8 -26 
894 8 -26 
895 8 -26 
896 8 -26 
897 8 -26 
898 8 -26 
899 8 -26 
900 1 -26 
901 1 -26 
902 1 -26 
903 1 -26 
904 1 -26 
905 1 -26 
906 1 -26 
907 1 -26 
908 1 -26 
909 1 -26 
910 1 -26 
911 1 -26 
912 1 -26 
913 1 -26 
914 1 -26 
915 1 -26 
916 1 -26 
917 1 -26 
918 1 -26 
919 1 -26 
920 1 -26 
921 1 -26 
922 1 -26 
923 1 -26 
924 1 -26 
925 1 -26 
926 1 -26 
927 1 -26 
928 8 -26 
929 8 -26 
930 8 -26 
931 8 -26 
932 8 -26 
933 8 -26 
934 8 -26 
935 8 -26 
;
end;
