param S := 593;
param T := 8;
param D := 5;
param windowsize := 0;

param A := 
1 169
2 255
3 63
4 47
5 62
6 52
7 221
8 53
9 107
10 92
11 51
12 265
13 110
14 106
15 86
16 106
17 86
18 265
19 75
20 72
21 11
22 66
23 11
24 5
25 121
26 6
27 6
28 36
29 6
30 6
31 5
32 5
33 5
34 0
35 66
36 2
37 2
38 4
39 127
40 40
41 66
42 27
43 40
44 60
45 24
46 6
47 2
48 42
49 14
50 0
51 24
52 2
53 3
54 0
55 12
56 9
57 12
58 73
59 73
60 22
61 18
62 9
63 32
64 4
65 11
66 7
67 5
68 9
69 27
70 11
71 1
72 21
73 2
74 4
75 4
76 9
77 27
78 7
79 0
80 0
81 0
82 0
83 0
84 1
85 73
86 55
87 24
88 109
89 50
90 17
91 61
92 56
93 73
94 43
95 14
96 48
97 81
98 158
99 26
100 5
101 47
102 425
103 72
104 179
105 31
106 4
107 3
108 27
109 13
110 9
111 13
112 13
113 11
114 13
115 7
116 253
117 197
118 363
119 79
120 18
121 24
122 2
123 15
124 4
125 2
126 65
127 146
128 107
129 265
130 212
131 80
132 106
133 141
134 115
135 177
136 14
137 12
138 9
139 18
140 8
141 11
142 27
143 13
144 22
145 2
146 33
147 150
148 86
149 107
150 215
151 716
152 250
153 13
154 25
155 36
156 8
157 18
158 107
159 221
160 106
161 177
162 177
163 88
164 12
165 43
166 8
167 4
168 26
169 12
170 1
171 12
172 12
173 52
174 52
175 9
176 48
177 12
178 17
179 24
180 1
181 4
182 5
183 22
184 18
185 7
186 16
187 265
188 212
189 86
190 41
191 4
192 4
193 2
194 13
195 11
196 13
197 11
198 13
199 21
200 5
201 5
202 1
203 13
204 13
205 2
206 11
207 9
208 4
209 13
210 27
211 11
212 11
213 11
214 13
215 13
216 7
217 15
218 265
219 66
220 90
221 22
222 18
223 4
224 28
225 7
226 22
227 6
228 9
229 22
230 4
231 32
232 44
233 40
234 68
235 215
236 9
237 72
238 43
239 102
240 179
241 36
242 0
243 7
244 4
245 4
246 7
247 41
248 88
249 13
250 22
251 9
252 4
253 2
254 2
255 4
256 36
257 8
258 1
259 6
260 2
261 7
262 12
263 12
264 3
265 28
266 42
267 36
268 88
269 53
270 53
271 49
272 9
273 18
274 9
275 7
276 10
277 9
278 2
279 2
280 2
281 13
282 11
283 6
284 11
285 28
286 12
287 12
288 12
289 48
290 48
291 12
292 4
293 4
294 14
295 7
296 8
297 7
298 9
299 2
300 2
301 1
302 27
303 12
304 13
305 5
306 9
307 17
308 3
309 76
310 274
311 44
312 20
313 13
314 7
315 9
316 5
317 7
318 6
319 20
320 18
321 76
322 9
323 84
324 19
325 13
326 0
327 28
328 16
329 52
330 7
331 32
332 11
333 30
334 7
335 12
336 2
337 3
338 1
339 16
340 3
341 1
342 1
343 11
344 44
345 19
346 26
347 65
348 47
349 126
350 210
351 28
352 37
353 168
354 146
355 150
356 14
357 0
358 61
359 429
360 101
361 38
362 84
363 51
364 9
365 9
366 17
367 18
368 8
369 9
370 28
371 18
372 18
373 5
374 212
375 11
376 124
377 265
378 95
379 9
380 9
381 9
382 0
383 6
384 36
385 16
386 38
387 12
388 94
389 194
390 179
391 162
392 20
393 320
394 222
395 110
396 219
397 222
398 314
399 38
400 5
401 9
402 6
403 6
404 9
405 33
406 12
407 9
408 4
409 22
410 2
411 3
412 72
413 6
414 133
415 86
416 265
417 110
418 90
419 18
420 11
421 4
422 5
423 10
424 26
425 8
426 3
427 152
428 83
429 37
430 55
431 44
432 27
433 54
434 55
435 36
436 22
437 55
438 27
439 40
440 44
441 18
442 44
443 36
444 4
445 22
446 22
447 4
448 4
449 6
450 20
451 4
452 90
453 110
454 107
455 133
456 133
457 35
458 12
459 0
460 0
461 5
462 8
463 21
464 3
465 3
466 4
467 80
468 0
469 18
470 9
471 9
472 5
473 4
474 13
475 9
476 9
477 9
478 27
479 8
480 4
481 18
482 56
483 4
484 4
485 36
486 24
487 24
488 24
489 9
490 7
491 133
492 7
493 11
494 22
495 17
496 9
497 12
498 8
499 9
500 3
501 7
502 7
503 106
504 16
505 40
506 8
507 18
508 9
509 15
510 44
511 2
512 2
513 54
514 54
515 47
516 15
517 3
518 5
519 3
520 2
521 1
522 7
523 4
524 2
525 2
526 1
527 1
528 46
529 106
530 0
531 33
532 80
533 13
534 27
535 13
536 53
537 75
538 91
539 50
540 109
541 73
542 25
543 134
544 52
545 2
546 5
547 0
548 0
549 1
550 492
551 2
552 86
553 158
554 107
555 7
556 4
557 474
558 4
559 6
560 18
561 18
562 18
563 7
564 12
565 7
566 12
567 2
568 2
569 18
570 4
571 2
572 18
573 7
574 61
575 2
576 2
577 9
578 4
579 652
580 9
581 75
582 109
583 46
584 46
585 52
586 152
587 101
588 204
589 61
590 42
591 47
592 80
593 2
;

param Ttarget := 
1 1 1000
2 1 1000
3 1 1000
4 1 1000
5 1 500
6 1 500
7 1 500
8 1 500
1 2 1000
2 2 1000
3 2 1000
4 2 1000
5 2 500
6 2 500
7 2 500
8 2 500
1 3 1000
2 3 1000
3 3 1000
4 3 1000
5 3 500
6 3 500
7 3 500
8 3 500
1 4 1000
2 4 1000
3 4 1000
4 4 1000
5 4 500
6 4 500
7 4 500
8 4 500
1 5 1000
2 5 1000
3 5 1000
4 5 1000
5 5 500
6 5 500
7 5 500
8 5 500
;

set Bannlisti := 
;
set Fixlisti := 
1 2 1 
2 2 1 
3 2 1 
4 6 1 
5 6 1 
6 6 1 
7 6 1 
8 6 1 
9 6 1 
10 6 1 
11 6 1 
12 6 1 
13 6 1 
14 6 1 
15 6 1 
16 6 1 
17 6 1 
18 6 1 
19 6 1 
20 6 1 
21 6 1 
22 6 1 
23 6 1 
24 6 1 
25 6 1 
26 6 1 
27 6 1 
28 6 1 
29 6 1 
30 6 1 
31 6 1 
32 6 1 
33 6 1 
34 6 1 
35 8 1 
36 7 1 
37 8 1 
38 7 1 
39 8 1 
40 7 1 
41 7 1 
42 7 1 
43 7 1 
44 7 1 
45 7 1 
46 8 1 
47 7 1 
48 7 1 
49 4 1 
50 4 1 
51 8 1 
52 8 1 
53 8 1 
54 8 1 
55 8 1 
56 8 1 
57 8 1 
58 8 1 
59 8 1 
60 8 1 
61 8 1 
62 8 1 
63 8 1 
64 8 1 
65 8 1 
66 8 1 
67 8 1 
68 3 1 
69 3 1 
70 7 1 
71 7 1 
72 3 1 
73 1 1 
74 8 1 
75 7 1 
76 7 1 
77 1 1 
78 3 1 
79 8 1 
80 8 1 
81 1 1 
82 2 1 
83 1 1 
84 2 1 
85 1 1 
86 1 1 
87 1 1 
88 1 1 
89 1 1 
90 1 1 
91 1 1 
92 1 1 
93 1 1 
94 1 1 
95 1 1 
96 1 1 
97 1 1 
98 1 1 
99 2 2 
100 2 2 
101 2 2 
102 8 2 
103 2 2 
104 2 2 
105 2 2 
106 2 2 
107 2 2 
108 8 2 
109 8 2 
110 8 2 
111 8 2 
112 8 2 
113 8 2 
114 8 2 
115 8 2 
116 2 2 
117 2 2 
118 2 2 
119 2 2 
120 3 2 
121 3 2 
122 3 2 
123 3 2 
124 3 2 
125 3 2 
126 3 2 
127 3 2 
128 3 2 
129 3 2 
130 3 2 
131 3 2 
132 3 2 
133 3 2 
134 3 2 
135 3 2 
136 3 2 
137 3 2 
138 3 2 
139 3 2 
140 3 2 
141 3 2 
142 3 2 
143 3 2 
144 3 2 
145 3 2 
146 8 2 
147 3 2 
148 3 2 
149 3 2 
150 3 2 
151 3 2 
152 3 2 
153 3 2 
154 3 2 
155 3 2 
156 3 2 
157 3 2 
158 3 2 
159 3 2 
160 3 2 
161 3 2 
162 3 2 
163 3 2 
164 3 2 
165 3 2 
166 3 2 
167 3 2 
168 3 2 
169 3 2 
170 3 2 
171 4 2 
172 4 2 
173 4 2 
174 4 2 
175 4 2 
176 4 2 
177 4 2 
178 4 2 
179 4 2 
180 4 2 
181 3 2 
182 3 2 
183 4 2 
184 4 2 
185 4 2 
186 4 2 
187 4 2 
188 4 2 
189 4 2 
190 3 2 
191 3 2 
192 3 2 
193 2 2 
194 8 2 
195 8 2 
196 8 2 
197 3 2 
198 3 2 
199 3 2 
200 3 2 
201 3 2 
202 3 2 
203 3 2 
204 3 2 
205 3 2 
206 3 2 
207 2 2 
208 2 2 
209 2 2 
210 8 2 
211 8 2 
212 8 2 
213 8 2 
214 8 2 
215 8 2 
216 8 2 
217 8 2 
218 5 2 
219 5 2 
220 5 2 
221 5 2 
222 5 2 
223 5 2 
224 5 2 
225 5 2 
226 5 2 
227 5 2 
228 5 2 
229 5 2 
230 5 2 
231 5 2 
232 5 2 
233 5 2 
234 5 2 
235 5 2 
236 5 2 
237 5 2 
238 5 2 
239 5 2 
240 5 2 
241 5 2 
242 5 2 
243 5 2 
244 5 2 
245 5 2 
246 5 2 
247 5 2 
248 5 2 
249 5 2 
250 5 2 
251 5 2 
252 8 2 
253 8 2 
254 8 2 
255 8 2 
256 8 2 
257 8 2 
258 8 2 
259 8 2 
260 8 2 
261 8 2 
262 8 2 
263 8 2 
264 8 2 
265 8 2 
266 8 2 
267 5 2 
268 5 2 
269 5 2 
270 5 2 
271 5 2 
272 5 2 
273 5 2 
274 8 2 
275 8 2 
276 8 2 
277 8 2 
278 8 2 
279 8 2 
280 8 2 
281 8 2 
282 8 2 
283 8 2 
284 8 2 
285 8 2 
286 3 2 
287 3 2 
288 3 2 
289 3 2 
290 3 2 
291 3 2 
292 3 2 
293 3 2 
294 8 2 
295 8 2 
296 8 2 
297 8 2 
298 8 2 
299 8 2 
300 8 2 
301 8 2 
302 8 2 
303 8 2 
304 8 2 
305 8 2 
306 8 2 
307 7 2 
308 7 2 
309 7 2 
310 7 2 
311 8 2 
312 8 2 
313 8 2 
314 8 2 
315 8 2 
316 8 2 
317 8 2 
318 8 2 
319 7 2 
320 7 2 
321 7 2 
322 7 2 
323 7 2 
324 7 2 
325 7 2 
326 7 2 
327 7 2 
328 8 2 
329 8 2 
330 8 2 
331 7 2 
332 7 2 
333 7 2 
334 7 2 
335 7 2 
336 7 2 
337 7 2 
338 7 2 
339 7 2 
340 7 2 
341 7 2 
342 7 2 
343 8 2 
344 7 2 
345 7 2 
346 7 2 
347 1 2 
348 1 2 
349 1 2 
350 1 2 
351 1 2 
352 1 2 
353 1 2 
354 1 3 
355 1 3 
356 1 3 
357 1 3 
358 1 3 
359 1 3 
360 1 3 
361 1 3 
362 1 3 
363 1 3 
364 1 3 
365 1 3 
366 1 3 
367 1 3 
368 1 3 
369 1 3 
370 1 3 
371 1 3 
372 1 3 
373 1 3 
374 1 3 
375 1 3 
376 1 3 
377 1 3 
378 1 3 
379 1 3 
380 1 3 
381 1 3 
382 4 3 
383 4 3 
384 4 3 
385 2 3 
386 4 3 
387 8 3 
388 8 3 
389 8 3 
390 6 3 
391 6 3 
392 6 3 
393 6 3 
394 6 3 
395 6 3 
396 6 3 
397 6 3 
398 6 3 
399 6 3 
400 6 3 
401 6 3 
402 6 3 
403 6 3 
404 6 3 
405 6 3 
406 6 3 
407 6 3 
408 6 3 
409 6 3 
410 6 3 
411 6 3 
412 6 3 
413 6 3 
414 6 3 
415 6 3 
416 6 3 
417 6 3 
418 6 3 
419 7 3 
420 7 3 
421 7 3 
422 7 3 
423 7 3 
424 7 3 
425 7 3 
426 7 3 
427 7 3 
428 7 3 
429 7 3 
430 7 3 
431 7 3 
432 7 3 
433 7 3 
434 7 3 
435 7 3 
436 7 3 
437 7 3 
438 7 3 
439 7 3 
440 7 3 
441 7 3 
442 7 3 
443 7 3 
444 7 3 
445 7 3 
446 7 3 
447 8 3 
448 8 3 
449 8 3 
450 7 3 
451 7 3 
452 7 3 
453 7 3 
454 7 3 
455 7 3 
456 7 3 
457 7 3 
458 7 3 
459 7 3 
460 7 3 
461 7 3 
462 8 3 
463 8 3 
464 8 3 
465 8 3 
466 8 3 
467 7 3 
468 7 3 
469 7 3 
470 7 3 
471 7 3 
472 7 3 
473 7 3 
474 7 3 
475 7 3 
476 7 3 
477 7 3 
478 7 3 
479 7 3 
480 7 3 
481 7 3 
482 7 3 
483 7 3 
484 7 3 
485 8 3 
486 8 3 
487 8 3 
488 8 3 
489 8 3 
490 8 3 
491 8 3 
492 8 3 
493 8 3 
494 7 3 
495 8 3 
496 8 3 
497 8 3 
498 8 3 
499 8 3 
500 8 3 
501 8 3 
502 8 3 
503 7 3 
504 8 3 
505 8 3 
506 8 3 
507 8 3 
508 8 3 
509 8 3 
510 8 3 
511 8 3 
512 8 3 
513 8 3 
514 8 3 
515 8 3 
516 8 3 
517 8 3 
518 8 3 
519 8 3 
520 8 3 
521 8 3 
522 8 3 
523 8 3 
524 8 3 
525 7 3 
526 8 3 
527 8 3 
528 8 3 
529 8 3 
530 8 3 
531 8 3 
532 8 3 
533 8 3 
534 8 3 
535 8 3 
536 8 3 
537 1 3 
538 1 3 
539 1 3 
540 1 3 
541 1 3 
542 1 3 
543 1 3 
544 1 3 
545 6 4 
546 8 4 
547 8 4 
548 8 4 
549 2 4 
550 2 4 
551 8 4 
552 8 4 
553 8 4 
554 8 4 
555 8 4 
556 8 4 
557 2 4 
558 8 4 
559 8 4 
560 8 4 
561 8 4 
562 8 4 
563 8 4 
564 8 4 
565 8 4 
566 8 4 
567 8 4 
568 8 4 
569 8 4 
570 8 4 
571 8 4 
572 8 4 
573 8 4 
574 8 4 
575 8 4 
576 8 4 
577 5 4 
578 8 4 
579 1 4 
580 1 4 
581 1 4 
582 1 4 
583 1 4 
584 1 4 
585 1 4 
586 1 4 
587 1 4 
588 1 4 
589 1 4 
590 1 4 
591 1 4 
592 1 4 
593 1 4 
;
end;
