param S := 645;
param T := 8;
param D := 5;
param windowsize := 0;

param A := 
1 219
2 96
3 238
4 11
5 55
6 124
7 64
8 64
9 18
10 8
11 22
12 8
13 9
14 46
15 92
16 13
17 9
18 9
19 7
20 8
21 146
22 219
23 9
24 55
25 36
26 7
27 44
28 9
29 106
30 104
31 212
32 80
33 86
34 150
35 98
36 179
37 177
38 133
39 71
40 111
41 34
42 11
43 9
44 2
45 0
46 9
47 7
48 4
49 88
50 125
51 9
52 9
53 2
54 4
55 9
56 0
57 15
58 15
59 5
60 36
61 12
62 10
63 5
64 10
65 44
66 129
67 129
68 30
69 36
70 30
71 4
72 24
73 17
74 97
75 12
76 24
77 24
78 60
79 52
80 9
81 48
82 95
83 27
84 14
85 40
86 43
87 9
88 11
89 0
90 119
91 50
92 66
93 203
94 8
95 90
96 59
97 66
98 9
99 44
100 42
101 0
102 78
103 35
104 49
105 28
106 7
107 7
108 35
109 25
110 4
111 4
112 5
113 8
114 9
115 9
116 18
117 12
118 46
119 83
120 23
121 15
122 38
123 185
124 72
125 29
126 2
127 88
128 53
129 13
130 9
131 9
132 18
133 1
134 15
135 42
136 6
137 4
138 3
139 2
140 32
141 88
142 129
143 13
144 9
145 9
146 4
147 7
148 125
149 22
150 2
151 22
152 7
153 9
154 4
155 4
156 9
157 2
158 61
159 31
160 13
161 4
162 2
163 2
164 27
165 10
166 53
167 157
168 55
169 65
170 15
171 55
172 15
173 55
174 6
175 12
176 18
177 8
178 4
179 17
180 0
181 0
182 90
183 86
184 72
185 86
186 179
187 106
188 133
189 107
190 160
191 37
192 110
193 110
194 25
195 3
196 2
197 9
198 4
199 14
200 3
201 7
202 72
203 9
204 18
205 53
206 22
207 44
208 18
209 44
210 44
211 12
212 106
213 18
214 12
215 48
216 6
217 28
218 28
219 7
220 5
221 2
222 3
223 27
224 20
225 4
226 30
227 15
228 14
229 14
230 14
231 18
232 21
233 6
234 5
235 23
236 27
237 9
238 18
239 31
240 12
241 22
242 9
243 2
244 40
245 88
246 22
247 4
248 13
249 9
250 22
251 9
252 18
253 12
254 91
255 14
256 61
257 75
258 75
259 12
260 134
261 3
262 96
263 9
264 7
265 11
266 2
267 9
268 17
269 3
270 48
271 79
272 79
273 238
274 61
275 107
276 70
277 4
278 5
279 2
280 1
281 10
282 129
283 18
284 54
285 129
286 0
287 18
288 158
289 64
290 42
291 107
292 107
293 106
294 187
295 221
296 186
297 86
298 21
299 7
300 8
301 12
302 4
303 9
304 7
305 5
306 13
307 13
308 40
309 20
310 91
311 160
312 11
313 34
314 22
315 106
316 11
317 36
318 44
319 2
320 44
321 4
322 44
323 88
324 13
325 22
326 44
327 4
328 9
329 35
330 2
331 18
332 24
333 146
334 46
335 51
336 25
337 122
338 12
339 24
340 17
341 8
342 20
343 11
344 66
345 44
346 7
347 53
348 8
349 21
350 12
351 9
352 40
353 22
354 13
355 27
356 19
357 8
358 5
359 4
360 4
361 3
362 4
363 4
364 44
365 0
366 39
367 39
368 9
369 2
370 9
371 1
372 8
373 13
374 7
375 42
376 13
377 9
378 3
379 0
380 20
381 22
382 44
383 53
384 22
385 8
386 6
387 24
388 59
389 52
390 9
391 36
392 12
393 0
394 9
395 0
396 4
397 37
398 4
399 8
400 4
401 4
402 0
403 4
404 44
405 72
406 0
407 13
408 21
409 18
410 2
411 13
412 13
413 9
414 15
415 8
416 44
417 7
418 133
419 53
420 44
421 42
422 14
423 88
424 55
425 14
426 48
427 70
428 4
429 4
430 9
431 9
432 4
433 36
434 22
435 5
436 2
437 18
438 11
439 7
440 3
441 0
442 7
443 7
444 15
445 7
446 2
447 4
448 4
449 2
450 2
451 122
452 61
453 11
454 4
455 8
456 46
457 8
458 0
459 8
460 21
461 15
462 8
463 44
464 5
465 98
466 5
467 7
468 61
469 48
470 238
471 193
472 47
473 6
474 69
475 0
476 10
477 4
478 2
479 8
480 4
481 79
482 28
483 14
484 22
485 4
486 4
487 101
488 31
489 30
490 0
491 9
492 100
493 25
494 107
495 11
496 6
497 1
498 19
499 21
500 10
501 41
502 30
503 10
504 13
505 3
506 7
507 24
508 2
509 14
510 18
511 44
512 50
513 27
514 11
515 2
516 10
517 2
518 22
519 2
520 9
521 8
522 2
523 72
524 20
525 86
526 44
527 106
528 7
529 4
530 100
531 92
532 42
533 36
534 18
535 110
536 7
537 53
538 2
539 139
540 2
541 9
542 17
543 48
544 3
545 18
546 18
547 0
548 18
549 55
550 9
551 2
552 11
553 13
554 18
555 133
556 13
557 36
558 33
559 19
560 32
561 13
562 3
563 18
564 12
565 9
566 9
567 4
568 13
569 9
570 127
571 42
572 13
573 9
574 31
575 7
576 13
577 1
578 0
579 0
580 0
581 7
582 0
583 4
584 13
585 2
586 4
587 4
588 7
589 4
590 2
591 7
592 18
593 18
594 4
595 7
596 8
597 9
598 4
599 2
600 4
601 4
602 4
603 8
604 8
605 30
606 2
607 15
608 9
609 16
610 2
611 86
612 9
613 27
614 65
615 61
616 62
617 24
618 24
619 62
620 23
621 20
622 24
623 24
624 5
625 2
626 1
627 2
628 12
629 3
630 12
631 4
632 0
633 17
634 51
635 134
636 55
637 4
638 9
639 5
640 9
641 2
642 25
643 126
644 50
645 75
;

param Ttarget := 
1 1 1000
2 1 1000
3 1 1000
4 1 1000
5 1 500
6 1 500
7 1 500
8 1 500
1 2 1000
2 2 1000
3 2 1000
4 2 1000
5 2 500
6 2 500
7 2 500
8 2 500
1 3 1000
2 3 1000
3 3 1000
4 3 1000
5 3 500
6 3 500
7 3 500
8 3 500
1 4 1000
2 4 1000
3 4 1000
4 4 1000
5 4 500
6 4 500
7 4 500
8 4 500
1 5 1000
2 5 1000
3 5 1000
4 5 1000
5 5 500
6 5 500
7 5 500
8 5 500
;

set Bannlisti := 
;
set Fixlisti := 
1 1 1 
2 1 1 
3 1 1 
4 1 1 
5 1 1 
6 1 1 
7 1 1 
8 1 1 
9 1 1 
10 1 1 
11 1 1 
12 1 1 
13 1 1 
14 2 1 
15 2 1 
16 2 1 
17 2 1 
18 2 1 
19 2 1 
20 2 1 
21 2 1 
22 2 1 
23 2 1 
24 2 1 
25 2 1 
26 3 1 
27 3 1 
28 3 1 
29 3 1 
30 3 1 
31 3 1 
32 3 1 
33 3 1 
34 3 1 
35 3 1 
36 3 1 
37 3 1 
38 3 1 
39 3 1 
40 3 1 
41 3 1 
42 3 1 
43 3 1 
44 3 1 
45 3 1 
46 3 1 
47 3 1 
48 3 1 
49 3 1 
50 3 1 
51 3 1 
52 3 1 
53 3 1 
54 3 1 
55 3 1 
56 3 1 
57 3 1 
58 8 1 
59 8 1 
60 8 1 
61 8 1 
62 8 1 
63 8 1 
64 8 1 
65 4 1 
66 4 1 
67 4 1 
68 4 1 
69 4 1 
70 4 1 
71 4 1 
72 4 1 
73 4 1 
74 4 1 
75 4 1 
76 4 1 
77 4 1 
78 4 1 
79 4 1 
80 4 1 
81 4 1 
82 4 1 
83 5 1 
84 5 1 
85 5 1 
86 5 1 
87 5 1 
88 5 1 
89 5 1 
90 5 1 
91 5 1 
92 5 1 
93 5 1 
94 5 1 
95 5 1 
96 7 1 
97 7 1 
98 7 1 
99 7 1 
100 7 1 
101 7 1 
102 7 1 
103 7 1 
104 7 1 
105 7 1 
106 7 1 
107 7 1 
108 7 1 
109 7 1 
110 7 1 
111 7 1 
112 7 1 
113 7 1 
114 7 1 
115 7 1 
116 7 1 
117 7 1 
118 7 1 
119 7 1 
120 7 1 
121 7 1 
122 7 1 
123 7 1 
124 7 1 
125 7 1 
126 7 1 
127 7 1 
128 7 1 
129 7 1 
130 7 1 
131 7 1 
132 8 1 
133 8 1 
134 8 1 
135 2 1 
136 8 1 
137 8 2 
138 8 2 
139 8 2 
140 8 2 
141 8 2 
142 8 2 
143 8 2 
144 8 2 
145 8 2 
146 8 2 
147 8 2 
148 2 2 
149 8 2 
150 8 2 
151 8 2 
152 8 2 
153 8 2 
154 8 2 
155 8 2 
156 8 2 
157 8 2 
158 8 2 
159 8 2 
160 8 2 
161 8 2 
162 3 2 
163 3 2 
164 6 2 
165 6 2 
166 6 2 
167 6 2 
168 6 2 
169 6 2 
170 6 2 
171 6 2 
172 6 2 
173 6 2 
174 6 2 
175 6 2 
176 6 2 
177 6 2 
178 6 2 
179 6 2 
180 6 2 
181 6 2 
182 6 2 
183 6 2 
184 6 2 
185 6 2 
186 6 2 
187 6 2 
188 6 2 
189 6 2 
190 6 2 
191 6 2 
192 6 2 
193 6 2 
194 6 2 
195 6 2 
196 6 2 
197 6 2 
198 6 2 
199 7 2 
200 7 2 
201 7 2 
202 7 2 
203 7 2 
204 8 2 
205 8 2 
206 8 2 
207 8 2 
208 8 2 
209 8 2 
210 8 2 
211 8 2 
212 8 2 
213 8 2 
214 3 2 
215 3 2 
216 8 2 
217 8 2 
218 8 2 
219 8 2 
220 8 2 
221 8 2 
222 8 2 
223 7 2 
224 8 2 
225 8 2 
226 8 2 
227 8 2 
228 8 2 
229 8 2 
230 8 2 
231 8 2 
232 8 2 
233 8 2 
234 8 2 
235 8 2 
236 8 2 
237 8 2 
238 8 2 
239 8 2 
240 8 2 
241 8 2 
242 8 2 
243 8 2 
244 8 2 
245 8 2 
246 8 2 
247 8 2 
248 8 2 
249 8 2 
250 8 2 
251 8 2 
252 8 2 
253 2 2 
254 1 2 
255 1 2 
256 1 2 
257 1 2 
258 1 2 
259 1 2 
260 1 2 
261 1 2 
262 1 2 
263 1 2 
264 1 2 
265 1 2 
266 1 2 
267 1 2 
268 1 2 
269 1 2 
270 1 2 
271 1 2 
272 1 2 
273 1 2 
274 1 2 
275 1 2 
276 1 2 
277 1 2 
278 2 3 
279 2 3 
280 2 3 
281 2 3 
282 8 3 
283 8 3 
284 8 3 
285 8 3 
286 8 3 
287 8 3 
288 3 3 
289 3 3 
290 3 3 
291 3 3 
292 3 3 
293 3 3 
294 3 3 
295 3 3 
296 3 3 
297 3 3 
298 3 3 
299 3 3 
300 3 3 
301 3 3 
302 3 3 
303 3 3 
304 3 3 
305 3 3 
306 3 3 
307 3 3 
308 3 3 
309 3 3 
310 3 3 
311 3 3 
312 3 3 
313 3 3 
314 3 3 
315 3 3 
316 3 3 
317 3 3 
318 3 3 
319 3 3 
320 3 3 
321 3 3 
322 3 3 
323 3 3 
324 3 3 
325 3 3 
326 8 3 
327 8 3 
328 8 3 
329 3 3 
330 3 3 
331 2 3 
332 2 3 
333 2 3 
334 2 3 
335 2 3 
336 2 3 
337 3 3 
338 3 3 
339 3 3 
340 3 3 
341 3 3 
342 3 3 
343 3 3 
344 3 3 
345 3 3 
346 3 3 
347 3 3 
348 3 3 
349 3 3 
350 3 3 
351 3 3 
352 3 3 
353 3 3 
354 3 3 
355 8 3 
356 8 3 
357 8 3 
358 8 3 
359 8 3 
360 8 3 
361 8 3 
362 8 3 
363 8 3 
364 3 3 
365 3 3 
366 3 3 
367 3 3 
368 8 3 
369 8 3 
370 4 3 
371 4 3 
372 4 3 
373 8 3 
374 3 3 
375 6 3 
376 4 3 
377 4 3 
378 4 3 
379 8 3 
380 4 3 
381 4 3 
382 4 3 
383 4 3 
384 4 3 
385 4 3 
386 4 3 
387 4 3 
388 4 3 
389 4 3 
390 4 3 
391 4 3 
392 4 3 
393 4 3 
394 5 3 
395 5 3 
396 5 3 
397 5 3 
398 5 3 
399 5 3 
400 5 3 
401 5 3 
402 5 3 
403 5 3 
404 5 3 
405 5 3 
406 5 3 
407 5 3 
408 5 3 
409 5 3 
410 5 3 
411 5 3 
412 6 3 
413 6 3 
414 6 3 
415 6 3 
416 6 3 
417 6 3 
418 6 3 
419 6 3 
420 6 3 
421 6 3 
422 6 3 
423 6 3 
424 6 3 
425 6 3 
426 6 3 
427 6 3 
428 5 3 
429 5 3 
430 5 3 
431 5 3 
432 5 3 
433 5 3 
434 8 3 
435 8 3 
436 8 3 
437 8 3 
438 8 3 
439 8 3 
440 7 3 
441 7 3 
442 7 3 
443 7 3 
444 8 3 
445 8 3 
446 7 3 
447 7 3 
448 7 3 
449 7 3 
450 7 3 
451 7 3 
452 7 3 
453 7 3 
454 7 3 
455 7 3 
456 7 3 
457 7 3 
458 7 3 
459 7 3 
460 7 3 
461 7 3 
462 7 3 
463 8 3 
464 3 3 
465 5 3 
466 7 3 
467 7 3 
468 1 3 
469 1 3 
470 1 3 
471 1 3 
472 1 3 
473 1 3 
474 1 4 
475 1 4 
476 1 4 
477 1 4 
478 1 4 
479 1 4 
480 1 4 
481 1 4 
482 1 4 
483 3 4 
484 3 4 
485 3 4 
486 1 4 
487 1 4 
488 1 4 
489 1 4 
490 1 4 
491 1 4 
492 1 4 
493 1 4 
494 1 4 
495 2 4 
496 5 4 
497 4 4 
498 4 4 
499 8 4 
500 7 4 
501 1 4 
502 6 4 
503 6 4 
504 6 4 
505 6 4 
506 8 4 
507 8 4 
508 1 4 
509 2 4 
510 8 4 
511 8 4 
512 5 4 
513 8 4 
514 8 4 
515 8 4 
516 8 4 
517 8 4 
518 8 4 
519 8 4 
520 8 4 
521 7 4 
522 7 4 
523 7 4 
524 7 4 
525 7 4 
526 7 4 
527 7 4 
528 7 4 
529 7 4 
530 7 4 
531 7 4 
532 7 4 
533 7 4 
534 7 4 
535 7 4 
536 7 4 
537 7 4 
538 7 4 
539 7 4 
540 7 4 
541 7 4 
542 7 4 
543 7 4 
544 7 4 
545 7 4 
546 7 4 
547 7 4 
548 7 4 
549 7 4 
550 7 4 
551 7 4 
552 7 4 
553 7 4 
554 7 4 
555 7 4 
556 7 4 
557 7 4 
558 7 4 
559 7 4 
560 7 4 
561 7 4 
562 7 4 
563 7 4 
564 7 4 
565 7 4 
566 7 4 
567 7 4 
568 7 4 
569 7 4 
570 8 4 
571 8 4 
572 8 4 
573 8 4 
574 8 4 
575 8 4 
576 8 4 
577 7 4 
578 7 4 
579 7 4 
580 7 4 
581 7 4 
582 7 4 
583 7 4 
584 7 4 
585 7 4 
586 7 4 
587 7 4 
588 7 4 
589 7 4 
590 7 4 
591 7 4 
592 7 4 
593 7 4 
594 7 4 
595 7 4 
596 8 4 
597 8 4 
598 8 4 
599 8 4 
600 8 4 
601 8 4 
602 8 4 
603 8 4 
604 8 4 
605 8 4 
606 8 4 
607 6 4 
608 8 4 
609 3 4 
610 3 4 
611 5 4 
612 8 4 
613 8 4 
614 7 4 
615 7 4 
616 7 4 
617 7 4 
618 7 4 
619 7 4 
620 7 4 
621 7 4 
622 7 4 
623 8 4 
624 8 4 
625 8 4 
626 8 4 
627 8 4 
628 8 4 
629 8 4 
630 8 4 
631 8 4 
632 8 4 
633 1 4 
634 1 4 
635 1 4 
636 1 4 
637 1 4 
638 1 4 
639 1 4 
640 1 4 
641 1 4 
642 1 4 
643 1 4 
644 1 4 
645 1 4 
;
end;
