param S := 976;
param T := 8;
param D := 5;
param windowsize := 0;

param A := 
1 5
2 11
3 10
4 122
5 69
6 26
7 72
8 88
9 42
10 14
11 168
12 133
13 104
14 113
15 5
16 14
17 134
18 100
19 23
20 73
21 81
22 38
23 7
24 10
25 303
26 219
27 84
28 101
29 216
30 35
31 28
32 31
33 146
34 18
35 33
36 88
37 238
38 190
39 38
40 88
41 44
42 212
43 40
44 221
45 106
46 0
47 0
48 1
49 177
50 6
51 11
52 104
53 106
54 182
55 69
56 169
57 5
58 6
59 15
60 10
61 6
62 3
63 24
64 12
65 7
66 36
67 5
68 4
69 7
70 18
71 7
72 36
73 54
74 7
75 7
76 1
77 4
78 6
79 4
80 24
81 3
82 12
83 14
84 2
85 14
86 8
87 6
88 18
89 3
90 5
91 5
92 27
93 4
94 8
95 7
96 12
97 13
98 7
99 9
100 32
101 16
102 29
103 2
104 16
105 13
106 7
107 27
108 12
109 66
110 26
111 16
112 3
113 14
114 1
115 2
116 4
117 3
118 7
119 19
120 13
121 24
122 24
123 69
124 37
125 95
126 71
127 24
128 97
129 0
130 4
131 50
132 53
133 8
134 129
135 107
136 129
137 86
138 37
139 179
140 9
141 13
142 18
143 22
144 11
145 40
146 88
147 44
148 88
149 9
150 26
151 430
152 72
153 179
154 265
155 107
156 7
157 9
158 17
159 12
160 7
161 3
162 28
163 17
164 3
165 11
166 29
167 55
168 18
169 22
170 29
171 22
172 18
173 26
174 9
175 13
176 13
177 10
178 12
179 5
180 22
181 72
182 44
183 4
184 2
185 2
186 0
187 78
188 59
189 168
190 28
191 72
192 38
193 38
194 14
195 18
196 63
197 7
198 19
199 55
200 104
201 55
202 20
203 88
204 96
205 46
206 67
207 36
208 8
209 18
210 113
211 11
212 9
213 9
214 25
215 18
216 4
217 27
218 55
219 46
220 135
221 67
222 55
223 157
224 32
225 72
226 141
227 35
228 8
229 398
230 107
231 9
232 2
233 2
234 4
235 7
236 4
237 2
238 4
239 5
240 3
241 61
242 792
243 21
244 47
245 210
246 47
247 62
248 144
249 317
250 154
251 634
252 237
253 251
254 251
255 75
256 365
257 8
258 8
259 12
260 12
261 438
262 14
263 11
264 16
265 5
266 2
267 86
268 36
269 158
270 120
271 18
272 44
273 107
274 12
275 7
276 5
277 182
278 253
279 0
280 63
281 19
282 103
283 5
284 112
285 24
286 73
287 267
288 7
289 32
290 32
291 43
292 43
293 4
294 11
295 48
296 14
297 71
298 160
299 166
300 106
301 72
302 7
303 18
304 129
305 52
306 106
307 106
308 133
309 122
310 133
311 221
312 716
313 86
314 44
315 4
316 7
317 66
318 21
319 44
320 44
321 125
322 22
323 42
324 4
325 9
326 4
327 4
328 11
329 61
330 8
331 2
332 4
333 9
334 4
335 0
336 17
337 16
338 12
339 4
340 40
341 32
342 42
343 52
344 52
345 90
346 13
347 6
348 150
349 133
350 86
351 128
352 107
353 5
354 399
355 133
356 172
357 179
358 44
359 2
360 52
361 22
362 95
363 4
364 4
365 2
366 13
367 4
368 2
369 4
370 13
371 7
372 2
373 51
374 20
375 9
376 9
377 9
378 4
379 11
380 4
381 18
382 33
383 9
384 13
385 2
386 2
387 9
388 2
389 2
390 22
391 42
392 9
393 7
394 2
395 4
396 7
397 13
398 32
399 10
400 7
401 49
402 2
403 9
404 23
405 2
406 4
407 13
408 22
409 12
410 8
411 4
412 5
413 21
414 27
415 18
416 14
417 18
418 81
419 2
420 21
421 9
422 9
423 9
424 14
425 2
426 7
427 5
428 23
429 24
430 12
431 26
432 9
433 12
434 9
435 5
436 2
437 4
438 9
439 7
440 9
441 7
442 35
443 9
444 21
445 27
446 133
447 22
448 13
449 18
450 62
451 13
452 22
453 11
454 9
455 3
456 212
457 124
458 133
459 318
460 133
461 221
462 22
463 110
464 9
465 0
466 14
467 107
468 90
469 106
470 193
471 44
472 33
473 33
474 22
475 317
476 44
477 9
478 12
479 182
480 164
481 182
482 81
483 221
484 44
485 106
486 9
487 8
488 107
489 90
490 193
491 22
492 162
493 5
494 9
495 146
496 182
497 146
498 18
499 7
500 9
501 9
502 2
503 9
504 31
505 3
506 2
507 44
508 16
509 8
510 0
511 127
512 63
513 9
514 110
515 12
516 0
517 11
518 0
519 19
520 7
521 36
522 48
523 81
524 44
525 129
526 133
527 88
528 80
529 54
530 9
531 22
532 74
533 8
534 18
535 15
536 1
537 7
538 14
539 53
540 110
541 66
542 90
543 215
544 75
545 66
546 27
547 2
548 4
549 18
550 36
551 9
552 32
553 13
554 8
555 7
556 30
557 7
558 3
559 9
560 90
561 11
562 2
563 2
564 0
565 2
566 0
567 4
568 132
569 38
570 7
571 46
572 8
573 18
574 48
575 48
576 12
577 6
578 4
579 7
580 12
581 7
582 2
583 4
584 4
585 42
586 4
587 17
588 1
589 5
590 1
591 4
592 12
593 18
594 10
595 12
596 8
597 76
598 0
599 1
600 1
601 3
602 1
603 1
604 2
605 5
606 2
607 24
608 0
609 0
610 7
611 14
612 22
613 76
614 44
615 44
616 40
617 19
618 24
619 25
620 25
621 7
622 5
623 7
624 5
625 17
626 11
627 5
628 56
629 22
630 182
631 11
632 122
633 30
634 27
635 91
636 182
637 91
638 602
639 52
640 24
641 127
642 63
643 31
644 9
645 35
646 36
647 136
648 179
649 177
650 48
651 72
652 112
653 88
654 44
655 6
656 80
657 53
658 59
659 62
660 24
661 40
662 34
663 71
664 114
665 74
666 38
667 34
668 35
669 86
670 86
671 106
672 215
673 197
674 187
675 177
676 86
677 186
678 250
679 19
680 52
681 146
682 24
683 7
684 4
685 8
686 4
687 4
688 2
689 2
690 177
691 7
692 8
693 14
694 72
695 66
696 36
697 9
698 18
699 4
700 4
701 13
702 13
703 7
704 146
705 222
706 42
707 398
708 215
709 106
710 86
711 88
712 150
713 150
714 64
715 36
716 44
717 9
718 36
719 114
720 21
721 13
722 9
723 6
724 0
725 8
726 8
727 16
728 107
729 16
730 7
731 7
732 17
733 4
734 11
735 24
736 3
737 4
738 11
739 44
740 44
741 13
742 86
743 69
744 24
745 4
746 12
747 9
748 137
749 231
750 110
751 3
752 265
753 150
754 333
755 185
756 110
757 22
758 41
759 76
760 118
761 51
762 22
763 18
764 18
765 0
766 110
767 5
768 8
769 10
770 22
771 22
772 66
773 38
774 36
775 90
776 65
777 5
778 66
779 106
780 141
781 72
782 106
783 399
784 85
785 179
786 107
787 106
788 265
789 107
790 143
791 17
792 7
793 5
794 27
795 18
796 0
797 4
798 4
799 8
800 4
801 9
802 55
803 36
804 40
805 18
806 11
807 18
808 13
809 2
810 12
811 3
812 42
813 110
814 41
815 14
816 86
817 27
818 106
819 0
820 110
821 133
822 2
823 48
824 4
825 24
826 9
827 24
828 12
829 9
830 32
831 4
832 14
833 13
834 24
835 16
836 125
837 150
838 150
839 75
840 226
841 124
842 107
843 95
844 182
845 36
846 36
847 182
848 36
849 207
850 11
851 36
852 35
853 0
854 12
855 12
856 0
857 32
858 48
859 109
860 182
861 86
862 19
863 0
864 36
865 7
866 12
867 36
868 35
869 11
870 44
871 22
872 2
873 4
874 3
875 4
876 28
877 4
878 40
879 22
880 2
881 2
882 7
883 9
884 2
885 22
886 4
887 0
888 12
889 5
890 119
891 2
892 5
893 320
894 3
895 14
896 9
897 15
898 22
899 9
900 11
901 15
902 19
903 4
904 24
905 49
906 45
907 4
908 27
909 32
910 15
911 37
912 4
913 13
914 38
915 9
916 18
917 129
918 46
919 7
920 4
921 2
922 1
923 4
924 11
925 7
926 2
927 5
928 1
929 0
930 18
931 8
932 0
933 23
934 2
935 4
936 7
937 1
938 0
939 10
940 62
941 62
942 24
943 61
944 58
945 62
946 1
947 1
948 25
949 71
950 36
951 6
952 12
953 12
954 12
955 12
956 13
957 36
958 36
959 69
960 9
961 48
962 1
963 150
964 146
965 12
966 50
967 70
968 35
969 474
970 109
971 36
972 274
973 194
974 38
975 122
976 122
;

param Ttarget := 
1 1 1000
2 1 1000
3 1 1000
4 1 1000
5 1 500
6 1 500
7 1 500
8 1 500
1 2 1000
2 2 1000
3 2 1000
4 2 1000
5 2 500
6 2 500
7 2 500
8 2 500
1 3 1000
2 3 1000
3 3 1000
4 3 1000
5 3 500
6 3 500
7 3 500
8 3 500
1 4 1000
2 4 1000
3 4 1000
4 4 1000
5 4 500
6 4 500
7 4 500
8 4 500
1 5 1000
2 5 1000
3 5 1000
4 5 1000
5 5 500
6 5 500
7 5 500
8 5 500
;

set Bannlisti := 
;
set Fixlisti := 
1 1 1 
2 1 1 
3 1 1 
4 1 1 
5 1 1 
6 1 1 
7 1 1 
8 1 1 
9 1 1 
10 1 1 
11 1 1 
12 1 1 
13 1 1 
14 1 1 
15 1 1 
16 1 1 
17 1 1 
18 2 1 
19 8 1 
20 2 1 
21 1 1 
22 1 1 
23 1 1 
24 1 1 
25 1 1 
26 1 1 
27 1 1 
28 1 1 
29 2 1 
30 2 1 
31 2 1 
32 2 1 
33 2 1 
34 2 1 
35 2 1 
36 1 1 
37 1 1 
38 1 1 
39 1 1 
40 1 1 
41 1 1 
42 1 1 
43 1 1 
44 1 1 
45 1 1 
46 8 1 
47 8 1 
48 8 1 
49 6 1 
50 5 1 
51 7 1 
52 3 1 
53 3 1 
54 2 1 
55 2 1 
56 2 1 
57 8 1 
58 8 1 
59 8 1 
60 8 1 
61 8 1 
62 8 1 
63 8 1 
64 8 1 
65 8 1 
66 8 1 
67 8 1 
68 8 1 
69 8 1 
70 8 1 
71 8 1 
72 8 1 
73 8 1 
74 8 1 
75 8 1 
76 8 1 
77 8 1 
78 8 1 
79 8 1 
80 8 1 
81 8 1 
82 8 1 
83 8 1 
84 8 1 
85 8 1 
86 8 1 
87 8 1 
88 8 1 
89 8 1 
90 8 1 
91 8 1 
92 8 1 
93 8 1 
94 8 1 
95 8 1 
96 8 1 
97 8 1 
98 8 1 
99 8 1 
100 8 1 
101 8 1 
102 8 1 
103 8 1 
104 8 1 
105 8 1 
106 8 1 
107 8 1 
108 8 1 
109 8 1 
110 8 1 
111 8 1 
112 8 1 
113 8 1 
114 8 1 
115 8 1 
116 8 1 
117 8 1 
118 8 1 
119 8 1 
120 4 1 
121 4 1 
122 4 1 
123 4 1 
124 4 1 
125 4 1 
126 4 1 
127 4 1 
128 4 1 
129 8 1 
130 8 1 
131 8 1 
132 8 1 
133 4 1 
134 4 1 
135 4 1 
136 4 1 
137 4 1 
138 8 1 
139 5 1 
140 5 1 
141 5 1 
142 5 1 
143 5 1 
144 5 1 
145 5 1 
146 5 1 
147 5 1 
148 5 1 
149 5 1 
150 5 1 
151 5 1 
152 5 1 
153 5 1 
154 5 1 
155 5 1 
156 7 1 
157 7 1 
158 7 1 
159 7 1 
160 7 1 
161 7 1 
162 7 1 
163 7 1 
164 7 1 
165 7 1 
166 5 1 
167 5 1 
168 5 1 
169 5 1 
170 5 1 
171 5 1 
172 7 1 
173 7 1 
174 7 1 
175 6 1 
176 6 1 
177 6 1 
178 7 1 
179 7 1 
180 7 1 
181 7 1 
182 7 1 
183 7 1 
184 7 1 
185 7 1 
186 7 1 
187 7 1 
188 7 1 
189 7 1 
190 7 1 
191 7 1 
192 7 1 
193 7 1 
194 7 1 
195 7 1 
196 7 1 
197 7 1 
198 6 1 
199 6 1 
200 6 1 
201 6 1 
202 6 1 
203 6 1 
204 6 1 
205 6 1 
206 6 1 
207 6 1 
208 8 1 
209 6 1 
210 6 1 
211 6 1 
212 6 1 
213 6 1 
214 6 1 
215 6 1 
216 6 1 
217 6 1 
218 6 1 
219 6 1 
220 6 1 
221 6 1 
222 6 1 
223 6 1 
224 6 1 
225 6 1 
226 6 1 
227 4 1 
228 7 1 
229 6 1 
230 6 1 
231 8 1 
232 8 1 
233 2 1 
234 1 1 
235 1 1 
236 3 1 
237 3 1 
238 5 1 
239 3 1 
240 8 1 
241 1 1 
242 1 1 
243 4 2 
244 1 2 
245 1 2 
246 1 2 
247 1 2 
248 1 2 
249 1 2 
250 1 2 
251 1 2 
252 1 2 
253 1 2 
254 1 2 
255 1 2 
256 1 2 
257 2 2 
258 2 2 
259 2 2 
260 2 2 
261 2 2 
262 8 2 
263 8 2 
264 8 2 
265 8 2 
266 8 2 
267 8 2 
268 8 2 
269 8 2 
270 8 2 
271 8 2 
272 8 2 
273 8 2 
274 8 2 
275 8 2 
276 8 2 
277 2 2 
278 2 2 
279 2 2 
280 2 2 
281 2 2 
282 2 2 
283 2 2 
284 2 2 
285 2 2 
286 2 2 
287 2 2 
288 2 2 
289 8 2 
290 8 2 
291 8 2 
292 2 2 
293 2 2 
294 3 2 
295 3 2 
296 3 2 
297 3 2 
298 3 2 
299 3 2 
300 3 2 
301 3 2 
302 3 2 
303 3 2 
304 3 2 
305 3 2 
306 3 2 
307 3 2 
308 3 2 
309 3 2 
310 3 2 
311 3 2 
312 3 2 
313 3 2 
314 1 2 
315 3 2 
316 3 2 
317 3 2 
318 3 2 
319 3 2 
320 3 2 
321 3 2 
322 3 2 
323 3 2 
324 3 2 
325 3 2 
326 3 2 
327 3 2 
328 3 2 
329 8 2 
330 3 2 
331 3 2 
332 3 2 
333 3 2 
334 3 2 
335 3 2 
336 3 2 
337 3 2 
338 3 2 
339 3 2 
340 3 2 
341 3 2 
342 6 2 
343 6 2 
344 6 2 
345 6 2 
346 6 2 
347 6 2 
348 6 2 
349 6 2 
350 6 2 
351 6 2 
352 6 2 
353 6 2 
354 6 2 
355 6 2 
356 6 2 
357 6 2 
358 6 2 
359 8 2 
360 7 2 
361 7 2 
362 7 2 
363 7 2 
364 7 2 
365 7 2 
366 7 2 
367 7 2 
368 7 2 
369 7 2 
370 7 2 
371 7 2 
372 7 2 
373 7 2 
374 7 2 
375 7 2 
376 7 2 
377 7 2 
378 8 2 
379 8 2 
380 8 2 
381 8 2 
382 8 2 
383 8 2 
384 8 2 
385 8 2 
386 8 2 
387 8 2 
388 8 2 
389 8 2 
390 8 2 
391 8 2 
392 8 2 
393 8 2 
394 8 2 
395 8 2 
396 8 2 
397 8 2 
398 7 2 
399 7 2 
400 7 2 
401 7 2 
402 7 2 
403 7 2 
404 7 2 
405 7 2 
406 7 2 
407 7 2 
408 7 2 
409 7 2 
410 7 2 
411 7 2 
412 7 2 
413 8 2 
414 8 2 
415 8 2 
416 8 2 
417 8 2 
418 8 2 
419 8 2 
420 8 2 
421 8 2 
422 8 2 
423 8 2 
424 8 2 
425 8 2 
426 8 2 
427 8 2 
428 8 2 
429 8 2 
430 8 2 
431 8 2 
432 8 2 
433 8 2 
434 8 2 
435 8 2 
436 8 2 
437 8 2 
438 8 2 
439 8 2 
440 8 2 
441 8 2 
442 8 2 
443 8 2 
444 8 2 
445 8 2 
446 8 2 
447 8 2 
448 8 2 
449 8 2 
450 8 2 
451 8 2 
452 8 2 
453 8 2 
454 8 2 
455 8 2 
456 1 2 
457 1 2 
458 1 2 
459 1 2 
460 1 2 
461 1 2 
462 1 2 
463 1 2 
464 1 2 
465 1 2 
466 1 2 
467 1 2 
468 1 2 
469 1 2 
470 1 2 
471 1 2 
472 1 2 
473 1 2 
474 1 2 
475 1 2 
476 1 2 
477 1 2 
478 1 2 
479 1 2 
480 1 2 
481 1 2 
482 1 2 
483 1 2 
484 1 2 
485 1 2 
486 1 2 
487 1 2 
488 1 2 
489 1 2 
490 1 2 
491 1 2 
492 1 2 
493 8 3 
494 8 3 
495 2 3 
496 2 3 
497 2 3 
498 1 3 
499 1 3 
500 1 3 
501 1 3 
502 1 3 
503 1 3 
504 1 3 
505 1 3 
506 1 3 
507 1 3 
508 1 3 
509 1 3 
510 1 3 
511 2 3 
512 2 3 
513 3 3 
514 3 3 
515 3 3 
516 3 3 
517 3 3 
518 8 3 
519 8 3 
520 8 3 
521 4 3 
522 4 3 
523 4 3 
524 4 3 
525 4 3 
526 4 3 
527 4 3 
528 4 3 
529 4 3 
530 4 3 
531 4 3 
532 4 3 
533 4 3 
534 4 3 
535 4 3 
536 4 3 
537 4 3 
538 8 3 
539 5 3 
540 5 3 
541 5 3 
542 5 3 
543 5 3 
544 5 3 
545 5 3 
546 5 3 
547 5 3 
548 5 3 
549 5 3 
550 5 3 
551 7 3 
552 8 3 
553 8 3 
554 5 3 
555 8 3 
556 8 3 
557 8 3 
558 8 3 
559 7 3 
560 7 3 
561 7 3 
562 7 3 
563 7 3 
564 7 3 
565 7 3 
566 7 3 
567 7 3 
568 7 3 
569 6 3 
570 8 3 
571 7 3 
572 7 3 
573 7 3 
574 3 3 
575 3 3 
576 3 3 
577 3 3 
578 3 3 
579 8 3 
580 8 3 
581 8 3 
582 8 3 
583 8 3 
584 8 3 
585 8 3 
586 7 3 
587 7 3 
588 7 3 
589 7 3 
590 7 3 
591 7 3 
592 7 3 
593 7 3 
594 7 3 
595 7 3 
596 7 3 
597 7 3 
598 7 3 
599 7 3 
600 7 3 
601 7 3 
602 7 3 
603 7 3 
604 7 3 
605 7 3 
606 7 3 
607 7 3 
608 7 3 
609 7 3 
610 8 3 
611 8 3 
612 6 3 
613 6 3 
614 6 3 
615 6 3 
616 6 3 
617 6 3 
618 6 3 
619 6 3 
620 6 3 
621 6 3 
622 6 3 
623 7 3 
624 6 3 
625 1 3 
626 1 3 
627 1 3 
628 1 3 
629 1 3 
630 1 3 
631 1 3 
632 1 3 
633 1 3 
634 1 3 
635 1 3 
636 1 3 
637 1 3 
638 1 3 
639 2 3 
640 2 3 
641 2 4 
642 2 4 
643 2 4 
644 2 4 
645 2 4 
646 2 4 
647 2 4 
648 2 4 
649 2 4 
650 2 4 
651 2 4 
652 2 4 
653 2 4 
654 2 4 
655 2 4 
656 2 4 
657 2 4 
658 2 4 
659 2 4 
660 3 4 
661 3 4 
662 3 4 
663 3 4 
664 3 4 
665 3 4 
666 3 4 
667 3 4 
668 3 4 
669 3 4 
670 3 4 
671 3 4 
672 3 4 
673 3 4 
674 3 4 
675 3 4 
676 3 4 
677 3 4 
678 3 4 
679 4 4 
680 4 4 
681 4 4 
682 8 4 
683 8 4 
684 8 4 
685 8 4 
686 8 4 
687 8 4 
688 8 4 
689 8 4 
690 3 4 
691 3 4 
692 3 4 
693 3 4 
694 3 4 
695 3 4 
696 3 4 
697 3 4 
698 3 4 
699 3 4 
700 3 4 
701 3 4 
702 3 4 
703 3 4 
704 3 4 
705 3 4 
706 3 4 
707 3 4 
708 3 4 
709 3 4 
710 3 4 
711 3 4 
712 3 4 
713 3 4 
714 3 4 
715 3 4 
716 3 4 
717 3 4 
718 3 4 
719 3 4 
720 3 4 
721 3 4 
722 8 4 
723 8 4 
724 8 4 
725 8 4 
726 8 4 
727 8 4 
728 8 4 
729 8 4 
730 8 4 
731 8 4 
732 8 4 
733 8 4 
734 8 4 
735 3 4 
736 8 4 
737 8 4 
738 3 4 
739 3 4 
740 3 4 
741 3 4 
742 4 4 
743 4 4 
744 4 4 
745 8 4 
746 6 4 
747 6 4 
748 6 4 
749 6 4 
750 6 4 
751 6 4 
752 6 4 
753 6 4 
754 6 4 
755 6 4 
756 6 4 
757 6 4 
758 6 4 
759 6 4 
760 6 4 
761 6 4 
762 6 4 
763 6 4 
764 6 4 
765 6 4 
766 6 4 
767 6 4 
768 6 4 
769 6 4 
770 6 4 
771 6 4 
772 6 4 
773 6 4 
774 6 4 
775 6 4 
776 6 4 
777 6 4 
778 6 4 
779 6 4 
780 6 4 
781 6 4 
782 6 4 
783 6 4 
784 6 4 
785 6 4 
786 6 4 
787 6 4 
788 6 4 
789 6 4 
790 6 4 
791 7 4 
792 7 4 
793 7 4 
794 7 4 
795 7 4 
796 7 4 
797 8 4 
798 8 4 
799 8 4 
800 8 4 
801 7 4 
802 7 4 
803 7 4 
804 7 4 
805 7 4 
806 8 4 
807 8 4 
808 8 4 
809 8 4 
810 8 4 
811 8 4 
812 7 4 
813 7 4 
814 7 4 
815 7 4 
816 7 4 
817 7 4 
818 7 4 
819 7 4 
820 7 4 
821 7 4 
822 8 4 
823 8 4 
824 8 4 
825 8 4 
826 8 4 
827 8 4 
828 8 4 
829 8 4 
830 8 4 
831 8 4 
832 8 4 
833 8 4 
834 8 4 
835 8 4 
836 1 4 
837 1 4 
838 1 4 
839 1 4 
840 1 4 
841 1 4 
842 1 4 
843 1 4 
844 1 4 
845 1 4 
846 1 4 
847 1 4 
848 1 4 
849 1 4 
850 1 4 
851 1 4 
852 1 4 
853 6 5 
854 6 5 
855 8 5 
856 8 5 
857 2 5 
858 2 5 
859 2 5 
860 2 5 
861 2 5 
862 2 5 
863 2 5 
864 2 5 
865 2 5 
866 8 5 
867 8 5 
868 8 5 
869 8 5 
870 8 5 
871 8 5 
872 8 5 
873 8 5 
874 8 5 
875 8 5 
876 8 5 
877 8 5 
878 8 5 
879 8 5 
880 8 5 
881 8 5 
882 8 5 
883 8 5 
884 8 5 
885 8 5 
886 8 5 
887 8 5 
888 8 5 
889 8 5 
890 4 5 
891 8 5 
892 6 5 
893 6 5 
894 8 5 
895 8 5 
896 7 5 
897 8 5 
898 8 5 
899 8 5 
900 8 5 
901 8 5 
902 8 5 
903 8 5 
904 8 5 
905 8 5 
906 7 5 
907 7 5 
908 7 5 
909 7 5 
910 7 5 
911 7 5 
912 7 5 
913 7 5 
914 7 5 
915 7 5 
916 7 5 
917 7 5 
918 7 5 
919 7 5 
920 7 5 
921 8 5 
922 7 5 
923 7 5 
924 7 5 
925 7 5 
926 7 5 
927 7 5 
928 7 5 
929 7 5 
930 8 5 
931 7 5 
932 7 5 
933 7 5 
934 1 5 
935 7 5 
936 7 5 
937 7 5 
938 7 5 
939 8 5 
940 7 5 
941 7 5 
942 7 5 
943 7 5 
944 7 5 
945 7 5 
946 7 5 
947 7 5 
948 7 5 
949 4 5 
950 4 5 
951 4 5 
952 4 5 
953 4 5 
954 4 5 
955 4 5 
956 4 5 
957 4 5 
958 4 5 
959 4 5 
960 4 5 
961 4 5 
962 8 5 
963 1 5 
964 1 5 
965 1 5 
966 1 5 
967 1 5 
968 1 5 
969 2 5 
970 1 5 
971 1 5 
972 1 5 
973 1 5 
974 1 5 
975 1 5 
976 1 5 
;
end;
