param S := 1416;
param T := 8;
param D := 5;
param windowsize := 0;

param A := 
1 182
2 73
3 146
4 15
5 46
6 28
7 26
8 51
9 44
10 88
11 5
12 8
13 63
14 27
15 15
16 51
17 8
18 46
19 26
20 15
21 5
22 7
23 128
24 182
25 43
26 55
27 0
28 73
29 24
30 20
31 4
32 0
33 39
34 24
35 7
36 7
37 20
38 2
39 13
40 7
41 13
42 2
43 6
44 26
45 29
46 18
47 18
48 18
49 66
50 72
51 114
52 257
53 22
54 24
55 1
56 1
57 15
58 92
59 38
60 9
61 7
62 1
63 0
64 1
65 1
66 0
67 0
68 0
69 0
70 0
71 1
72 0
73 0
74 1
75 1
76 1
77 7
78 47
79 62
80 48
81 162
82 81
83 128
84 55
85 26
86 201
87 109
88 146
89 109
90 107
91 106
92 133
93 88
94 221
95 221
96 168
97 9
98 29
99 2
100 2
101 16
102 8
103 11
104 12
105 474
106 1
107 0
108 0
109 1
110 1
111 0
112 0
113 0
114 1
115 0
116 0
117 0
118 2
119 0
120 0
121 0
122 9
123 0
124 0
125 1
126 0
127 0
128 0
129 0
130 4
131 1
132 1
133 15
134 0
135 0
136 1
137 0
138 0
139 1
140 0
141 9
142 0
143 5
144 0
145 1
146 3
147 2
148 0
149 2
150 0
151 5
152 0
153 2
154 106
155 80
156 86
157 88
158 86
159 86
160 86
161 66
162 18
163 9
164 7
165 4
166 4
167 17
168 23
169 20
170 44
171 64
172 67
173 76
174 18
175 66
176 25
177 35
178 13
179 6
180 5
181 5
182 158
183 222
184 133
185 107
186 88
187 141
188 150
189 107
190 122
191 133
192 18
193 11
194 8
195 2
196 13
197 7
198 26
199 22
200 2
201 18
202 35
203 4
204 14
205 4
206 1
207 1
208 0
209 1
210 1
211 1
212 0
213 13
214 71
215 8
216 34
217 160
218 88
219 54
220 43
221 7
222 4
223 4
224 6
225 18
226 6
227 18
228 18
229 18
230 2
231 1
232 0
233 0
234 3
235 1
236 1
237 4
238 1
239 0
240 3
241 1
242 2
243 2
244 0
245 0
246 1
247 1
248 1
249 1
250 1
251 0
252 1
253 1
254 0
255 4
256 44
257 0
258 54
259 33
260 22
261 5
262 23
263 8
264 8
265 5
266 5
267 4
268 5
269 9
270 2
271 5
272 3
273 2
274 5
275 5
276 5
277 5
278 8
279 4
280 8
281 8
282 8
283 5
284 8
285 5
286 5
287 8
288 5
289 8
290 8
291 4
292 4
293 1
294 1
295 3
296 4
297 3
298 4
299 4
300 1
301 1
302 3
303 4
304 3
305 6
306 4
307 9
308 1
309 5
310 1
311 1
312 1
313 1
314 1
315 0
316 1
317 1
318 3
319 1
320 1
321 9
322 1
323 1
324 3
325 1
326 5
327 1
328 3
329 1
330 1
331 2
332 1
333 1
334 2
335 3
336 1
337 1
338 1
339 8
340 4
341 1
342 2
343 2
344 2
345 2
346 0
347 0
348 1
349 0
350 2
351 1
352 0
353 1
354 1
355 4
356 0
357 1
358 1
359 0
360 1
361 1
362 1
363 1
364 0
365 1
366 1
367 0
368 0
369 0
370 0
371 0
372 1
373 0
374 1
375 0
376 4
377 1
378 3
379 2
380 2
381 5
382 1
383 5
384 1
385 19
386 4
387 27
388 47
389 55
390 65
391 38
392 118
393 11
394 10
395 28
396 4
397 1
398 5
399 10
400 53
401 53
402 38
403 9
404 18
405 32
406 12
407 45
408 28
409 55
410 28
411 15
412 44
413 55
414 84
415 231
416 42
417 95
418 150
419 86
420 133
421 4
422 13
423 14
424 4
425 4
426 4
427 4
428 13
429 18
430 12
431 1
432 1
433 2
434 2
435 11
436 3
437 38
438 45
439 66
440 18
441 24
442 0
443 1
444 2
445 2
446 2
447 1
448 1
449 2
450 1
451 3
452 4
453 2
454 2
455 9
456 13
457 9
458 2
459 2
460 2
461 2
462 7
463 100
464 12
465 12
466 1
467 14
468 8
469 12
470 48
471 48
472 12
473 2
474 5
475 3
476 3
477 2
478 2
479 2
480 2
481 3
482 2
483 3
484 2
485 2
486 3
487 3
488 2
489 6
490 6
491 2
492 3
493 1
494 1
495 2
496 2
497 100
498 110
499 80
500 120
501 51
502 7
503 36
504 4
505 5
506 11
507 12
508 3
509 3
510 14
511 2
512 3
513 1
514 1
515 2
516 2
517 1
518 2
519 2
520 1
521 2
522 2
523 47
524 1
525 3
526 1
527 1
528 1
529 1
530 1
531 1
532 1
533 1
534 1
535 1
536 0
537 0
538 0
539 0
540 1
541 0
542 0
543 1
544 1
545 1
546 0
547 1
548 0
549 2
550 3
551 1
552 14
553 4
554 4
555 4
556 2
557 2
558 4
559 4
560 2
561 3
562 2
563 2
564 2
565 2
566 2
567 2
568 2
569 2
570 2
571 1
572 1
573 26
574 2
575 2
576 2
577 2
578 4
579 2
580 2
581 2
582 2
583 7
584 2
585 2
586 2
587 2
588 2
589 4
590 2
591 2
592 2
593 2
594 2
595 2
596 4
597 4
598 2
599 2
600 2
601 2
602 2
603 2
604 2
605 2
606 2
607 2
608 2
609 2
610 2
611 2
612 2
613 2
614 2
615 2
616 2
617 2
618 2
619 2
620 1
621 5
622 2
623 2
624 6
625 4
626 2
627 2
628 2
629 12
630 4
631 2
632 2
633 2
634 2
635 2
636 22
637 2
638 2
639 2
640 2
641 2
642 2
643 2
644 2
645 2
646 4
647 2
648 2
649 2
650 2
651 3
652 2
653 3
654 3
655 3
656 3
657 2
658 3
659 3
660 6
661 3
662 3
663 3
664 2
665 2
666 2
667 2
668 9
669 7
670 2
671 2
672 2
673 7
674 1
675 1
676 11
677 1
678 4
679 4
680 20
681 4
682 5
683 4
684 2
685 4
686 2
687 5
688 2
689 2
690 2
691 2
692 2
693 2
694 2
695 2
696 2
697 2
698 2
699 7
700 2
701 2
702 2
703 2
704 2
705 2
706 2
707 2
708 2
709 2
710 2
711 2
712 2
713 2
714 2
715 2
716 2
717 2
718 2
719 1
720 2
721 1
722 3
723 1
724 7
725 1
726 3
727 4
728 1
729 2
730 3
731 4
732 4
733 4
734 4
735 4
736 8
737 4
738 1
739 1
740 4
741 4
742 3
743 4
744 3
745 3
746 3
747 1
748 3
749 3
750 4
751 3
752 3
753 8
754 3
755 4
756 4
757 1
758 1
759 3
760 4
761 4
762 4
763 8
764 3
765 1
766 4
767 8
768 4
769 2
770 4
771 8
772 1
773 4
774 4
775 22
776 2
777 7
778 9
779 4
780 2
781 2
782 2
783 2
784 2
785 4
786 9
787 2
788 4
789 2
790 2
791 4
792 2
793 2
794 2
795 2
796 2
797 2
798 2
799 4
800 2
801 2
802 4
803 4
804 4
805 7
806 4
807 2
808 2
809 2
810 2
811 2
812 2
813 2
814 2
815 2
816 2
817 2
818 2
819 2
820 2
821 2
822 2
823 2
824 2
825 2
826 2
827 2
828 2
829 2
830 2
831 2
832 2
833 2
834 2
835 2
836 2
837 1
838 2
839 2
840 2
841 2
842 2
843 1
844 1
845 1
846 1
847 6
848 11
849 22
850 19
851 11
852 37
853 11
854 100
855 50
856 125
857 26
858 59
859 12
860 150
861 8
862 30
863 9
864 4
865 6
866 63
867 6
868 48
869 0
870 3
871 3
872 2
873 12
874 7
875 8
876 6
877 24
878 9
879 9
880 9
881 4
882 7
883 4
884 2
885 2
886 4
887 2
888 2
889 4
890 2
891 2
892 2
893 2
894 2
895 7
896 2
897 2
898 7
899 4
900 2
901 4
902 4
903 2
904 2
905 2
906 2
907 2
908 2
909 2
910 9
911 22
912 5
913 13
914 13
915 4
916 2
917 2
918 2
919 4
920 2
921 5
922 2
923 2
924 2
925 2
926 4
927 2
928 2
929 4
930 2
931 2
932 2
933 4
934 2
935 2
936 2
937 2
938 2
939 2
940 2
941 2
942 2
943 2
944 2
945 61
946 31
947 22
948 7
949 7
950 9
951 6
952 7
953 9
954 4
955 4
956 2
957 2
958 2
959 64
960 88
961 42
962 107
963 122
964 186
965 22
966 13
967 44
968 28
969 13
970 31
971 22
972 12
973 11
974 9
975 22
976 7
977 7
978 13
979 11
980 24
981 22
982 4
983 18
984 44
985 4
986 11
987 44
988 27
989 80
990 40
991 72
992 20
993 44
994 0
995 7
996 0
997 13
998 81
999 129
1000 265
1001 22
1002 53
1003 30
1004 18
1005 12
1006 9
1007 55
1008 9
1009 110
1010 49
1011 186
1012 55
1013 72
1014 86
1015 69
1016 59
1017 6
1018 24
1019 24
1020 0
1021 36
1022 19
1023 71
1024 95
1025 24
1026 24
1027 6
1028 9
1029 6
1030 5
1031 13
1032 6
1033 9
1034 14
1035 107
1036 9
1037 52
1038 36
1039 19
1040 12
1041 12
1042 14
1043 36
1044 265
1045 88
1046 133
1047 107
1048 107
1049 106
1050 133
1051 18
1052 59
1053 9
1054 7
1055 7
1056 4
1057 14
1058 52
1059 133
1060 133
1061 221
1062 29
1063 68
1064 79
1065 110
1066 90
1067 38
1068 28
1069 37
1070 4
1071 7
1072 4
1073 4
1074 2
1075 4
1076 14
1077 2
1078 22
1079 44
1080 8
1081 15
1082 39
1083 19
1084 28
1085 9
1086 7
1087 17
1088 22
1089 4
1090 4
1091 15
1092 9
1093 125
1094 18
1095 110
1096 45
1097 18
1098 20
1099 4
1100 6
1101 3
1102 31
1103 3
1104 14
1105 121
1106 22
1107 4
1108 9
1109 29
1110 15
1111 9
1112 18
1113 4
1114 1
1115 1
1116 0
1117 0
1118 4
1119 1
1120 2
1121 1
1122 1
1123 3
1124 1
1125 1
1126 16
1127 1
1128 7
1129 0
1130 1
1131 9
1132 1
1133 1
1134 1
1135 5
1136 1
1137 0
1138 1
1139 1
1140 1
1141 31
1142 25
1143 7
1144 24
1145 3
1146 3
1147 14
1148 9
1149 9
1150 12
1151 3
1152 9
1153 15
1154 5
1155 9
1156 7
1157 4
1158 4
1159 7
1160 5
1161 18
1162 3
1163 8
1164 6
1165 4
1166 2
1167 2
1168 2
1169 4
1170 4
1171 7
1172 2
1173 2
1174 2
1175 2
1176 4
1177 2
1178 2
1179 18
1180 4
1181 2
1182 0
1183 4
1184 9
1185 4
1186 4
1187 4
1188 7
1189 4
1190 2
1191 2
1192 2
1193 2
1194 4
1195 2
1196 2
1197 2
1198 2
1199 2
1200 2
1201 2
1202 2
1203 2
1204 2
1205 4
1206 2
1207 2
1208 2
1209 4
1210 2
1211 8
1212 2
1213 2
1214 2
1215 2
1216 2
1217 2
1218 4
1219 2
1220 2
1221 4
1222 4
1223 2
1224 2
1225 2
1226 2
1227 2
1228 2
1229 2
1230 2
1231 2
1232 2
1233 2
1234 2
1235 2
1236 4
1237 2
1238 2
1239 2
1240 2
1241 4
1242 2
1243 2
1244 4
1245 2
1246 2
1247 2
1248 4
1249 2
1250 7
1251 4
1252 4
1253 2
1254 2
1255 2
1256 2
1257 2
1258 2
1259 2
1260 4
1261 2
1262 2
1263 2
1264 2
1265 2
1266 2
1267 2
1268 2
1269 2
1270 2
1271 2
1272 2
1273 2
1274 2
1275 2
1276 2
1277 2
1278 2
1279 109
1280 219
1281 17
1282 75
1283 75
1284 176
1285 134
1286 109
1287 109
1288 90
1289 133
1290 133
1291 44
1292 79
1293 106
1294 99
1295 33
1296 35
1297 107
1298 88
1299 64
1300 168
1301 64
1302 168
1303 18
1304 19
1305 73
1306 109
1307 182
1308 146
1309 36
1310 10
1311 5
1312 26
1313 47
1314 13
1315 122
1316 73
1317 52
1318 59
1319 104
1320 55
1321 88
1322 88
1323 106
1324 22
1325 221
1326 221
1327 175
1328 215
1329 203
1330 119
1331 215
1332 90
1333 27
1334 90
1335 55
1336 265
1337 18
1338 7
1339 12
1340 12
1341 12
1342 13
1343 13
1344 103
1345 134
1346 84
1347 10
1348 2
1349 2
1350 13
1351 36
1352 2
1353 9
1354 2
1355 8
1356 11
1357 11
1358 3
1359 8
1360 0
1361 9
1362 4
1363 4
1364 22
1365 13
1366 22
1367 15
1368 16
1369 3
1370 90
1371 88
1372 53
1373 5
1374 4
1375 4
1376 5
1377 7
1378 4
1379 11
1380 11
1381 122
1382 38
1383 137
1384 44
1385 52
1386 44
1387 71
1388 23
1389 7
1390 9
1391 4
1392 12
1393 13
1394 2
1395 6
1396 40
1397 22
1398 133
1399 66
1400 14
1401 66
1402 33
1403 33
1404 11
1405 26
1406 126
1407 152
1408 143
1409 95
1410 32
1411 58
1412 20
1413 101
1414 186
1415 221
1416 72
;

param Ttarget := 
1 1 1000
2 1 1000
3 1 1000
4 1 1000
5 1 500
6 1 500
7 1 500
8 1 500
1 2 1000
2 2 1000
3 2 1000
4 2 1000
5 2 500
6 2 500
7 2 500
8 2 500
1 3 1000
2 3 1000
3 3 1000
4 3 1000
5 3 500
6 3 500
7 3 500
8 3 500
1 4 1000
2 4 1000
3 4 1000
4 4 1000
5 4 500
6 4 500
7 4 500
8 4 500
1 5 1000
2 5 1000
3 5 1000
4 5 1000
5 5 500
6 5 500
7 5 500
8 5 500
;

set Bannlisti := 
;
set Fixlisti := 
1 1 1 
2 1 1 
3 1 1 
4 1 1 
5 1 1 
6 1 1 
7 1 1 
8 1 1 
9 1 1 
10 1 1 
11 1 1 
12 1 1 
13 2 1 
14 1 1 
15 1 1 
16 1 1 
17 1 1 
18 1 1 
19 1 1 
20 1 1 
21 1 1 
22 1 1 
23 2 1 
24 2 1 
25 2 1 
26 2 1 
27 2 1 
28 2 1 
29 2 1 
30 8 1 
31 8 1 
32 8 1 
33 8 1 
34 8 1 
35 8 1 
36 8 1 
37 8 1 
38 8 1 
39 8 1 
40 8 1 
41 8 1 
42 8 1 
43 8 1 
44 8 1 
45 8 1 
46 8 1 
47 8 1 
48 8 1 
49 8 1 
50 8 1 
51 8 1 
52 8 1 
53 8 1 
54 8 1 
55 8 1 
56 8 1 
57 8 1 
58 7 1 
59 7 1 
60 7 1 
61 4 1 
62 4 1 
63 8 1 
64 1 1 
65 1 1 
66 8 1 
67 1 1 
68 4 1 
69 4 1 
70 8 1 
71 3 1 
72 6 1 
73 8 1 
74 3 1 
75 5 1 
76 8 1 
77 2 1 
78 1 2 
79 1 2 
80 1 2 
81 1 2 
82 1 2 
83 1 2 
84 1 2 
85 1 2 
86 1 2 
87 1 2 
88 1 2 
89 1 2 
90 1 2 
91 1 2 
92 1 2 
93 1 2 
94 1 2 
95 1 2 
96 1 2 
97 1 2 
98 1 2 
99 1 2 
100 1 2 
101 1 2 
102 8 2 
103 8 2 
104 8 2 
105 2 2 
106 8 2 
107 8 2 
108 6 2 
109 8 2 
110 8 2 
111 8 2 
112 8 2 
113 8 2 
114 8 2 
115 8 2 
116 8 2 
117 6 2 
118 4 2 
119 6 2 
120 8 2 
121 8 2 
122 1 2 
123 8 2 
124 7 2 
125 1 2 
126 4 2 
127 8 2 
128 6 2 
129 1 2 
130 1 2 
131 4 2 
132 1 2 
133 8 2 
134 4 2 
135 4 2 
136 4 2 
137 4 2 
138 4 2 
139 4 2 
140 4 2 
141 4 2 
142 1 2 
143 2 2 
144 2 2 
145 2 2 
146 1 2 
147 1 2 
148 1 2 
149 1 2 
150 2 2 
151 2 2 
152 1 2 
153 1 2 
154 3 2 
155 3 2 
156 3 2 
157 3 2 
158 3 2 
159 3 2 
160 3 2 
161 3 2 
162 3 2 
163 3 2 
164 3 2 
165 3 2 
166 3 2 
167 3 2 
168 3 2 
169 3 2 
170 3 2 
171 3 2 
172 3 2 
173 3 2 
174 3 2 
175 3 2 
176 3 2 
177 3 2 
178 3 2 
179 3 2 
180 3 2 
181 3 2 
182 3 2 
183 3 2 
184 3 2 
185 3 2 
186 3 2 
187 3 2 
188 3 2 
189 3 2 
190 3 2 
191 3 2 
192 3 2 
193 3 2 
194 3 2 
195 3 2 
196 3 2 
197 3 2 
198 3 2 
199 3 2 
200 3 2 
201 3 2 
202 3 2 
203 3 2 
204 3 2 
205 3 2 
206 1 2 
207 8 2 
208 6 2 
209 2 2 
210 1 2 
211 6 2 
212 1 2 
213 3 2 
214 3 2 
215 3 2 
216 3 2 
217 3 2 
218 3 2 
219 3 2 
220 3 2 
221 3 2 
222 3 2 
223 8 2 
224 8 2 
225 8 2 
226 8 2 
227 8 2 
228 8 2 
229 8 2 
230 7 2 
231 2 2 
232 8 2 
233 8 2 
234 7 2 
235 7 2 
236 7 2 
237 2 2 
238 2 2 
239 6 2 
240 8 2 
241 2 2 
242 8 2 
243 8 2 
244 8 2 
245 7 2 
246 7 2 
247 7 2 
248 7 2 
249 7 2 
250 7 2 
251 2 2 
252 7 2 
253 7 2 
254 8 2 
255 2 2 
256 5 2 
257 5 2 
258 5 2 
259 5 2 
260 5 2 
261 7 2 
262 6 2 
263 7 2 
264 8 2 
265 5 2 
266 1 2 
267 6 2 
268 6 2 
269 1 2 
270 8 2 
271 1 2 
272 1 2 
273 3 2 
274 7 2 
275 7 2 
276 7 2 
277 7 2 
278 6 2 
279 7 2 
280 7 2 
281 1 2 
282 7 2 
283 3 2 
284 7 2 
285 6 2 
286 1 2 
287 1 2 
288 6 2 
289 7 2 
290 7 2 
291 1 2 
292 1 2 
293 6 2 
294 1 2 
295 7 2 
296 3 2 
297 3 2 
298 8 2 
299 2 2 
300 1 2 
301 6 2 
302 7 2 
303 2 2 
304 7 2 
305 6 2 
306 6 2 
307 6 2 
308 1 2 
309 1 2 
310 1 2 
311 7 2 
312 8 2 
313 1 2 
314 8 2 
315 8 2 
316 2 2 
317 8 2 
318 1 2 
319 2 2 
320 2 2 
321 3 2 
322 3 2 
323 8 2 
324 3 2 
325 3 2 
326 1 2 
327 1 2 
328 1 2 
329 1 2 
330 1 2 
331 1 2 
332 1 2 
333 1 2 
334 3 2 
335 6 2 
336 6 2 
337 1 2 
338 6 2 
339 8 2 
340 1 2 
341 1 2 
342 6 2 
343 6 2 
344 6 2 
345 8 2 
346 8 2 
347 8 2 
348 8 2 
349 7 2 
350 4 2 
351 8 2 
352 8 2 
353 3 2 
354 8 2 
355 4 2 
356 3 2 
357 7 2 
358 2 2 
359 1 2 
360 8 2 
361 8 2 
362 7 2 
363 3 2 
364 7 2 
365 7 2 
366 8 2 
367 7 2 
368 3 2 
369 8 2 
370 8 2 
371 1 2 
372 4 2 
373 2 2 
374 1 2 
375 7 2 
376 8 2 
377 1 2 
378 1 2 
379 2 2 
380 1 2 
381 1 2 
382 4 2 
383 7 2 
384 8 2 
385 2 2 
386 6 2 
387 6 2 
388 6 2 
389 6 2 
390 6 2 
391 6 2 
392 6 2 
393 6 2 
394 6 2 
395 6 2 
396 2 2 
397 1 2 
398 1 2 
399 2 2 
400 6 2 
401 6 2 
402 6 2 
403 6 2 
404 6 2 
405 6 2 
406 6 2 
407 6 2 
408 6 2 
409 6 2 
410 6 2 
411 6 2 
412 6 2 
413 6 2 
414 6 2 
415 6 2 
416 6 2 
417 6 2 
418 6 2 
419 6 2 
420 6 2 
421 6 2 
422 6 2 
423 6 2 
424 6 2 
425 6 2 
426 6 2 
427 6 2 
428 5 2 
429 5 2 
430 5 2 
431 4 2 
432 7 2 
433 8 2 
434 8 2 
435 2 2 
436 3 2 
437 6 2 
438 5 2 
439 5 2 
440 8 2 
441 8 2 
442 8 2 
443 4 2 
444 1 2 
445 1 2 
446 1 2 
447 1 2 
448 8 2 
449 4 2 
450 7 2 
451 7 2 
452 8 2 
453 8 2 
454 8 2 
455 8 2 
456 8 2 
457 8 2 
458 8 2 
459 8 2 
460 8 2 
461 8 2 
462 8 2 
463 8 2 
464 8 2 
465 8 2 
466 8 2 
467 8 2 
468 8 2 
469 3 2 
470 3 2 
471 3 2 
472 3 2 
473 3 2 
474 2 2 
475 3 2 
476 3 2 
477 6 2 
478 6 2 
479 6 2 
480 4 2 
481 1 2 
482 6 2 
483 8 2 
484 6 2 
485 1 2 
486 1 2 
487 1 2 
488 4 2 
489 2 2 
490 6 2 
491 8 2 
492 1 2 
493 1 2 
494 1 2 
495 6 2 
496 6 2 
497 6 2 
498 6 2 
499 6 2 
500 6 2 
501 6 2 
502 6 2 
503 6 2 
504 8 2 
505 1 2 
506 1 2 
507 2 2 
508 7 2 
509 6 2 
510 1 2 
511 1 2 
512 6 2 
513 8 2 
514 8 2 
515 8 2 
516 8 2 
517 5 2 
518 5 2 
519 5 2 
520 5 2 
521 3 2 
522 3 2 
523 8 2 
524 7 2 
525 2 2 
526 2 2 
527 8 2 
528 8 2 
529 7 2 
530 3 2 
531 7 2 
532 8 2 
533 8 2 
534 7 2 
535 3 2 
536 8 2 
537 8 2 
538 7 2 
539 7 2 
540 2 2 
541 2 2 
542 8 2 
543 8 2 
544 1 2 
545 7 2 
546 4 2 
547 8 2 
548 8 2 
549 8 2 
550 8 2 
551 8 2 
552 2 2 
553 6 2 
554 1 2 
555 5 2 
556 8 2 
557 3 2 
558 8 2 
559 5 2 
560 8 2 
561 7 2 
562 8 2 
563 6 2 
564 7 2 
565 1 2 
566 3 2 
567 7 2 
568 8 2 
569 3 2 
570 3 2 
571 1 2 
572 2 2 
573 8 2 
574 8 2 
575 8 2 
576 3 2 
577 6 2 
578 8 2 
579 1 2 
580 7 2 
581 8 2 
582 8 2 
583 5 2 
584 8 2 
585 8 2 
586 8 2 
587 8 2 
588 8 2 
589 8 2 
590 5 2 
591 1 2 
592 8 2 
593 8 2 
594 5 2 
595 7 2 
596 3 2 
597 5 2 
598 3 2 
599 1 2 
600 8 2 
601 3 2 
602 8 2 
603 5 2 
604 7 2 
605 3 2 
606 5 2 
607 8 2 
608 8 2 
609 5 2 
610 7 2 
611 8 2 
612 8 2 
613 8 2 
614 8 2 
615 7 2 
616 1 2 
617 8 2 
618 1 2 
619 7 2 
620 4 2 
621 1 2 
622 3 2 
623 7 2 
624 1 2 
625 4 2 
626 7 2 
627 8 2 
628 4 2 
629 8 2 
630 3 2 
631 3 2 
632 3 2 
633 3 2 
634 6 2 
635 8 2 
636 4 2 
637 4 2 
638 8 2 
639 3 2 
640 3 2 
641 7 2 
642 3 2 
643 8 2 
644 6 2 
645 7 2 
646 3 2 
647 4 2 
648 8 2 
649 3 2 
650 3 2 
651 3 2 
652 5 2 
653 3 2 
654 3 2 
655 1 2 
656 8 2 
657 8 2 
658 3 2 
659 6 2 
660 3 2 
661 3 2 
662 8 2 
663 8 2 
664 2 2 
665 5 2 
666 7 2 
667 5 2 
668 6 2 
669 6 2 
670 3 2 
671 7 2 
672 6 2 
673 6 2 
674 1 2 
675 1 2 
676 1 2 
677 1 2 
678 7 2 
679 3 2 
680 6 2 
681 3 2 
682 3 2 
683 6 2 
684 5 2 
685 1 2 
686 2 2 
687 5 2 
688 7 2 
689 8 2 
690 8 2 
691 3 2 
692 1 2 
693 8 2 
694 8 2 
695 8 2 
696 8 2 
697 8 2 
698 8 2 
699 3 2 
700 3 2 
701 8 2 
702 8 2 
703 8 2 
704 6 2 
705 8 2 
706 8 2 
707 8 2 
708 5 2 
709 8 2 
710 4 2 
711 4 2 
712 8 2 
713 5 2 
714 8 2 
715 8 2 
716 8 2 
717 5 2 
718 3 2 
719 1 2 
720 1 2 
721 8 2 
722 7 2 
723 2 2 
724 6 2 
725 7 2 
726 8 2 
727 7 2 
728 3 2 
729 6 2 
730 5 2 
731 1 2 
732 6 2 
733 6 2 
734 1 2 
735 1 2 
736 1 2 
737 8 2 
738 1 2 
739 6 2 
740 7 2 
741 3 2 
742 3 2 
743 6 2 
744 7 2 
745 1 2 
746 6 2 
747 6 2 
748 6 2 
749 3 2 
750 6 2 
751 8 2 
752 8 2 
753 7 2 
754 3 2 
755 1 2 
756 1 2 
757 6 2 
758 7 2 
759 7 2 
760 3 2 
761 1 2 
762 8 2 
763 1 2 
764 6 2 
765 1 2 
766 3 2 
767 8 2 
768 3 2 
769 6 2 
770 1 2 
771 3 2 
772 7 2 
773 4 2 
774 4 2 
775 1 2 
776 1 2 
777 3 2 
778 3 2 
779 3 2 
780 7 2 
781 7 2 
782 8 2 
783 1 2 
784 3 2 
785 6 2 
786 3 2 
787 6 2 
788 8 2 
789 3 2 
790 2 2 
791 6 2 
792 5 2 
793 7 2 
794 3 2 
795 6 2 
796 3 2 
797 3 2 
798 3 2 
799 6 2 
800 7 2 
801 3 2 
802 7 2 
803 6 2 
804 6 2 
805 1 2 
806 8 2 
807 8 2 
808 8 2 
809 6 2 
810 6 2 
811 3 2 
812 3 2 
813 1 2 
814 1 2 
815 4 2 
816 1 2 
817 7 2 
818 7 2 
819 7 2 
820 8 2 
821 3 2 
822 1 2 
823 1 2 
824 1 2 
825 1 2 
826 7 2 
827 7 2 
828 8 2 
829 1 2 
830 7 2 
831 5 2 
832 8 2 
833 8 2 
834 5 2 
835 3 2 
836 8 2 
837 4 2 
838 8 2 
839 5 2 
840 8 2 
841 3 2 
842 8 2 
843 6 2 
844 1 2 
845 7 2 
846 1 2 
847 1 2 
848 1 2 
849 1 2 
850 1 2 
851 1 2 
852 1 2 
853 1 2 
854 1 2 
855 1 2 
856 1 2 
857 1 2 
858 1 2 
859 1 2 
860 1 2 
861 1 2 
862 1 2 
863 1 2 
864 1 2 
865 2 3 
866 2 3 
867 2 3 
868 2 3 
869 8 3 
870 8 3 
871 8 3 
872 8 3 
873 8 3 
874 8 3 
875 8 3 
876 8 3 
877 2 3 
878 8 3 
879 8 3 
880 3 3 
881 6 3 
882 6 3 
883 8 3 
884 8 3 
885 5 3 
886 5 3 
887 8 3 
888 3 3 
889 5 3 
890 4 3 
891 5 3 
892 4 3 
893 6 3 
894 7 3 
895 1 3 
896 8 3 
897 6 3 
898 4 3 
899 3 3 
900 8 3 
901 7 3 
902 5 3 
903 3 3 
904 7 3 
905 7 3 
906 8 3 
907 6 3 
908 6 3 
909 3 3 
910 8 3 
911 8 3 
912 8 3 
913 8 3 
914 8 3 
915 8 3 
916 8 3 
917 8 3 
918 8 3 
919 8 3 
920 7 3 
921 5 3 
922 7 3 
923 7 3 
924 7 3 
925 7 3 
926 8 3 
927 8 3 
928 5 3 
929 3 3 
930 7 3 
931 3 3 
932 3 3 
933 6 3 
934 6 3 
935 5 3 
936 7 3 
937 7 3 
938 5 3 
939 6 3 
940 7 3 
941 1 3 
942 7 3 
943 2 3 
944 7 3 
945 8 3 
946 8 3 
947 8 3 
948 8 3 
949 8 3 
950 8 3 
951 8 3 
952 8 3 
953 8 3 
954 8 3 
955 8 3 
956 8 3 
957 8 3 
958 8 3 
959 3 3 
960 3 3 
961 3 3 
962 3 3 
963 3 3 
964 3 3 
965 3 3 
966 3 3 
967 3 3 
968 3 3 
969 3 3 
970 3 3 
971 3 3 
972 3 3 
973 3 3 
974 3 3 
975 3 3 
976 3 3 
977 3 3 
978 3 3 
979 3 3 
980 3 3 
981 3 3 
982 3 3 
983 3 3 
984 3 3 
985 3 3 
986 3 3 
987 3 3 
988 3 3 
989 8 3 
990 8 3 
991 8 3 
992 8 3 
993 8 3 
994 4 3 
995 4 3 
996 8 3 
997 8 3 
998 4 3 
999 4 3 
1000 4 3 
1001 4 3 
1002 4 3 
1003 4 3 
1004 4 3 
1005 4 3 
1006 4 3 
1007 3 3 
1008 3 3 
1009 3 3 
1010 3 3 
1011 3 3 
1012 3 3 
1013 3 3 
1014 4 3 
1015 4 3 
1016 4 3 
1017 4 3 
1018 4 3 
1019 4 3 
1020 4 3 
1021 4 3 
1022 4 3 
1023 4 3 
1024 4 3 
1025 4 3 
1026 4 3 
1027 6 3 
1028 6 3 
1029 6 3 
1030 6 3 
1031 6 3 
1032 6 3 
1033 6 3 
1034 6 3 
1035 6 3 
1036 3 3 
1037 3 3 
1038 3 3 
1039 3 3 
1040 3 3 
1041 3 3 
1042 3 3 
1043 3 3 
1044 6 3 
1045 6 3 
1046 6 3 
1047 6 3 
1048 6 3 
1049 6 3 
1050 6 3 
1051 4 3 
1052 3 3 
1053 6 3 
1054 6 3 
1055 6 3 
1056 6 3 
1057 6 3 
1058 6 3 
1059 6 3 
1060 6 3 
1061 6 3 
1062 6 3 
1063 6 3 
1064 6 3 
1065 6 3 
1066 6 3 
1067 6 3 
1068 6 3 
1069 6 3 
1070 3 3 
1071 7 3 
1072 7 3 
1073 7 3 
1074 7 3 
1075 7 3 
1076 7 3 
1077 7 3 
1078 7 3 
1079 8 3 
1080 8 3 
1081 8 3 
1082 7 3 
1083 7 3 
1084 7 3 
1085 7 3 
1086 8 3 
1087 7 3 
1088 7 3 
1089 7 3 
1090 7 3 
1091 7 3 
1092 7 3 
1093 7 3 
1094 7 3 
1095 7 3 
1096 7 3 
1097 7 3 
1098 7 3 
1099 7 3 
1100 8 3 
1101 8 3 
1102 8 3 
1103 8 3 
1104 7 3 
1105 8 3 
1106 8 3 
1107 7 3 
1108 7 3 
1109 7 3 
1110 7 3 
1111 7 3 
1112 7 3 
1113 7 3 
1114 7 3 
1115 7 3 
1116 7 3 
1117 7 3 
1118 7 3 
1119 7 3 
1120 7 3 
1121 7 3 
1122 7 3 
1123 7 3 
1124 7 3 
1125 7 3 
1126 7 3 
1127 7 3 
1128 7 3 
1129 7 3 
1130 7 3 
1131 7 3 
1132 7 3 
1133 7 3 
1134 7 3 
1135 7 3 
1136 7 3 
1137 7 3 
1138 7 3 
1139 7 3 
1140 6 3 
1141 8 3 
1142 8 3 
1143 7 3 
1144 8 3 
1145 8 3 
1146 8 3 
1147 8 3 
1148 8 3 
1149 8 3 
1150 8 3 
1151 8 3 
1152 8 3 
1153 8 3 
1154 8 3 
1155 8 3 
1156 8 3 
1157 8 3 
1158 8 3 
1159 8 3 
1160 8 3 
1161 8 3 
1162 8 3 
1163 6 3 
1164 8 3 
1165 8 3 
1166 8 3 
1167 8 3 
1168 8 3 
1169 8 3 
1170 8 3 
1171 8 3 
1172 8 3 
1173 7 3 
1174 8 3 
1175 7 3 
1176 3 3 
1177 6 3 
1178 6 3 
1179 3 3 
1180 6 3 
1181 7 3 
1182 3 3 
1183 3 3 
1184 1 3 
1185 1 3 
1186 3 3 
1187 3 3 
1188 7 3 
1189 3 3 
1190 6 3 
1191 8 3 
1192 8 3 
1193 5 3 
1194 7 3 
1195 8 3 
1196 4 3 
1197 1 3 
1198 3 3 
1199 7 3 
1200 4 3 
1201 1 3 
1202 4 3 
1203 8 3 
1204 4 3 
1205 8 3 
1206 1 3 
1207 8 3 
1208 6 3 
1209 6 3 
1210 6 3 
1211 4 3 
1212 8 3 
1213 8 3 
1214 8 3 
1215 8 3 
1216 5 3 
1217 6 3 
1218 3 3 
1219 4 3 
1220 7 3 
1221 3 3 
1222 7 3 
1223 3 3 
1224 3 3 
1225 8 3 
1226 4 3 
1227 8 3 
1228 8 3 
1229 3 3 
1230 8 3 
1231 8 3 
1232 5 3 
1233 4 3 
1234 8 3 
1235 5 3 
1236 2 3 
1237 3 3 
1238 1 3 
1239 7 3 
1240 7 3 
1241 3 3 
1242 3 3 
1243 3 3 
1244 6 3 
1245 3 3 
1246 3 3 
1247 6 3 
1248 3 3 
1249 3 3 
1250 6 3 
1251 6 3 
1252 5 3 
1253 6 3 
1254 7 3 
1255 8 3 
1256 8 3 
1257 8 3 
1258 8 3 
1259 3 3 
1260 6 3 
1261 6 3 
1262 6 3 
1263 8 3 
1264 3 3 
1265 7 3 
1266 6 3 
1267 8 3 
1268 1 3 
1269 1 3 
1270 1 3 
1271 1 3 
1272 5 3 
1273 5 3 
1274 5 3 
1275 8 3 
1276 8 3 
1277 6 3 
1278 6 3 
1279 1 3 
1280 1 3 
1281 1 3 
1282 1 3 
1283 1 3 
1284 1 3 
1285 1 3 
1286 1 3 
1287 1 3 
1288 1 3 
1289 1 3 
1290 1 3 
1291 1 3 
1292 1 3 
1293 1 3 
1294 1 3 
1295 1 3 
1296 1 3 
1297 1 3 
1298 1 3 
1299 1 3 
1300 1 3 
1301 1 3 
1302 1 3 
1303 1 3 
1304 2 4 
1305 2 4 
1306 2 4 
1307 2 4 
1308 2 4 
1309 2 4 
1310 8 4 
1311 8 4 
1312 2 4 
1313 2 4 
1314 2 4 
1315 4 4 
1316 4 4 
1317 4 4 
1318 3 4 
1319 5 4 
1320 5 4 
1321 5 4 
1322 5 4 
1323 5 4 
1324 5 4 
1325 5 4 
1326 5 4 
1327 5 4 
1328 5 4 
1329 5 4 
1330 5 4 
1331 5 4 
1332 5 4 
1333 5 4 
1334 5 4 
1335 5 4 
1336 5 4 
1337 5 4 
1338 5 4 
1339 3 4 
1340 8 4 
1341 5 4 
1342 8 4 
1343 8 4 
1344 2 4 
1345 2 4 
1346 2 4 
1347 8 4 
1348 7 4 
1349 7 4 
1350 7 4 
1351 7 4 
1352 7 4 
1353 7 4 
1354 7 4 
1355 7 4 
1356 7 4 
1357 7 4 
1358 8 4 
1359 8 4 
1360 2 4 
1361 8 4 
1362 8 4 
1363 8 4 
1364 8 4 
1365 8 4 
1366 8 4 
1367 8 4 
1368 8 4 
1369 7 4 
1370 7 4 
1371 7 4 
1372 7 4 
1373 7 4 
1374 7 4 
1375 7 4 
1376 7 4 
1377 7 4 
1378 7 4 
1379 1 4 
1380 1 4 
1381 1 4 
1382 1 4 
1383 1 4 
1384 1 4 
1385 1 4 
1386 1 4 
1387 1 4 
1388 1 4 
1389 1 4 
1390 1 4 
1391 1 4 
1392 1 4 
1393 1 4 
1394 1 4 
1395 1 4 
1396 1 4 
1397 1 4 
1398 1 4 
1399 1 4 
1400 1 4 
1401 1 4 
1402 1 4 
1403 1 4 
1404 1 4 
1405 1 4 
1406 1 4 
1407 1 4 
1408 1 4 
1409 1 4 
1410 1 4 
1411 1 4 
1412 1 4 
1413 1 4 
1414 1 4 
1415 1 4 
1416 1 4 
;
end;
