param S := 914;
param T := 8;
param D := 5;
param windowsize := 0;

param A := 
1 35
2 150
3 50
4 25
5 267
6 26
7 6
8 5
9 5
10 56
11 61
12 106
13 47
14 152
15 2
16 76
17 46
18 51
19 14
20 105
21 47
22 30
23 4
24 4
25 5
26 37
27 46
28 42
29 136
30 22
31 146
32 72
33 54
34 8
35 40
36 8
37 12
38 90
39 9
40 12
41 14
42 7
43 19
44 474
45 3
46 12
47 5
48 6
49 6
50 6
51 7
52 18
53 36
54 24
55 3
56 253
57 10
58 63
59 84
60 36
61 6
62 6
63 39
64 11
65 8
66 11
67 5
68 10
69 12
70 12
71 21
72 190
73 129
74 80
75 29
76 15
77 7
78 7
79 13
80 11
81 14
82 9
83 35
84 24
85 24
86 12
87 1
88 20
89 18
90 27
91 44
92 22
93 24
94 7
95 30
96 8
97 81
98 257
99 22
100 77
101 36
102 24
103 48
104 59
105 24
106 17
107 12
108 24
109 24
110 24
111 52
112 104
113 8
114 48
115 18
116 3
117 44
118 152
119 22
120 16
121 55
122 7
123 14
124 16
125 9
126 2
127 22
128 26
129 88
130 18
131 72
132 13
133 13
134 3
135 27
136 3
137 65
138 27
139 13
140 3
141 8
142 3
143 73
144 146
145 146
146 219
147 91
148 61
149 146
150 24
151 401
152 127
153 84
154 6
155 24
156 27
157 8
158 83
159 44
160 106
161 18
162 68
163 20
164 13
165 125
166 88
167 88
168 13
169 51
170 8
171 2
172 8
173 65
174 106
175 86
176 141
177 107
178 0
179 98
180 66
181 13
182 13
183 9
184 4
185 13
186 11
187 9
188 5
189 2
190 13
191 9
192 13
193 52
194 18
195 185
196 86
197 106
198 265
199 13
200 13
201 22
202 222
203 7
204 84
205 4
206 11
207 2
208 18
209 8
210 9
211 21
212 17
213 65
214 106
215 36
216 23
217 110
218 141
219 115
220 88
221 55
222 55
223 43
224 37
225 110
226 36
227 110
228 96
229 46
230 37
231 67
232 37
233 33
234 38
235 44
236 55
237 20
238 27
239 48
240 90
241 84
242 55
243 107
244 159
245 14
246 36
247 2
248 5
249 7
250 1
251 14
252 4
253 15
254 12
255 7
256 6
257 8
258 27
259 27
260 0
261 7
262 2
263 9
264 9
265 8
266 9
267 7
268 18
269 5
270 15
271 18
272 22
273 22
274 11
275 44
276 8
277 22
278 9
279 13
280 9
281 9
282 9
283 9
284 9
285 25
286 3
287 43
288 26
289 7
290 27
291 18
292 7
293 4
294 2
295 2
296 6
297 6
298 135
299 19
300 30
301 16
302 22
303 14
304 0
305 18
306 66
307 8
308 4
309 0
310 7
311 2
312 11
313 7
314 2
315 8
316 89
317 135
318 119
319 72
320 18
321 17
322 96
323 0
324 96
325 133
326 107
327 146
328 182
329 91
330 100
331 150
332 88
333 212
334 134
335 124
336 186
337 64
338 221
339 168
340 113
341 0
342 0
343 11
344 46
345 199
346 90
347 221
348 100
349 110
350 106
351 177
352 107
353 6
354 9
355 2
356 11
357 4
358 4
359 4
360 73
361 6
362 75
363 10
364 39
365 38
366 14
367 5
368 110
369 2
370 130
371 18
372 93
373 35
374 60
375 4
376 50
377 3
378 24
379 13
380 27
381 2
382 64
383 44
384 27
385 22
386 80
387 186
388 49
389 88
390 72
391 17
392 35
393 24
394 0
395 24
396 24
397 5
398 3
399 20
400 12
401 13
402 43
403 69
404 24
405 48
406 9
407 73
408 107
409 107
410 106
411 86
412 88
413 72
414 22
415 22
416 221
417 150
418 411
419 215
420 86
421 107
422 7
423 27
424 20
425 47
426 74
427 46
428 46
429 118
430 249
431 68
432 101
433 49
434 10
435 13
436 6
437 6
438 42
439 106
440 35
441 55
442 95
443 76
444 53
445 53
446 157
447 65
448 60
449 22
450 203
451 215
452 36
453 9
454 4
455 4
456 11
457 4
458 9
459 2
460 10
461 9
462 2
463 13
464 13
465 9
466 2
467 9
468 10
469 1
470 66
471 7
472 7
473 18
474 52
475 5
476 7
477 5
478 2
479 13
480 2
481 0
482 9
483 12
484 48
485 6
486 6
487 2
488 7
489 42
490 28
491 14
492 2
493 2
494 3
495 9
496 3
497 6
498 43
499 6
500 31
501 13
502 18
503 22
504 22
505 44
506 4
507 2
508 7
509 5
510 20
511 3
512 3
513 27
514 9
515 5
516 11
517 24
518 3
519 7
520 8
521 46
522 13
523 0
524 56
525 7
526 2
527 0
528 12
529 3
530 3
531 5
532 2
533 13
534 29
535 2
536 22
537 7
538 2
539 7
540 4
541 7
542 4
543 13
544 33
545 5
546 34
547 9
548 4
549 1
550 4
551 4
552 13
553 6
554 37
555 4
556 9
557 8
558 0
559 100
560 100
561 24
562 75
563 9
564 12
565 12
566 134
567 109
568 2
569 0
570 80
571 44
572 44
573 18
574 12
575 126
576 219
577 37
578 215
579 55
580 42
581 77
582 9
583 19
584 8
585 18
586 4
587 9
588 146
589 128
590 5
591 5
592 23
593 11
594 11
595 26
596 1
597 1
598 26
599 36
600 36
601 22
602 5
603 4
604 11
605 316
606 83
607 94
608 4
609 3
610 8
611 21
612 4
613 12
614 9
615 19
616 9
617 3
618 211
619 84
620 73
621 79
622 225
623 0
624 73
625 51
626 73
627 71
628 15
629 74
630 45
631 34
632 88
633 9
634 143
635 76
636 88
637 27
638 13
639 4
640 14
641 7
642 18
643 30
644 55
645 72
646 44
647 44
648 13
649 4
650 7
651 8
652 9
653 12
654 4
655 9
656 5
657 7
658 106
659 64
660 107
661 80
662 150
663 86
664 133
665 86
666 250
667 2
668 13
669 4
670 17
671 2
672 2
673 4
674 16
675 19
676 3
677 88
678 90
679 8
680 265
681 106
682 86
683 85
684 86
685 179
686 86
687 123
688 94
689 221
690 9
691 22
692 22
693 66
694 7
695 6
696 34
697 13
698 4
699 4
700 53
701 53
702 20
703 53
704 53
705 53
706 53
707 27
708 46
709 57
710 53
711 19
712 107
713 133
714 221
715 64
716 83
717 222
718 44
719 83
720 76
721 31
722 123
723 20
724 3
725 7
726 36
727 24
728 6
729 18
730 2
731 2
732 9
733 17
734 36
735 28
736 97
737 27
738 3
739 27
740 168
741 86
742 44
743 44
744 26
745 14
746 27
747 4
748 2
749 9
750 42
751 0
752 7
753 12
754 14
755 0
756 0
757 5
758 9
759 27
760 9
761 0
762 79
763 1
764 1
765 4
766 23
767 134
768 133
769 44
770 107
771 47
772 47
773 62
774 84
775 158
776 317
777 9
778 5
779 5
780 5
781 61
782 91
783 73
784 109
785 75
786 75
787 50
788 125
789 25
790 100
791 97
792 9
793 12
794 185
795 12
796 1
797 3
798 19
799 36
800 1
801 1
802 27
803 0
804 2
805 4
806 13
807 9
808 20
809 4
810 6
811 4
812 12
813 2
814 1
815 36
816 52
817 78
818 9
819 36
820 59
821 24
822 0
823 129
824 129
825 66
826 106
827 86
828 33
829 30
830 4
831 105
832 7
833 13
834 0
835 0
836 43
837 56
838 13
839 4
840 7
841 21
842 44
843 34
844 110
845 90
846 9
847 215
848 29
849 45
850 179
851 55
852 27
853 27
854 7
855 29
856 35
857 110
858 24
859 18
860 8
861 24
862 78
863 13
864 40
865 7
866 4
867 4
868 14
869 46
870 11
871 8
872 32
873 2
874 7
875 8
876 30
877 1
878 0
879 34
880 5
881 22
882 54
883 65
884 14
885 0
886 63
887 13
888 11
889 11
890 11
891 11
892 61
893 33
894 113
895 108
896 28
897 46
898 92
899 215
900 133
901 124
902 100
903 134
904 107
905 18
906 59
907 62
908 14
909 48
910 172
911 54
912 160
913 30
914 101
;

param Ttarget := 
1 1 1000
2 1 1000
3 1 1000
4 1 1000
5 1 500
6 1 500
7 1 500
8 1 500
1 2 1000
2 2 1000
3 2 1000
4 2 1000
5 2 500
6 2 500
7 2 500
8 2 500
1 3 1000
2 3 1000
3 3 1000
4 3 1000
5 3 500
6 3 500
7 3 500
8 3 500
1 4 1000
2 4 1000
3 4 1000
4 4 1000
5 4 500
6 4 500
7 4 500
8 4 500
1 5 1000
2 5 1000
3 5 1000
4 5 1000
5 5 500
6 5 500
7 5 500
8 5 500
;

set Bannlisti := 
;
set Fixlisti := 
1 2 1 
2 1 1 
3 1 1 
4 1 1 
5 1 1 
6 1 1 
7 1 1 
8 1 1 
9 1 1 
10 1 1 
11 1 1 
12 1 1 
13 1 1 
14 1 1 
15 1 1 
16 1 1 
17 1 1 
18 1 1 
19 1 1 
20 1 1 
21 1 1 
22 8 1 
23 8 1 
24 8 1 
25 8 1 
26 2 1 
27 2 1 
28 2 1 
29 2 1 
30 2 1 
31 2 1 
32 2 1 
33 2 1 
34 2 1 
35 1 1 
36 1 1 
37 1 1 
38 1 1 
39 1 1 
40 1 1 
41 1 1 
42 1 1 
43 2 1 
44 2 1 
45 8 1 
46 8 1 
47 8 1 
48 8 1 
49 8 1 
50 8 1 
51 8 1 
52 8 1 
53 8 1 
54 8 1 
55 8 1 
56 2 1 
57 2 1 
58 2 1 
59 2 1 
60 2 1 
61 8 1 
62 8 1 
63 8 1 
64 8 1 
65 8 1 
66 8 1 
67 8 1 
68 8 1 
69 8 1 
70 8 1 
71 8 1 
72 8 1 
73 8 1 
74 8 1 
75 8 1 
76 8 1 
77 8 1 
78 8 1 
79 8 1 
80 8 1 
81 8 1 
82 8 1 
83 3 1 
84 3 1 
85 3 1 
86 3 1 
87 3 1 
88 3 1 
89 3 1 
90 3 1 
91 3 1 
92 3 1 
93 3 1 
94 3 1 
95 3 1 
96 4 1 
97 4 1 
98 4 1 
99 4 1 
100 4 1 
101 4 1 
102 4 1 
103 4 1 
104 4 1 
105 4 1 
106 4 1 
107 4 1 
108 4 1 
109 4 1 
110 4 1 
111 4 1 
112 4 1 
113 4 1 
114 4 1 
115 5 1 
116 5 1 
117 5 1 
118 5 1 
119 5 1 
120 5 1 
121 5 1 
122 5 1 
123 5 1 
124 5 1 
125 5 1 
126 5 1 
127 5 1 
128 5 1 
129 5 1 
130 5 1 
131 5 1 
132 8 1 
133 8 1 
134 8 1 
135 7 1 
136 7 1 
137 7 1 
138 8 1 
139 8 1 
140 1 1 
141 1 1 
142 1 1 
143 1 1 
144 1 1 
145 1 1 
146 1 1 
147 1 1 
148 1 1 
149 1 1 
150 1 1 
151 2 2 
152 2 2 
153 2 2 
154 2 2 
155 3 2 
156 3 2 
157 3 2 
158 3 2 
159 3 2 
160 3 2 
161 3 2 
162 3 2 
163 3 2 
164 3 2 
165 3 2 
166 3 2 
167 3 2 
168 3 2 
169 3 2 
170 3 2 
171 3 2 
172 3 2 
173 3 2 
174 3 2 
175 3 2 
176 3 2 
177 3 2 
178 3 2 
179 3 2 
180 3 2 
181 3 2 
182 3 2 
183 3 2 
184 3 2 
185 7 2 
186 5 2 
187 7 2 
188 7 2 
189 1 2 
190 6 2 
191 6 2 
192 6 2 
193 6 2 
194 6 2 
195 6 2 
196 6 2 
197 6 2 
198 6 2 
199 6 2 
200 6 2 
201 6 2 
202 6 2 
203 6 2 
204 6 2 
205 6 2 
206 6 2 
207 6 2 
208 6 2 
209 6 2 
210 6 2 
211 8 2 
212 6 2 
213 6 2 
214 6 2 
215 6 2 
216 6 2 
217 6 2 
218 6 2 
219 6 2 
220 6 2 
221 6 2 
222 6 2 
223 6 2 
224 6 2 
225 6 2 
226 6 2 
227 6 2 
228 6 2 
229 6 2 
230 6 2 
231 6 2 
232 6 2 
233 6 2 
234 6 2 
235 6 2 
236 6 2 
237 6 2 
238 6 2 
239 6 2 
240 6 2 
241 6 2 
242 6 2 
243 6 2 
244 6 2 
245 6 2 
246 6 2 
247 8 2 
248 8 2 
249 8 2 
250 8 2 
251 6 2 
252 6 2 
253 6 2 
254 6 2 
255 6 2 
256 6 2 
257 6 2 
258 6 2 
259 6 2 
260 6 2 
261 8 2 
262 8 2 
263 7 2 
264 7 2 
265 7 2 
266 7 2 
267 7 2 
268 7 2 
269 7 2 
270 8 2 
271 8 2 
272 8 2 
273 8 2 
274 8 2 
275 8 2 
276 8 2 
277 8 2 
278 8 2 
279 8 2 
280 8 2 
281 8 2 
282 7 2 
283 7 2 
284 7 2 
285 7 2 
286 7 2 
287 7 2 
288 7 2 
289 7 2 
290 7 2 
291 8 2 
292 8 2 
293 7 2 
294 7 2 
295 7 2 
296 7 2 
297 7 2 
298 7 2 
299 7 2 
300 7 2 
301 7 2 
302 7 2 
303 7 2 
304 7 2 
305 7 2 
306 8 2 
307 8 2 
308 8 2 
309 8 2 
310 8 2 
311 8 2 
312 8 2 
313 8 2 
314 8 2 
315 8 2 
316 8 2 
317 8 2 
318 3 2 
319 1 2 
320 1 2 
321 1 2 
322 1 2 
323 1 3 
324 1 2 
325 1 2 
326 1 2 
327 1 2 
328 1 2 
329 1 2 
330 1 2 
331 1 2 
332 1 2 
333 1 2 
334 1 2 
335 1 2 
336 1 2 
337 1 2 
338 1 2 
339 1 2 
340 1 2 
341 1 3 
342 1 3 
343 1 2 
344 1 2 
345 1 2 
346 1 2 
347 1 2 
348 1 2 
349 1 2 
350 1 2 
351 1 2 
352 8 3 
353 8 3 
354 8 3 
355 8 3 
356 8 3 
357 8 3 
358 2 3 
359 2 3 
360 2 3 
361 2 3 
362 8 3 
363 8 3 
364 8 3 
365 8 3 
366 8 3 
367 8 3 
368 8 3 
369 1 3 
370 2 3 
371 2 3 
372 2 3 
373 2 3 
374 2 3 
375 2 3 
376 2 3 
377 8 3 
378 3 3 
379 3 3 
380 3 3 
381 3 3 
382 3 3 
383 3 3 
384 3 3 
385 3 3 
386 3 3 
387 3 3 
388 3 3 
389 3 3 
390 3 3 
391 3 3 
392 3 3 
393 3 3 
394 3 3 
395 3 3 
396 3 3 
397 3 3 
398 3 3 
399 3 3 
400 4 3 
401 4 3 
402 4 3 
403 4 3 
404 4 3 
405 4 3 
406 4 3 
407 4 3 
408 4 3 
409 4 3 
410 4 3 
411 4 3 
412 4 3 
413 4 3 
414 4 3 
415 4 3 
416 6 3 
417 6 3 
418 6 3 
419 6 3 
420 6 3 
421 6 3 
422 6 3 
423 6 3 
424 6 3 
425 6 3 
426 6 3 
427 6 3 
428 6 3 
429 6 3 
430 6 3 
431 6 3 
432 6 3 
433 6 3 
434 6 3 
435 6 3 
436 6 3 
437 6 3 
438 6 3 
439 6 3 
440 6 3 
441 6 3 
442 6 3 
443 6 3 
444 6 3 
445 6 3 
446 6 3 
447 6 3 
448 5 3 
449 5 3 
450 5 3 
451 5 3 
452 5 3 
453 5 3 
454 5 3 
455 5 3 
456 5 3 
457 5 3 
458 5 3 
459 5 3 
460 5 3 
461 5 3 
462 5 3 
463 5 3 
464 5 3 
465 5 3 
466 5 3 
467 5 3 
468 8 3 
469 8 3 
470 5 3 
471 5 3 
472 5 3 
473 5 3 
474 7 3 
475 8 3 
476 8 3 
477 7 3 
478 7 3 
479 7 3 
480 7 3 
481 7 3 
482 7 3 
483 3 3 
484 3 3 
485 3 3 
486 3 3 
487 3 3 
488 8 3 
489 8 3 
490 8 3 
491 8 3 
492 8 3 
493 8 3 
494 7 3 
495 7 3 
496 7 3 
497 7 3 
498 7 3 
499 7 3 
500 8 3 
501 7 3 
502 7 3 
503 7 3 
504 7 3 
505 7 3 
506 7 3 
507 7 3 
508 7 3 
509 7 3 
510 7 3 
511 8 3 
512 7 3 
513 8 3 
514 8 3 
515 8 3 
516 8 3 
517 4 3 
518 8 3 
519 8 3 
520 8 3 
521 7 3 
522 7 3 
523 7 3 
524 7 3 
525 7 3 
526 7 3 
527 8 3 
528 8 3 
529 8 3 
530 8 3 
531 8 3 
532 8 3 
533 8 3 
534 8 3 
535 8 3 
536 8 3 
537 8 3 
538 8 3 
539 8 3 
540 8 3 
541 8 3 
542 8 3 
543 8 3 
544 8 3 
545 8 3 
546 8 3 
547 8 3 
548 8 3 
549 8 3 
550 8 3 
551 8 3 
552 8 3 
553 8 3 
554 8 3 
555 8 3 
556 8 3 
557 8 3 
558 4 3 
559 1 3 
560 1 3 
561 1 3 
562 1 3 
563 1 3 
564 1 3 
565 1 3 
566 1 3 
567 1 3 
568 1 3 
569 1 4 
570 1 3 
571 1 3 
572 1 3 
573 1 3 
574 1 3 
575 1 3 
576 1 3 
577 1 3 
578 1 3 
579 1 3 
580 1 3 
581 1 3 
582 1 3 
583 1 3 
584 1 3 
585 1 3 
586 1 3 
587 1 3 
588 1 3 
589 1 3 
590 1 3 
591 1 3 
592 1 3 
593 1 3 
594 8 4 
595 8 4 
596 8 4 
597 8 4 
598 8 4 
599 8 4 
600 8 4 
601 8 4 
602 8 4 
603 8 4 
604 8 4 
605 8 4 
606 8 4 
607 8 4 
608 8 4 
609 6 4 
610 8 4 
611 8 4 
612 8 4 
613 8 4 
614 8 4 
615 8 4 
616 8 4 
617 8 4 
618 2 4 
619 2 4 
620 2 4 
621 2 4 
622 2 4 
623 2 4 
624 2 4 
625 2 4 
626 2 4 
627 3 4 
628 3 4 
629 3 4 
630 3 4 
631 3 4 
632 3 4 
633 3 4 
634 3 4 
635 3 4 
636 3 4 
637 3 4 
638 3 4 
639 3 4 
640 3 4 
641 3 4 
642 3 4 
643 3 4 
644 3 4 
645 3 4 
646 3 4 
647 3 4 
648 3 4 
649 3 4 
650 3 4 
651 3 4 
652 3 4 
653 3 4 
654 3 4 
655 3 4 
656 3 4 
657 3 4 
658 3 4 
659 3 4 
660 3 4 
661 3 4 
662 3 4 
663 3 4 
664 3 4 
665 3 4 
666 3 4 
667 3 4 
668 3 4 
669 3 4 
670 3 4 
671 3 4 
672 3 4 
673 3 4 
674 3 4 
675 3 4 
676 8 4 
677 4 4 
678 5 4 
679 4 4 
680 6 4 
681 6 4 
682 6 4 
683 6 4 
684 6 4 
685 6 4 
686 6 4 
687 6 4 
688 6 4 
689 6 4 
690 6 4 
691 6 4 
692 6 4 
693 6 4 
694 6 4 
695 6 4 
696 6 4 
697 6 4 
698 6 4 
699 6 4 
700 6 4 
701 6 4 
702 6 4 
703 6 4 
704 6 4 
705 6 4 
706 6 4 
707 6 4 
708 6 4 
709 6 4 
710 6 4 
711 6 4 
712 6 4 
713 6 4 
714 6 4 
715 6 4 
716 6 4 
717 6 4 
718 6 4 
719 6 4 
720 6 4 
721 6 4 
722 6 4 
723 6 4 
724 6 4 
725 6 4 
726 8 4 
727 8 4 
728 8 4 
729 8 4 
730 8 4 
731 3 4 
732 7 4 
733 7 4 
734 7 4 
735 7 4 
736 7 4 
737 7 4 
738 7 4 
739 7 4 
740 7 4 
741 7 4 
742 7 4 
743 7 4 
744 7 4 
745 7 4 
746 7 4 
747 7 4 
748 7 4 
749 7 4 
750 7 4 
751 7 4 
752 7 4 
753 7 4 
754 7 4 
755 7 4 
756 7 4 
757 7 4 
758 7 4 
759 7 4 
760 7 4 
761 7 4 
762 8 4 
763 8 4 
764 8 4 
765 5 5 
766 1 4 
767 1 4 
768 1 4 
769 1 4 
770 1 4 
771 1 4 
772 1 4 
773 1 4 
774 1 4 
775 1 4 
776 1 4 
777 1 4 
778 1 4 
779 1 4 
780 1 4 
781 1 4 
782 1 4 
783 1 4 
784 1 4 
785 1 4 
786 1 4 
787 1 4 
788 1 4 
789 1 4 
790 1 4 
791 1 4 
792 1 4 
793 1 4 
794 2 5 
795 2 5 
796 8 5 
797 8 5 
798 8 5 
799 8 5 
800 8 5 
801 8 5 
802 8 5 
803 8 5 
804 8 5 
805 8 5 
806 8 5 
807 8 5 
808 8 5 
809 8 5 
810 8 5 
811 8 5 
812 8 5 
813 8 5 
814 4 5 
815 4 5 
816 4 5 
817 4 5 
818 4 5 
819 4 5 
820 4 5 
821 4 5 
822 4 5 
823 4 5 
824 4 5 
825 4 5 
826 4 5 
827 4 5 
828 4 5 
829 4 5 
830 4 5 
831 4 5 
832 6 5 
833 6 5 
834 6 5 
835 6 5 
836 5 5 
837 5 5 
838 5 5 
839 5 5 
840 5 5 
841 5 5 
842 5 5 
843 5 5 
844 5 5 
845 5 5 
846 5 5 
847 5 5 
848 5 5 
849 5 5 
850 5 5 
851 5 5 
852 5 5 
853 5 5 
854 6 5 
855 5 5 
856 5 5 
857 5 5 
858 5 5 
859 5 5 
860 8 5 
861 8 5 
862 7 5 
863 8 5 
864 8 5 
865 8 5 
866 8 5 
867 8 5 
868 8 5 
869 8 5 
870 8 5 
871 8 5 
872 7 5 
873 7 5 
874 7 5 
875 7 5 
876 7 5 
877 8 5 
878 8 5 
879 8 5 
880 8 5 
881 8 5 
882 8 5 
883 8 5 
884 8 5 
885 1 4 
886 8 5 
887 1 5 
888 1 5 
889 1 5 
890 1 5 
891 1 5 
892 1 5 
893 1 5 
894 1 5 
895 1 5 
896 1 5 
897 1 5 
898 1 5 
899 1 5 
900 1 5 
901 1 5 
902 1 5 
903 1 5 
904 1 5 
905 1 5 
906 1 5 
907 1 5 
908 1 5 
909 1 5 
910 1 5 
911 1 5 
912 1 5 
913 1 5 
914 1 5 
;
end;
