param S := 791;
param T := 8;
param D := 5;
param windowsize := 0;

param A := 
1 73
2 11
3 2
4 8
5 1
6 54
7 18
8 7
9 7
10 3
11 2
12 2
13 6
14 2
15 43
16 24
17 129
18 36
19 22
20 66
21 190
22 18
23 13
24 46
25 68
26 18
27 11
28 26
29 72
30 18
31 40
32 50
33 4
34 3
35 38
36 4
37 2
38 5
39 7
40 4
41 4
42 7
43 5
44 2
45 14
46 6
47 12
48 52
49 52
50 48
51 24
52 36
53 12
54 27
55 66
56 75
57 50
58 44
59 107
60 33
61 27
62 18
63 52
64 24
65 17
66 35
67 12
68 24
69 12
70 12
71 8
72 24
73 0
74 59
75 12
76 8
77 13
78 9
79 4
80 4
81 11
82 9
83 14
84 7
85 23
86 7
87 4
88 44
89 11
90 13
91 5
92 11
93 7
94 6
95 4
96 14
97 11
98 9
99 22
100 44
101 186
102 4
103 12
104 44
105 94
106 44
107 13
108 9
109 5
110 9
111 8
112 11
113 4
114 20
115 54
116 74
117 12
118 53
119 32
120 5
121 6
122 73
123 1
124 8
125 3
126 8
127 0
128 1
129 2
130 146
131 182
132 36
133 73
134 146
135 100
136 125
137 100
138 47
139 47
140 48
141 81
142 81
143 79
144 23
145 51
146 24
147 18
148 63
149 22
150 27
151 74
152 146
153 109
154 43
155 109
156 18
157 11
158 64
159 133
160 107
161 88
162 86
163 122
164 186
165 38
166 35
167 44
168 53
169 59
170 36
171 9
172 18
173 35
174 28
175 4
176 11
177 5
178 44
179 22
180 8
181 7
182 2
183 22
184 13
185 7
186 17
187 9
188 42
189 90
190 265
191 222
192 72
193 72
194 106
195 115
196 222
197 133
198 18
199 53
200 53
201 133
202 6
203 6
204 9
205 36
206 84
207 107
208 85
209 107
210 106
211 86
212 133
213 110
214 265
215 14
216 4
217 4
218 4
219 9
220 8
221 18
222 44
223 66
224 8
225 12
226 8
227 7
228 9
229 44
230 28
231 44
232 8
233 31
234 9
235 4
236 7
237 9
238 9
239 2
240 9
241 22
242 18
243 7
244 18
245 8
246 1
247 2
248 7
249 18
250 7
251 18
252 18
253 9
254 4
255 9
256 4
257 2
258 8
259 26
260 9
261 1
262 18
263 22
264 14
265 20
266 36
267 12
268 15
269 4
270 4
271 4
272 13
273 18
274 14
275 12
276 29
277 34
278 44
279 59
280 97
281 4
282 49
283 0
284 122
285 9
286 75
287 100
288 50
289 25
290 134
291 88
292 133
293 134
294 221
295 106
296 168
297 4
298 2
299 4
300 4
301 9
302 4
303 100
304 265
305 212
306 5
307 4
308 42
309 22
310 28
311 22
312 18
313 166
314 36
315 18
316 80
317 22
318 474
319 23
320 11
321 2
322 32
323 69
324 6
325 73
326 4
327 24
328 52
329 52
330 37
331 36
332 36
333 9
334 36
335 129
336 107
337 55
338 129
339 129
340 133
341 159
342 22
343 44
344 36
345 27
346 106
347 80
348 86
349 18
350 44
351 64
352 88
353 22
354 18
355 3
356 14
357 12
358 107
359 39
360 16
361 44
362 46
363 61
364 26
365 7
366 33
367 18
368 20
369 36
370 44
371 90
372 54
373 18
374 107
375 9
376 11
377 18
378 11
379 7
380 9
381 22
382 7
383 27
384 21
385 4
386 33
387 11
388 7
389 2
390 7
391 14
392 12
393 7
394 12
395 2
396 28
397 7
398 6
399 4
400 8
401 12
402 12
403 12
404 48
405 48
406 6
407 2
408 28
409 7
410 9
411 18
412 18
413 15
414 18
415 7
416 2
417 181
418 88
419 22
420 8
421 7
422 5
423 11
424 5
425 122
426 61
427 201
428 17
429 15
430 80
431 51
432 88
433 23
434 15
435 143
436 0
437 29
438 9
439 9
440 8
441 23
442 7
443 5
444 3
445 36
446 168
447 35
448 47
449 36
450 24
451 34
452 63
453 16
454 179
455 11
456 9
457 32
458 88
459 44
460 18
461 100
462 4
463 28
464 14
465 27
466 13
467 11
468 12
469 17
470 36
471 36
472 36
473 72
474 129
475 44
476 44
477 11
478 4
479 2
480 4
481 4
482 358
483 66
484 42
485 106
486 80
487 106
488 88
489 150
490 86
491 133
492 179
493 221
494 83
495 36
496 36
497 34
498 72
499 53
500 7
501 114
502 18
503 11
504 24
505 36
506 32
507 34
508 71
509 71
510 76
511 55
512 6
513 23
514 11
515 2
516 44
517 88
518 4
519 21
520 18
521 24
522 13
523 44
524 13
525 4
526 9
527 4
528 22
529 7
530 8
531 25
532 8
533 9
534 12
535 9
536 8
537 2
538 40
539 6
540 10
541 221
542 22
543 29
544 20
545 32
546 118
547 34
548 86
549 22
550 18
551 107
552 84
553 37
554 18
555 43
556 36
557 110
558 46
559 7
560 150
561 86
562 86
563 64
564 13
565 4
566 9
567 4
568 9
569 13
570 9
571 15
572 8
573 2
574 13
575 38
576 44
577 106
578 37
579 28
580 55
581 53
582 44
583 55
584 80
585 25
586 90
587 26
588 9
589 130
590 12
591 24
592 9
593 5
594 1
595 1
596 18
597 18
598 2
599 2
600 14
601 2
602 4
603 5
604 4
605 2
606 14
607 46
608 12
609 92
610 5
611 5
612 23
613 7
614 34
615 35
616 29
617 11
618 1
619 3
620 4
621 2
622 1
623 0
624 0
625 4
626 3
627 11
628 2
629 6
630 1
631 18
632 18
633 8
634 8
635 8
636 4
637 18
638 55
639 22
640 55
641 11
642 9
643 110
644 9
645 7
646 5
647 4
648 4
649 9
650 4
651 9
652 8
653 14
654 1
655 9
656 12
657 13
658 9
659 4
660 13
661 7
662 133
663 13
664 44
665 22
666 36
667 47
668 152
669 47
670 62
671 48
672 85
673 81
674 81
675 79
676 1
677 267
678 47
679 1
680 109
681 109
682 73
683 109
684 73
685 37
686 5
687 51
688 5
689 221
690 96
691 79
692 133
693 6
694 36
695 18
696 4
697 9
698 127
699 6
700 106
701 56
702 43
703 73
704 9
705 7
706 24
707 15
708 7
709 50
710 106
711 65
712 52
713 107
714 265
715 86
716 141
717 106
718 107
719 86
720 129
721 177
722 7
723 17
724 11
725 13
726 22
727 4
728 21
729 11
730 19
731 18
732 9
733 9
734 4
735 17
736 8
737 3
738 4
739 11
740 13
741 18
742 36
743 8
744 44
745 22
746 66
747 7
748 33
749 88
750 36
751 7
752 44
753 2
754 8
755 8
756 9
757 14
758 13
759 1
760 32
761 125
762 125
763 125
764 125
765 125
766 23
767 14
768 219
769 18
770 15
771 92
772 8
773 52
774 113
775 34
776 80
777 8
778 22
779 18
780 72
781 22
782 106
783 86
784 13
785 2
786 11
787 4
788 4
789 9
790 6
791 4
;

param Ttarget := 
1 1 1000
2 1 1000
3 1 1000
4 1 1000
5 1 500
6 1 500
7 1 500
8 1 500
1 2 1000
2 2 1000
3 2 1000
4 2 1000
5 2 500
6 2 500
7 2 500
8 2 500
1 3 1000
2 3 1000
3 3 1000
4 3 1000
5 3 500
6 3 500
7 3 500
8 3 500
1 4 1000
2 4 1000
3 4 1000
4 4 1000
5 4 500
6 4 500
7 4 500
8 4 500
1 5 1000
2 5 1000
3 5 1000
4 5 1000
5 5 500
6 5 500
7 5 500
8 5 500
;

set Bannlisti := 
;
set Fixlisti := 
1 4 1 
2 2 1 
3 8 1 
4 8 1 
5 8 1 
6 8 1 
7 8 1 
8 8 1 
9 8 1 
10 8 1 
11 8 1 
12 8 1 
13 8 1 
14 8 1 
15 8 1 
16 8 1 
17 8 1 
18 8 1 
19 8 1 
20 8 1 
21 8 1 
22 8 1 
23 2 1 
24 2 1 
25 2 1 
26 2 1 
27 2 1 
28 2 1 
29 2 1 
30 2 1 
31 2 1 
32 2 1 
33 2 1 
34 8 1 
35 8 1 
36 8 1 
37 8 1 
38 8 1 
39 8 1 
40 8 1 
41 8 1 
42 8 1 
43 8 1 
44 8 1 
45 8 1 
46 4 1 
47 4 1 
48 4 1 
49 4 1 
50 4 1 
51 4 1 
52 4 1 
53 4 1 
54 5 1 
55 5 1 
56 5 1 
57 5 1 
58 5 1 
59 5 1 
60 5 1 
61 5 1 
62 5 1 
63 7 1 
64 7 1 
65 3 1 
66 3 1 
67 3 1 
68 3 1 
69 3 1 
70 3 1 
71 3 1 
72 3 1 
73 3 1 
74 3 1 
75 3 1 
76 8 1 
77 8 1 
78 8 1 
79 7 1 
80 7 1 
81 7 1 
82 7 1 
83 5 1 
84 5 1 
85 7 1 
86 7 1 
87 7 1 
88 7 1 
89 7 1 
90 7 1 
91 7 1 
92 7 1 
93 7 1 
94 8 1 
95 3 1 
96 7 1 
97 7 1 
98 7 1 
99 3 1 
100 3 1 
101 3 1 
102 3 1 
103 3 1 
104 8 1 
105 8 1 
106 8 1 
107 8 1 
108 8 1 
109 8 1 
110 8 1 
111 8 1 
112 8 1 
113 8 1 
114 8 1 
115 8 1 
116 8 1 
117 4 1 
118 3 1 
119 3 1 
120 2 1 
121 1 1 
122 8 1 
123 8 1 
124 8 1 
125 8 1 
126 8 1 
127 1 1 
128 1 1 
129 1 1 
130 1 1 
131 1 1 
132 1 1 
133 1 1 
134 1 1 
135 1 1 
136 1 1 
137 1 1 
138 1 1 
139 1 1 
140 1 1 
141 1 1 
142 1 1 
143 1 1 
144 2 2 
145 2 2 
146 2 2 
147 2 2 
148 2 2 
149 1 1 
150 2 2 
151 3 1 
152 2 2 
153 2 2 
154 2 2 
155 2 2 
156 2 2 
157 1 2 
158 3 2 
159 3 2 
160 3 2 
161 3 2 
162 3 2 
163 3 2 
164 3 2 
165 3 2 
166 3 2 
167 3 2 
168 3 2 
169 3 2 
170 3 2 
171 3 2 
172 3 2 
173 3 2 
174 3 2 
175 3 2 
176 3 2 
177 3 2 
178 3 2 
179 3 2 
180 3 2 
181 3 2 
182 3 2 
183 3 2 
184 3 2 
185 3 2 
186 3 2 
187 3 2 
188 6 2 
189 6 2 
190 6 2 
191 6 2 
192 6 2 
193 6 2 
194 6 2 
195 6 2 
196 6 2 
197 6 2 
198 6 2 
199 6 2 
200 6 2 
201 6 2 
202 6 2 
203 6 2 
204 6 2 
205 6 2 
206 6 2 
207 6 2 
208 6 2 
209 6 2 
210 6 2 
211 6 2 
212 6 2 
213 6 2 
214 6 2 
215 6 2 
216 6 2 
217 6 2 
218 6 2 
219 8 2 
220 8 2 
221 8 2 
222 8 2 
223 8 2 
224 8 2 
225 7 2 
226 7 2 
227 7 2 
228 7 2 
229 8 2 
230 7 2 
231 7 2 
232 7 2 
233 7 2 
234 8 2 
235 8 2 
236 8 2 
237 8 2 
238 8 2 
239 8 2 
240 8 2 
241 8 2 
242 8 2 
243 8 2 
244 8 2 
245 7 2 
246 7 2 
247 8 2 
248 8 2 
249 8 2 
250 8 2 
251 8 2 
252 8 2 
253 8 2 
254 8 2 
255 8 2 
256 8 2 
257 8 2 
258 8 2 
259 8 2 
260 8 2 
261 8 2 
262 8 2 
263 8 2 
264 8 2 
265 8 2 
266 8 2 
267 8 2 
268 8 2 
269 8 2 
270 8 2 
271 8 2 
272 8 2 
273 8 2 
274 8 2 
275 8 2 
276 8 2 
277 8 2 
278 8 2 
279 8 2 
280 8 2 
281 8 2 
282 8 2 
283 8 2 
284 3 2 
285 1 2 
286 1 2 
287 1 2 
288 1 2 
289 1 2 
290 1 2 
291 1 2 
292 1 2 
293 1 2 
294 1 2 
295 1 2 
296 1 2 
297 1 2 
298 1 2 
299 1 2 
300 1 2 
301 1 2 
302 1 2 
303 1 2 
304 1 2 
305 1 2 
306 1 2 
307 1 2 
308 1 2 
309 1 2 
310 1 2 
311 1 2 
312 1 2 
313 1 2 
314 1 2 
315 1 2 
316 1 2 
317 1 2 
318 2 2 
319 1 3 
320 1 3 
321 1 3 
322 6 3 
323 8 3 
324 4 3 
325 4 3 
326 4 3 
327 4 3 
328 4 3 
329 4 3 
330 4 3 
331 4 3 
332 4 3 
333 4 3 
334 4 3 
335 4 3 
336 4 3 
337 4 3 
338 4 3 
339 4 3 
340 4 3 
341 4 3 
342 4 3 
343 4 3 
344 4 3 
345 4 3 
346 4 3 
347 4 3 
348 4 3 
349 4 3 
350 4 3 
351 4 3 
352 4 3 
353 4 3 
354 4 3 
355 8 3 
356 8 3 
357 8 3 
358 8 3 
359 8 3 
360 8 3 
361 8 3 
362 8 3 
363 8 3 
364 5 3 
365 5 3 
366 5 3 
367 5 3 
368 5 3 
369 5 3 
370 5 3 
371 5 3 
372 5 3 
373 5 3 
374 5 3 
375 5 3 
376 5 3 
377 5 3 
378 8 3 
379 8 3 
380 8 3 
381 8 3 
382 8 3 
383 8 3 
384 8 3 
385 8 3 
386 3 3 
387 8 3 
388 8 3 
389 8 3 
390 8 3 
391 3 3 
392 8 3 
393 8 3 
394 8 3 
395 8 3 
396 8 3 
397 8 3 
398 8 3 
399 8 3 
400 8 3 
401 3 3 
402 3 3 
403 3 3 
404 3 3 
405 3 3 
406 3 3 
407 3 3 
408 8 3 
409 8 3 
410 1 4 
411 1 4 
412 1 4 
413 1 4 
414 1 4 
415 1 4 
416 1 4 
417 1 4 
418 1 3 
419 1 3 
420 1 3 
421 1 3 
422 1 3 
423 1 3 
424 1 3 
425 1 3 
426 1 3 
427 1 3 
428 1 3 
429 1 4 
430 1 4 
431 1 4 
432 1 4 
433 1 4 
434 1 4 
435 1 4 
436 8 4 
437 1 3 
438 1 3 
439 1 3 
440 1 3 
441 1 3 
442 1 3 
443 2 4 
444 2 4 
445 2 4 
446 4 4 
447 2 4 
448 2 4 
449 4 4 
450 4 4 
451 4 4 
452 4 4 
453 2 4 
454 2 4 
455 2 4 
456 2 4 
457 2 4 
458 2 4 
459 2 4 
460 2 4 
461 2 4 
462 2 4 
463 2 4 
464 2 4 
465 2 4 
466 2 4 
467 8 4 
468 8 4 
469 8 4 
470 8 4 
471 8 4 
472 8 4 
473 8 4 
474 8 4 
475 8 4 
476 8 4 
477 8 4 
478 8 4 
479 8 4 
480 8 4 
481 8 4 
482 3 4 
483 3 4 
484 3 4 
485 3 4 
486 3 4 
487 3 4 
488 3 4 
489 3 4 
490 3 4 
491 3 4 
492 3 4 
493 3 4 
494 3 4 
495 3 4 
496 3 4 
497 3 4 
498 3 4 
499 3 4 
500 3 4 
501 3 4 
502 3 4 
503 3 4 
504 3 4 
505 3 4 
506 3 4 
507 3 4 
508 3 4 
509 3 4 
510 3 4 
511 3 4 
512 3 4 
513 3 4 
514 3 4 
515 3 4 
516 3 4 
517 3 4 
518 3 4 
519 3 4 
520 3 4 
521 3 4 
522 3 4 
523 3 4 
524 3 4 
525 3 4 
526 3 4 
527 3 4 
528 3 4 
529 3 4 
530 3 4 
531 3 4 
532 3 4 
533 3 4 
534 3 4 
535 3 4 
536 3 4 
537 3 4 
538 4 4 
539 6 4 
540 6 4 
541 6 4 
542 6 4 
543 6 4 
544 6 4 
545 6 4 
546 6 4 
547 6 4 
548 6 4 
549 6 4 
550 6 4 
551 6 4 
552 6 4 
553 6 4 
554 6 4 
555 6 4 
556 6 4 
557 6 4 
558 6 4 
559 6 4 
560 6 4 
561 6 4 
562 6 4 
563 6 4 
564 6 4 
565 6 4 
566 6 4 
567 6 4 
568 6 4 
569 6 4 
570 6 4 
571 6 4 
572 6 4 
573 6 4 
574 6 4 
575 6 4 
576 6 4 
577 6 4 
578 6 4 
579 6 4 
580 6 4 
581 6 4 
582 6 4 
583 6 4 
584 6 4 
585 6 4 
586 6 4 
587 7 4 
588 7 4 
589 7 4 
590 7 4 
591 7 4 
592 7 4 
593 7 4 
594 7 4 
595 8 4 
596 7 4 
597 7 4 
598 7 4 
599 7 4 
600 7 4 
601 7 4 
602 7 4 
603 7 4 
604 7 4 
605 7 4 
606 7 4 
607 7 4 
608 7 4 
609 7 4 
610 7 4 
611 7 4 
612 7 4 
613 7 4 
614 7 4 
615 3 4 
616 3 4 
617 7 4 
618 7 4 
619 7 4 
620 7 4 
621 7 4 
622 7 4 
623 7 4 
624 7 4 
625 7 4 
626 7 4 
627 7 4 
628 7 4 
629 7 4 
630 7 4 
631 7 4 
632 7 4 
633 7 4 
634 7 4 
635 7 4 
636 7 4 
637 7 4 
638 7 4 
639 7 4 
640 7 4 
641 7 4 
642 7 4 
643 7 4 
644 7 4 
645 7 4 
646 7 4 
647 8 4 
648 8 4 
649 8 4 
650 8 4 
651 8 4 
652 8 4 
653 8 4 
654 7 4 
655 8 4 
656 8 4 
657 8 4 
658 8 4 
659 8 4 
660 8 4 
661 8 4 
662 8 4 
663 8 4 
664 8 4 
665 8 4 
666 8 4 
667 1 4 
668 1 4 
669 1 4 
670 1 4 
671 1 4 
672 1 4 
673 1 4 
674 1 4 
675 1 4 
676 1 4 
677 1 4 
678 1 4 
679 1 4 
680 1 4 
681 1 4 
682 1 4 
683 1 4 
684 1 4 
685 1 4 
686 1 4 
687 1 4 
688 1 4 
689 1 4 
690 1 4 
691 1 4 
692 1 4 
693 1 4 
694 1 4 
695 1 4 
696 1 4 
697 2 5 
698 2 5 
699 2 5 
700 2 5 
701 2 5 
702 2 5 
703 2 5 
704 8 5 
705 2 5 
706 8 5 
707 8 5 
708 8 5 
709 8 5 
710 3 5 
711 3 5 
712 3 5 
713 3 5 
714 3 5 
715 3 5 
716 3 5 
717 3 5 
718 3 5 
719 3 5 
720 3 5 
721 3 5 
722 3 5 
723 3 5 
724 3 5 
725 3 5 
726 3 5 
727 3 5 
728 3 5 
729 3 5 
730 3 5 
731 3 5 
732 3 5 
733 3 5 
734 3 5 
735 3 5 
736 3 5 
737 3 5 
738 3 5 
739 3 5 
740 3 5 
741 3 5 
742 3 5 
743 3 5 
744 3 5 
745 3 5 
746 3 5 
747 3 5 
748 3 5 
749 3 5 
750 8 5 
751 8 5 
752 8 5 
753 8 5 
754 8 5 
755 8 5 
756 8 5 
757 8 5 
758 8 5 
759 8 5 
760 1 5 
761 1 5 
762 1 5 
763 1 5 
764 1 5 
765 1 5 
766 1 5 
767 1 5 
768 1 5 
769 1 5 
770 1 5 
771 1 5 
772 1 5 
773 1 5 
774 1 5 
775 1 5 
776 1 5 
777 1 5 
778 1 5 
779 1 5 
780 1 5 
781 1 5 
782 1 5 
783 1 5 
784 1 5 
785 1 5 
786 1 5 
787 1 5 
788 1 5 
789 1 5 
790 1 5 
791 1 5 
;
end;
