param S := 889;
param T := 8;
param D := 5;
param windowsize := 0;

param A := 
1 201
2 63
3 95
4 84
5 24
6 61
7 158
8 18
9 11
10 2
11 4
12 9
13 9
14 18
15 18
16 22
17 14
18 18
19 14
20 18
21 1
22 5
23 39
24 18
25 17
26 13
27 97
28 133
29 21
30 61
31 2
32 9
33 24
34 24
35 1
36 12
37 12
38 23
39 43
40 69
41 17
42 36
43 36
44 9
45 17
46 4
47 44
48 22
49 0
50 81
51 106
52 46
53 11
54 8
55 8
56 8
57 4
58 6
59 10
60 27
61 37
62 88
63 222
64 221
65 100
66 9
67 7
68 6
69 4
70 221
71 94
72 231
73 90
74 411
75 86
76 53
77 106
78 0
79 80
80 40
81 0
82 7
83 5
84 1
85 14
86 7
87 8
88 70
89 0
90 3
91 3
92 2
93 2
94 2
95 2
96 4
97 4
98 7
99 4
100 18
101 2
102 2
103 4
104 8
105 12
106 5
107 11
108 2
109 5
110 2
111 14
112 2
113 4
114 43
115 9
116 52
117 35
118 11
119 48
120 2
121 5
122 5
123 1
124 5
125 17
126 110
127 11
128 4
129 66
130 9
131 29
132 9
133 7
134 2
135 133
136 83
137 86
138 11
139 22
140 18
141 106
142 59
143 2
144 7
145 55
146 5
147 3
148 9
149 2
150 10
151 4
152 14
153 5
154 4
155 2
156 2
157 13
158 27
159 18
160 22
161 72
162 66
163 4
164 4
165 8
166 2
167 2
168 11
169 7
170 4
171 2
172 4
173 2
174 2
175 2
176 9
177 5
178 8
179 20
180 42
181 46
182 21
183 21
184 46
185 27
186 63
187 39
188 16
189 4
190 5
191 6
192 14
193 9
194 5
195 13
196 11
197 9
198 13
199 4
200 0
201 5
202 4
203 3
204 8
205 7
206 9
207 8
208 76
209 5
210 8
211 9
212 16
213 11
214 18
215 8
216 4
217 2
218 15
219 8
220 8
221 23
222 18
223 40
224 44
225 13
226 5
227 72
228 18
229 4
230 4
231 65
232 65
233 1
234 65
235 9
236 4
237 4
238 2
239 1
240 1
241 1
242 3
243 16
244 32
245 1
246 16
247 32
248 32
249 1
250 32
251 0
252 1
253 32
254 32
255 1
256 9
257 4
258 12
259 9
260 9
261 3
262 49
263 24
264 24
265 20
266 13
267 55
268 9
269 15
270 133
271 14
272 32
273 32
274 12
275 12
276 12
277 6
278 11
279 32
280 10
281 14
282 20
283 6
284 134
285 5
286 5
287 100
288 9
289 5
290 12
291 17
292 25
293 36
294 6
295 25
296 18
297 73
298 73
299 5
300 25
301 79
302 7
303 79
304 0
305 52
306 19
307 106
308 219
309 36
310 13
311 109
312 2
313 3
314 20
315 106
316 107
317 133
318 122
319 221
320 66
321 129
322 186
323 11
324 106
325 64
326 65
327 146
328 52
329 265
330 106
331 88
332 141
333 86
334 27
335 13
336 6
337 11
338 4
339 13
340 9
341 99
342 14
343 219
344 42
345 14
346 3
347 3
348 2
349 4
350 7
351 12
352 54
353 21
354 7
355 24
356 8
357 1
358 1
359 0
360 161
361 8
362 80
363 9
364 44
365 36
366 110
367 80
368 36
369 36
370 72
371 44
372 7
373 4
374 11
375 134
376 110
377 27
378 22
379 10
380 20
381 2
382 20
383 2
384 2
385 8
386 4
387 2
388 4
389 2
390 2
391 182
392 201
393 106
394 12
395 18
396 44
397 88
398 13
399 18
400 36
401 4
402 3
403 3
404 2
405 4
406 2
407 3
408 7
409 4
410 2
411 1
412 3
413 12
414 9
415 8
416 8
417 2
418 4
419 4
420 0
421 1
422 21
423 83
424 59
425 36
426 9
427 67
428 143
429 13
430 122
431 23
432 110
433 21
434 4
435 27
436 21
437 11
438 3
439 9
440 4
441 17
442 9
443 88
444 34
445 55
446 72
447 44
448 40
449 22
450 44
451 62
452 20
453 24
454 36
455 20
456 8
457 91
458 76
459 111
460 34
461 88
462 36
463 43
464 8
465 2
466 1
467 16
468 5
469 21
470 13
471 4
472 6
473 4
474 2
475 12
476 4
477 22
478 32
479 22
480 12
481 20
482 10
483 7
484 24
485 8
486 9
487 4
488 7
489 8
490 4
491 4
492 65
493 8
494 5
495 13
496 9
497 4
498 4
499 9
500 9
501 4
502 7
503 4
504 4
505 2
506 6
507 4
508 4
509 44
510 13
511 13
512 21
513 15
514 95
515 11
516 76
517 110
518 51
519 3
520 18
521 2
522 274
523 274
524 50
525 318
526 221
527 96
528 107
529 7
530 2
531 4
532 4
533 2
534 4
535 3
536 2
537 4
538 2
539 9
540 2
541 2
542 2
543 2
544 3
545 3
546 2
547 14
548 4
549 20
550 4
551 24
552 12
553 19
554 2
555 12
556 5
557 13
558 69
559 60
560 24
561 36
562 17
563 54
564 88
565 8
566 9
567 2
568 31
569 4
570 4
571 29
572 4
573 2
574 5
575 46
576 72
577 28
578 129
579 110
580 36
581 305
582 52
583 13
584 137
585 27
586 22
587 5
588 51
589 10
590 9
591 28
592 70
593 100
594 106
595 38
596 55
597 107
598 91
599 106
600 38
601 133
602 85
603 53
604 53
605 106
606 110
607 150
608 265
609 88
610 13
611 36
612 5
613 9
614 6
615 13
616 6
617 3
618 7
619 7
620 3
621 2
622 7
623 27
624 18
625 9
626 27
627 90
628 110
629 2
630 12
631 8
632 7
633 8
634 7
635 9
636 2
637 44
638 9
639 12
640 18
641 9
642 9
643 4
644 9
645 2
646 44
647 4
648 11
649 13
650 13
651 2
652 9
653 9
654 24
655 3
656 36
657 20
658 33
659 8
660 13
661 14
662 11
663 24
664 0
665 49
666 4
667 34
668 5
669 50
670 50
671 55
672 251
673 182
674 11
675 17
676 49
677 81
678 22
679 238
680 7
681 7
682 238
683 7
684 24
685 12
686 11
687 28
688 11
689 52
690 9
691 73
692 4
693 17
694 5
695 22
696 18
697 46
698 72
699 18
700 24
701 37
702 8
703 12
704 107
705 98
706 537
707 86
708 186
709 88
710 64
711 42
712 107
713 106
714 115
715 88
716 150
717 88
718 106
719 106
720 5
721 2
722 2
723 8
724 4
725 4
726 4
727 4
728 44
729 11
730 44
731 4
732 22
733 5
734 2
735 4
736 9
737 4
738 32
739 18
740 9
741 2
742 4
743 60
744 9
745 2
746 2
747 36
748 44
749 44
750 32
751 51
752 22
753 36
754 102
755 90
756 66
757 6
758 9
759 18
760 27
761 7
762 75
763 18
764 104
765 4
766 2
767 9
768 4
769 4
770 9
771 18
772 56
773 22
774 110
775 31
776 14
777 18
778 13
779 4
780 7
781 7
782 9
783 11
784 2
785 12
786 5
787 54
788 1
789 1
790 11
791 4
792 38
793 8
794 8
795 15
796 71
797 2
798 2
799 2
800 2
801 4
802 14
803 2
804 5
805 3
806 7
807 4
808 7
809 4
810 4
811 0
812 3
813 8
814 53
815 4
816 8
817 5
818 10
819 46
820 3
821 23
822 10
823 3
824 1
825 1
826 1
827 3
828 4
829 1
830 1
831 8
832 1
833 3
834 3
835 0
836 8
837 0
838 14
839 12
840 2
841 28
842 28
843 14
844 7
845 1
846 32
847 32
848 12
849 65
850 39
851 60
852 18
853 44
854 107
855 13
856 1
857 1
858 20
859 5
860 61
861 50
862 73
863 11
864 75
865 9
866 12
867 42
868 8
869 62
870 23
871 28
872 3
873 3
874 17
875 5
876 14
877 13
878 17
879 9
880 14
881 4
882 79
883 133
884 106
885 107
886 47
887 7
888 84
889 14
;

param Ttarget := 
1 1 1000
2 1 1000
3 1 1000
4 1 1000
5 1 500
6 1 500
7 1 500
8 1 500
1 2 1000
2 2 1000
3 2 1000
4 2 1000
5 2 500
6 2 500
7 2 500
8 2 500
1 3 1000
2 3 1000
3 3 1000
4 3 1000
5 3 500
6 3 500
7 3 500
8 3 500
1 4 1000
2 4 1000
3 4 1000
4 4 1000
5 4 500
6 4 500
7 4 500
8 4 500
1 5 1000
2 5 1000
3 5 1000
4 5 1000
5 5 500
6 5 500
7 5 500
8 5 500
;

set Bannlisti := 
;
set Fixlisti := 
1 2 1 
2 2 1 
3 2 1 
4 2 1 
5 2 1 
6 8 1 
7 8 1 
8 8 1 
9 8 1 
10 8 1 
11 8 1 
12 8 1 
13 8 1 
14 8 1 
15 8 1 
16 8 1 
17 8 1 
18 8 1 
19 8 1 
20 8 1 
21 8 1 
22 8 1 
23 8 1 
24 8 1 
25 8 1 
26 8 1 
27 2 1 
28 8 1 
29 8 1 
30 8 1 
31 8 1 
32 8 1 
33 8 1 
34 8 1 
35 4 1 
36 4 1 
37 4 1 
38 4 1 
39 4 1 
40 4 1 
41 4 1 
42 4 1 
43 4 1 
44 4 1 
45 4 1 
46 4 1 
47 3 1 
48 3 1 
49 3 1 
50 4 1 
51 4 1 
52 4 1 
53 4 1 
54 4 1 
55 6 1 
56 6 1 
57 6 1 
58 6 1 
59 6 1 
60 6 1 
61 6 1 
62 6 1 
63 6 1 
64 6 1 
65 6 1 
66 6 1 
67 6 1 
68 6 1 
69 6 1 
70 6 1 
71 6 1 
72 6 1 
73 6 1 
74 6 1 
75 6 1 
76 6 1 
77 6 1 
78 6 1 
79 8 1 
80 7 1 
81 7 1 
82 7 1 
83 7 1 
84 7 1 
85 7 1 
86 7 1 
87 7 1 
88 8 1 
89 8 1 
90 8 1 
91 8 1 
92 7 1 
93 7 1 
94 7 1 
95 7 1 
96 7 1 
97 7 1 
98 7 1 
99 7 1 
100 7 1 
101 7 1 
102 7 1 
103 7 1 
104 7 1 
105 7 1 
106 7 1 
107 7 1 
108 7 1 
109 7 1 
110 7 1 
111 7 1 
112 7 1 
113 7 1 
114 7 1 
115 7 1 
116 7 1 
117 7 1 
118 7 1 
119 7 1 
120 7 1 
121 7 1 
122 7 1 
123 7 1 
124 7 1 
125 7 1 
126 7 1 
127 7 1 
128 7 1 
129 7 1 
130 7 1 
131 7 1 
132 7 1 
133 7 1 
134 7 1 
135 7 1 
136 7 1 
137 7 1 
138 7 1 
139 7 1 
140 7 1 
141 7 1 
142 7 1 
143 7 1 
144 7 1 
145 7 1 
146 7 1 
147 7 1 
148 7 1 
149 7 1 
150 7 1 
151 7 1 
152 7 1 
153 7 1 
154 7 1 
155 7 1 
156 7 1 
157 7 1 
158 7 1 
159 7 1 
160 7 1 
161 7 1 
162 7 1 
163 7 1 
164 7 1 
165 7 1 
166 7 1 
167 7 1 
168 7 1 
169 7 1 
170 7 1 
171 7 1 
172 7 1 
173 7 1 
174 7 1 
175 7 1 
176 7 1 
177 7 1 
178 7 1 
179 7 1 
180 7 1 
181 7 1 
182 7 1 
183 7 1 
184 7 1 
185 7 1 
186 7 1 
187 7 1 
188 7 1 
189 7 1 
190 7 1 
191 7 1 
192 7 1 
193 7 1 
194 7 1 
195 7 1 
196 7 1 
197 7 1 
198 7 1 
199 7 1 
200 7 1 
201 7 1 
202 7 1 
203 7 1 
204 7 1 
205 7 1 
206 7 1 
207 7 1 
208 7 1 
209 7 1 
210 7 1 
211 7 1 
212 7 1 
213 7 1 
214 7 1 
215 7 1 
216 7 1 
217 7 1 
218 7 1 
219 7 1 
220 7 1 
221 7 1 
222 7 1 
223 8 1 
224 8 1 
225 8 1 
226 8 1 
227 8 1 
228 8 1 
229 8 1 
230 8 1 
231 8 1 
232 8 1 
233 7 1 
234 7 1 
235 7 1 
236 7 1 
237 7 1 
238 7 1 
239 7 1 
240 7 1 
241 7 1 
242 7 1 
243 7 1 
244 7 1 
245 7 1 
246 7 1 
247 7 1 
248 7 1 
249 7 1 
250 7 1 
251 7 1 
252 7 1 
253 7 1 
254 7 1 
255 7 1 
256 8 1 
257 8 1 
258 8 1 
259 8 1 
260 8 1 
261 8 1 
262 8 1 
263 8 1 
264 8 1 
265 8 1 
266 8 1 
267 8 1 
268 8 1 
269 8 1 
270 7 1 
271 7 1 
272 7 1 
273 7 1 
274 7 1 
275 7 1 
276 7 1 
277 7 1 
278 7 1 
279 7 1 
280 8 1 
281 8 1 
282 1 1 
283 8 1 
284 1 1 
285 1 1 
286 1 1 
287 1 1 
288 1 1 
289 1 1 
290 1 1 
291 1 1 
292 1 1 
293 1 1 
294 1 1 
295 1 1 
296 1 1 
297 1 1 
298 1 1 
299 1 1 
300 1 1 
301 1 1 
302 1 1 
303 1 1 
304 1 2 
305 2 1 
306 2 1 
307 2 1 
308 2 1 
309 2 1 
310 2 1 
311 2 1 
312 8 2 
313 7 2 
314 6 2 
315 3 2 
316 3 2 
317 3 2 
318 3 2 
319 3 2 
320 3 2 
321 3 2 
322 3 2 
323 3 2 
324 3 2 
325 3 2 
326 3 2 
327 3 2 
328 3 2 
329 3 2 
330 3 2 
331 3 2 
332 3 2 
333 3 2 
334 4 2 
335 8 2 
336 4 2 
337 8 2 
338 8 2 
339 8 2 
340 8 2 
341 7 2 
342 2 2 
343 1 2 
344 3 2 
345 8 2 
346 8 2 
347 8 2 
348 8 2 
349 8 2 
350 8 2 
351 8 2 
352 8 2 
353 8 2 
354 8 2 
355 8 2 
356 8 2 
357 8 2 
358 8 2 
359 8 2 
360 1 2 
361 1 2 
362 1 2 
363 1 2 
364 1 2 
365 1 2 
366 1 2 
367 8 5 
368 8 5 
369 8 5 
370 8 5 
371 8 5 
372 8 5 
373 8 5 
374 1 5 
375 1 5 
376 1 5 
377 1 5 
378 1 5 
379 1 5 
380 1 5 
381 1 5 
382 1 5 
383 1 5 
384 8 5 
385 8 5 
386 8 5 
387 8 5 
388 8 5 
389 8 5 
390 8 5 
391 2 5 
392 2 5 
393 2 5 
394 2 5 
395 2 5 
396 2 5 
397 2 5 
398 2 5 
399 2 5 
400 2 5 
401 2 5 
402 2 5 
403 2 5 
404 8 5 
405 8 5 
406 8 5 
407 8 5 
408 8 5 
409 8 5 
410 8 5 
411 8 5 
412 2 5 
413 2 5 
414 2 5 
415 2 5 
416 2 5 
417 2 5 
418 2 5 
419 8 5 
420 8 5 
421 8 5 
422 3 5 
423 3 5 
424 3 5 
425 3 5 
426 3 5 
427 3 5 
428 3 5 
429 3 5 
430 3 5 
431 3 5 
432 3 5 
433 3 5 
434 3 5 
435 3 5 
436 3 5 
437 3 5 
438 3 5 
439 3 5 
440 3 5 
441 3 5 
442 3 5 
443 3 5 
444 3 5 
445 3 5 
446 3 5 
447 3 5 
448 3 5 
449 3 5 
450 3 5 
451 3 5 
452 3 5 
453 3 5 
454 3 5 
455 3 5 
456 3 5 
457 3 5 
458 3 5 
459 3 5 
460 3 5 
461 3 5 
462 3 5 
463 3 5 
464 3 5 
465 3 5 
466 3 5 
467 3 5 
468 3 5 
469 3 5 
470 3 5 
471 3 5 
472 3 5 
473 3 5 
474 3 5 
475 3 5 
476 3 5 
477 3 5 
478 3 5 
479 3 5 
480 3 5 
481 3 5 
482 3 5 
483 3 5 
484 8 5 
485 8 5 
486 8 5 
487 8 5 
488 8 5 
489 8 5 
490 8 5 
491 8 5 
492 7 5 
493 8 5 
494 8 5 
495 8 5 
496 8 5 
497 8 5 
498 8 5 
499 8 5 
500 8 5 
501 8 5 
502 8 5 
503 8 5 
504 8 5 
505 8 5 
506 8 5 
507 8 5 
508 8 5 
509 8 5 
510 8 5 
511 8 5 
512 8 5 
513 7 5 
514 7 5 
515 7 5 
516 7 5 
517 7 5 
518 7 5 
519 7 5 
520 7 5 
521 8 5 
522 1 5 
523 1 5 
524 1 5 
525 1 5 
526 1 5 
527 1 5 
528 1 5 
529 1 5 
530 1 5 
531 1 5 
532 1 5 
533 1 5 
534 1 5 
535 1 5 
536 1 5 
537 1 5 
538 1 5 
539 1 5 
540 1 6 
541 1 6 
542 1 6 
543 1 6 
544 1 6 
545 1 6 
546 1 6 
547 1 6 
548 1 6 
549 8 6 
550 7 6 
551 4 6 
552 4 6 
553 4 6 
554 4 6 
555 4 6 
556 4 6 
557 4 6 
558 4 6 
559 4 6 
560 4 6 
561 4 6 
562 4 6 
563 4 6 
564 4 6 
565 4 6 
566 4 6 
567 4 6 
568 4 6 
569 4 6 
570 4 6 
571 4 6 
572 7 6 
573 7 6 
574 6 6 
575 6 6 
576 6 6 
577 6 6 
578 6 6 
579 6 6 
580 6 6 
581 6 6 
582 6 6 
583 6 6 
584 6 6 
585 6 6 
586 6 6 
587 6 6 
588 6 6 
589 6 6 
590 6 6 
591 6 6 
592 6 6 
593 6 6 
594 6 6 
595 6 6 
596 6 6 
597 6 6 
598 6 6 
599 6 6 
600 6 6 
601 6 6 
602 6 6 
603 6 6 
604 6 6 
605 6 6 
606 6 6 
607 6 6 
608 6 6 
609 6 6 
610 6 6 
611 6 6 
612 6 6 
613 6 6 
614 6 6 
615 6 6 
616 6 6 
617 7 6 
618 7 6 
619 7 6 
620 7 6 
621 8 6 
622 8 6 
623 8 6 
624 8 6 
625 7 6 
626 7 6 
627 7 6 
628 7 6 
629 7 6 
630 7 6 
631 7 6 
632 7 6 
633 8 6 
634 8 6 
635 8 6 
636 8 6 
637 7 6 
638 7 6 
639 7 6 
640 8 6 
641 8 6 
642 8 6 
643 8 6 
644 8 6 
645 8 6 
646 8 6 
647 8 6 
648 8 6 
649 8 6 
650 8 6 
651 8 6 
652 8 6 
653 8 6 
654 8 6 
655 8 6 
656 8 6 
657 8 6 
658 8 6 
659 8 6 
660 8 6 
661 8 6 
662 8 6 
663 8 6 
664 8 6 
665 8 6 
666 1 6 
667 3 6 
668 1 6 
669 1 6 
670 1 6 
671 1 6 
672 1 6 
673 1 6 
674 1 6 
675 1 6 
676 1 6 
677 1 6 
678 1 6 
679 1 6 
680 1 6 
681 1 6 
682 1 6 
683 1 6 
684 1 6 
685 1 6 
686 1 6 
687 1 6 
688 1 6 
689 4 7 
690 4 7 
691 4 7 
692 2 7 
693 2 7 
694 2 7 
695 2 7 
696 2 7 
697 2 7 
698 2 7 
699 2 7 
700 2 7 
701 2 7 
702 2 7 
703 2 7 
704 3 7 
705 3 7 
706 3 7 
707 3 7 
708 3 7 
709 3 7 
710 3 7 
711 3 7 
712 3 7 
713 3 7 
714 3 7 
715 3 7 
716 3 7 
717 3 7 
718 3 7 
719 3 7 
720 3 7 
721 3 7 
722 3 7 
723 3 7 
724 3 7 
725 3 7 
726 3 7 
727 3 7 
728 3 7 
729 3 7 
730 3 7 
731 3 7 
732 3 7 
733 3 7 
734 3 7 
735 3 7 
736 3 7 
737 3 7 
738 3 7 
739 3 7 
740 3 7 
741 3 7 
742 8 7 
743 5 7 
744 5 7 
745 5 7 
746 5 7 
747 5 7 
748 5 7 
749 5 7 
750 5 7 
751 5 7 
752 5 7 
753 5 7 
754 5 7 
755 5 7 
756 5 7 
757 5 7 
758 5 7 
759 5 7 
760 5 7 
761 5 7 
762 5 7 
763 5 7 
764 5 7 
765 5 7 
766 5 7 
767 5 7 
768 5 7 
769 3 7 
770 5 7 
771 5 7 
772 5 7 
773 5 7 
774 5 7 
775 5 7 
776 5 7 
777 8 7 
778 8 7 
779 8 7 
780 8 7 
781 8 7 
782 8 7 
783 8 7 
784 8 7 
785 8 7 
786 8 7 
787 7 7 
788 8 7 
789 8 7 
790 7 7 
791 7 7 
792 7 7 
793 7 7 
794 7 7 
795 7 7 
796 7 7 
797 8 7 
798 8 7 
799 8 7 
800 8 7 
801 8 7 
802 8 7 
803 8 7 
804 8 7 
805 8 7 
806 8 7 
807 8 7 
808 8 7 
809 8 7 
810 8 7 
811 8 7 
812 8 7 
813 7 7 
814 7 7 
815 7 7 
816 7 7 
817 7 7 
818 7 7 
819 7 7 
820 7 7 
821 7 7 
822 7 7 
823 7 7 
824 7 7 
825 7 7 
826 7 7 
827 7 7 
828 7 7 
829 7 7 
830 7 7 
831 7 7 
832 7 7 
833 7 7 
834 7 7 
835 7 7 
836 7 7 
837 7 7 
838 8 7 
839 8 7 
840 8 7 
841 8 7 
842 8 7 
843 8 7 
844 8 7 
845 7 7 
846 7 7 
847 7 7 
848 7 7 
849 7 7 
850 8 7 
851 8 7 
852 8 7 
853 8 7 
854 8 7 
855 8 7 
856 8 7 
857 8 7 
858 8 7 
859 8 7 
860 8 7 
861 1 7 
862 1 7 
863 1 7 
864 1 7 
865 1 7 
866 1 7 
867 1 7 
868 1 7 
869 1 7 
870 1 7 
871 1 7 
872 1 7 
873 1 7 
874 1 7 
875 1 7 
876 1 7 
877 1 7 
878 1 7 
879 1 7 
880 1 7 
881 1 7 
882 1 7 
883 1 7 
884 1 7 
885 1 7 
886 1 7 
887 1 7 
888 1 7 
889 1 7 
;
end;
