param S := 483;
param T := 8;
param D := 5;
param windowsize := 0;

param A := 
1 225
2 63
3 51
4 72
5 27
6 146
7 182
8 146
9 36
10 14
11 15
12 25
13 107
14 55
15 27
16 8
17 18
18 18
19 4
20 6
21 9
22 2
23 4
24 4
25 4
26 4
27 7
28 39
29 7
30 5
31 4
32 107
33 265
34 106
35 88
36 106
37 133
38 133
39 86
40 129
41 88
42 6
43 88
44 11
45 67
46 22
47 9
48 88
49 125
50 192
51 19
52 9
53 19
54 6
55 29
56 61
57 55
58 34
59 28
60 53
61 222
62 19
63 22
64 55
65 15
66 5
67 27
68 44
69 4
70 4
71 52
72 86
73 212
74 265
75 530
76 266
77 13
78 7
79 4
80 4
81 4
82 9
83 4
84 4
85 305
86 221
87 46
88 36
89 16
90 5
91 80
92 4
93 2
94 2
95 9
96 2
97 9
98 18
99 22
100 11
101 4
102 9
103 11
104 6
105 35
106 162
107 16
108 43
109 83
110 97
111 43
112 3
113 72
114 265
115 0
116 9
117 34
118 122
119 61
120 5
121 134
122 17
123 0
124 0
125 91
126 7
127 73
128 73
129 54
130 7
131 8
132 2
133 9
134 5
135 4
136 251
137 182
138 182
139 1
140 10
141 5
142 31
143 474
144 0
145 36
146 61
147 35
148 16
149 144
150 88
151 22
152 72
153 23
154 10
155 8
156 14
157 19
158 7
159 43
160 12
161 1
162 5
163 22
164 7
165 22
166 12
167 0
168 5
169 6
170 5
171 5
172 2
173 4
174 134
175 1
176 129
177 265
178 106
179 54
180 22
181 15
182 22
183 6
184 24
185 52
186 69
187 24
188 48
189 0
190 4
191 4
192 2
193 7
194 11
195 21
196 88
197 215
198 33
199 133
200 107
201 4
202 9
203 12
204 36
205 51
206 22
207 2
208 8
209 8
210 5
211 12
212 11
213 44
214 44
215 36
216 4
217 10
218 12
219 12
220 1
221 0
222 14
223 12
224 2
225 42
226 0
227 7
228 4
229 1
230 0
231 0
232 24
233 1
234 0
235 8
236 5
237 1
238 1
239 3
240 0
241 4
242 0
243 4
244 9
245 72
246 66
247 4
248 35
249 9
250 24
251 3
252 22
253 14
254 9
255 133
256 18
257 33
258 18
259 80
260 27
261 22
262 9
263 7
264 4
265 7
266 13
267 16
268 7
269 44
270 44
271 21
272 18
273 11
274 12
275 9
276 6
277 13
278 9
279 35
280 13
281 4
282 27
283 7
284 6
285 80
286 21
287 42
288 1
289 44
290 2
291 25
292 50
293 100
294 17
295 51
296 27
297 44
298 40
299 52
300 8
301 9
302 4
303 5
304 47
305 146
306 47
307 5
308 28
309 5
310 73
311 73
312 73
313 73
314 6
315 23
316 26
317 23
318 11
319 127
320 84
321 12
322 36
323 64
324 88
325 141
326 115
327 86
328 358
329 66
330 186
331 250
332 13
333 8
334 38
335 133
336 118
337 53
338 18
339 80
340 21
341 55
342 72
343 9
344 3
345 0
346 6
347 8
348 22
349 36
350 88
351 13
352 4
353 22
354 21
355 4
356 17
357 11
358 13
359 4
360 5
361 72
362 8
363 5
364 27
365 12
366 0
367 4
368 7
369 7
370 9
371 30
372 107
373 66
374 171
375 33
376 7
377 13
378 11
379 2
380 1
381 6
382 13
383 5
384 9
385 9
386 9
387 10
388 51
389 8
390 16
391 22
392 7
393 7
394 22
395 249
396 35
397 38
398 46
399 40
400 44
401 18
402 4
403 94
404 150
405 133
406 133
407 107
408 133
409 86
410 265
411 107
412 66
413 4
414 1
415 9
416 12
417 26
418 5
419 9
420 18
421 7
422 8
423 3
424 3
425 3
426 7
427 23
428 8
429 3
430 5
431 3
432 0
433 3
434 18
435 14
436 18
437 9
438 9
439 31
440 169
441 13
442 63
443 49
444 267
445 205
446 474
447 9
448 18
449 14
450 12
451 7
452 0
453 12
454 0
455 1
456 32
457 107
458 0
459 2
460 16
461 18
462 2
463 13
464 8
465 26
466 2
467 16
468 7
469 80
470 12
471 24
472 10
473 77
474 3
475 14
476 10
477 42
478 38
479 44
480 267
481 5
482 9
483 18
;

param Ttarget := 
1 1 1000
2 1 1000
3 1 1000
4 1 1000
5 1 500
6 1 500
7 1 500
8 1 500
1 2 1000
2 2 1000
3 2 1000
4 2 1000
5 2 500
6 2 500
7 2 500
8 2 500
1 3 1000
2 3 1000
3 3 1000
4 3 1000
5 3 500
6 3 500
7 3 500
8 3 500
1 4 1000
2 4 1000
3 4 1000
4 4 1000
5 4 500
6 4 500
7 4 500
8 4 500
1 5 1000
2 5 1000
3 5 1000
4 5 1000
5 5 500
6 5 500
7 5 500
8 5 500
;

set Bannlisti := 
;
set Fixlisti := 
1 2 1 
2 2 1 
3 2 1 
4 2 1 
5 2 1 
6 2 1 
7 2 1 
8 2 1 
9 2 1 
10 8 1 
11 8 1 
12 8 1 
13 8 1 
14 8 1 
15 8 1 
16 8 1 
17 8 1 
18 8 1 
19 8 1 
20 8 1 
21 8 1 
22 8 1 
23 8 1 
24 8 1 
25 8 1 
26 8 1 
27 8 1 
28 8 1 
29 8 1 
30 8 1 
31 8 1 
32 3 1 
33 3 1 
34 3 1 
35 3 1 
36 3 1 
37 3 1 
38 3 1 
39 3 1 
40 3 1 
41 3 1 
42 3 1 
43 3 1 
44 3 1 
45 3 1 
46 3 1 
47 3 1 
48 3 1 
49 3 1 
50 6 1 
51 6 1 
52 6 1 
53 6 1 
54 6 1 
55 6 1 
56 6 1 
57 6 1 
58 6 1 
59 6 1 
60 6 1 
61 6 1 
62 6 1 
63 6 1 
64 6 1 
65 6 1 
66 6 1 
67 6 1 
68 6 1 
69 6 1 
70 8 1 
71 6 1 
72 6 1 
73 6 1 
74 6 1 
75 6 1 
76 6 1 
77 6 1 
78 6 1 
79 6 1 
80 6 1 
81 6 1 
82 6 1 
83 6 1 
84 6 1 
85 6 1 
86 6 1 
87 6 1 
88 6 1 
89 6 1 
90 6 1 
91 6 1 
92 6 1 
93 2 1 
94 7 1 
95 7 1 
96 7 1 
97 7 1 
98 8 1 
99 8 1 
100 8 1 
101 8 1 
102 8 1 
103 8 1 
104 8 1 
105 7 1 
106 7 1 
107 7 1 
108 7 1 
109 7 1 
110 7 1 
111 7 1 
112 8 1 
113 7 1 
114 7 1 
115 8 1 
116 8 1 
117 8 1 
118 1 1 
119 1 1 
120 1 1 
121 1 1 
122 1 1 
123 1 1 
124 1 1 
125 1 1 
126 1 1 
127 1 1 
128 1 1 
129 1 1 
130 1 1 
131 1 1 
132 1 1 
133 1 1 
134 1 1 
135 1 1 
136 1 -29 
137 1 -29 
138 1 -29 
139 1 -29 
140 1 -29 
141 1 -29 
142 1 -29 
143 2 -29 
144 2 -29 
145 2 -29 
146 8 -29 
147 2 -29 
148 2 -29 
149 2 -29 
150 2 -29 
151 2 -29 
152 2 -29 
153 2 -29 
154 2 -29 
155 2 -29 
156 3 -29 
157 3 -29 
158 3 -29 
159 3 -29 
160 3 -29 
161 3 -29 
162 3 -29 
163 3 -29 
164 3 -29 
165 3 -29 
166 3 -29 
167 3 -29 
168 3 -29 
169 1 -29 
170 2 -29 
171 1 -29 
172 8 -29 
173 8 -29 
174 4 -29 
175 4 -29 
176 4 -29 
177 4 -29 
178 4 -29 
179 4 -29 
180 4 -29 
181 4 -29 
182 4 -29 
183 4 -29 
184 4 -29 
185 4 -29 
186 4 -29 
187 4 -29 
188 4 -29 
189 4 -29 
190 5 -29 
191 5 -29 
192 5 -29 
193 5 -29 
194 5 -29 
195 5 -29 
196 5 -29 
197 5 -29 
198 5 -29 
199 5 -29 
200 5 -29 
201 5 -29 
202 5 -29 
203 5 -29 
204 7 -29 
205 7 -29 
206 8 -29 
207 8 -29 
208 8 -29 
209 8 -29 
210 8 -29 
211 7 -29 
212 8 -29 
213 5 -29 
214 5 -29 
215 5 -29 
216 8 -29 
217 8 -29 
218 3 -29 
219 3 -29 
220 3 -29 
221 8 -29 
222 8 -29 
223 8 -29 
224 8 -29 
225 8 -29 
226 8 -29 
227 8 -29 
228 8 -29 
229 7 -29 
230 7 -29 
231 7 -29 
232 8 -29 
233 8 -29 
234 7 -29 
235 7 -29 
236 7 -29 
237 7 -29 
238 7 -29 
239 7 -29 
240 7 -29 
241 8 -29 
242 8 -29 
243 8 -29 
244 8 -29 
245 8 -29 
246 8 -29 
247 8 -29 
248 8 -29 
249 8 -29 
250 8 -29 
251 8 -29 
252 8 -29 
253 8 -29 
254 8 -29 
255 8 -29 
256 8 -29 
257 8 -29 
258 8 -29 
259 8 -29 
260 8 -29 
261 8 -29 
262 8 -29 
263 8 -29 
264 8 -29 
265 8 -29 
266 8 -29 
267 8 -29 
268 8 -29 
269 8 -29 
270 8 -29 
271 8 -29 
272 8 -29 
273 8 -29 
274 8 -29 
275 8 -29 
276 8 -29 
277 8 -29 
278 8 -29 
279 8 -29 
280 8 -29 
281 5 -29 
282 5 -29 
283 5 -29 
284 8 -29 
285 8 -29 
286 1 -29 
287 3 -29 
288 8 -29 
289 2 -29 
290 8 -29 
291 1 -29 
292 1 -29 
293 1 -29 
294 1 -29 
295 1 -29 
296 1 -29 
297 1 -29 
298 1 -29 
299 1 -29 
300 1 -29 
301 1 -29 
302 1 -29 
303 1 -29 
304 1 -29 
305 1 -29 
306 1 -29 
307 1 -29 
308 1 -29 
309 1 -29 
310 1 -29 
311 1 -29 
312 1 -29 
313 1 -29 
314 8 -29 
315 2 -28 
316 2 -28 
317 2 -28 
318 2 -28 
319 2 -28 
320 2 -28 
321 2 -28 
322 8 -28 
323 3 -28 
324 3 -28 
325 3 -28 
326 3 -28 
327 3 -28 
328 3 -28 
329 3 -28 
330 3 -28 
331 3 -28 
332 3 -28 
333 3 -28 
334 3 -28 
335 3 -28 
336 3 -28 
337 3 -28 
338 3 -28 
339 3 -28 
340 3 -28 
341 3 -28 
342 3 -28 
343 8 -28 
344 8 -28 
345 8 -28 
346 3 -28 
347 3 -28 
348 3 -28 
349 3 -28 
350 3 -28 
351 3 -28 
352 3 -28 
353 3 -28 
354 3 -28 
355 3 -28 
356 3 -28 
357 3 -28 
358 3 -28 
359 3 -28 
360 3 -28 
361 3 -28 
362 3 -28 
363 3 -28 
364 3 -28 
365 3 -28 
366 3 -28 
367 3 -28 
368 3 -28 
369 3 -28 
370 3 -28 
371 3 -28 
372 8 -28 
373 8 -28 
374 8 -28 
375 8 -28 
376 8 -28 
377 8 -28 
378 8 -28 
379 8 -28 
380 8 -28 
381 6 -28 
382 6 -28 
383 6 -28 
384 6 -28 
385 6 -28 
386 6 -28 
387 6 -28 
388 6 -28 
389 6 -28 
390 6 -28 
391 6 -28 
392 6 -28 
393 6 -28 
394 6 -28 
395 6 -28 
396 6 -28 
397 6 -28 
398 6 -28 
399 6 -28 
400 6 -28 
401 6 -28 
402 6 -28 
403 6 -28 
404 6 -28 
405 6 -28 
406 6 -28 
407 6 -28 
408 6 -28 
409 6 -28 
410 6 -28 
411 6 -28 
412 8 -28 
413 8 -28 
414 7 -28 
415 8 -28 
416 8 -28 
417 8 -28 
418 8 -28 
419 8 -28 
420 7 -28 
421 7 -28 
422 7 -28 
423 8 -28 
424 8 -28 
425 8 -28 
426 8 -28 
427 8 -28 
428 8 -28 
429 8 -28 
430 8 -28 
431 8 -28 
432 8 -28 
433 8 -28 
434 2 -27 
435 2 -27 
436 2 -27 
437 2 -27 
438 2 -27 
439 2 -27 
440 2 -27 
441 2 -27 
442 2 -27 
443 2 -27 
444 2 -27 
445 2 -27 
446 2 -27 
447 3 -27 
448 3 -27 
449 3 -27 
450 3 -27 
451 3 -27 
452 3 -27 
453 3 -27 
454 3 -27 
455 3 -27 
456 3 -27 
457 6 -27 
458 7 -27 
459 7 -27 
460 7 -27 
461 7 -27 
462 7 -27 
463 7 -27 
464 7 -27 
465 8 -27 
466 8 -27 
467 8 -27 
468 8 -27 
469 8 -27 
470 8 -27 
471 8 -27 
472 1 -27 
473 1 -27 
474 1 -27 
475 1 -27 
476 1 -27 
477 1 -27 
478 1 -27 
479 1 -27 
480 1 -27 
481 1 -27 
482 1 -27 
483 1 -27 
;
end;
