param S := 976;
param T := 8;
param D := 5;
param windowsize := 0;

param A := 
1 9
2 9
3 13
4 8
5 4
6 190
7 84
8 26
9 5
10 4
11 15
12 13
13 164
14 109
15 52
16 91
17 18
18 73
19 68
20 38
21 88
22 53
23 130
24 22
25 146
26 46
27 139
28 13
29 4
30 34
31 4
32 6
33 20
34 4
35 7
36 7
37 12
38 18
39 7
40 18
41 2
42 18
43 14
44 12
45 7
46 7
47 6
48 18
49 18
50 5
51 5
52 1
53 2
54 3
55 3
56 5
57 3
58 7
59 4
60 4
61 4
62 9
63 5
64 7
65 4
66 18
67 22
68 114
69 27
70 4
71 27
72 59
73 48
74 24
75 24
76 36
77 6
78 24
79 69
80 104
81 9
82 36
83 86
84 36
85 110
86 215
87 36
88 44
89 179
90 22
91 12
92 18
93 22
94 44
95 80
96 62
97 8
98 2
99 31
100 88
101 7
102 179
103 60
104 22
105 8
106 49
107 9
108 35
109 12
110 9
111 9
112 5
113 27
114 4
115 88
116 8
117 9
118 7
119 9
120 8
121 8
122 2
123 9
124 5
125 49
126 19
127 7
128 27
129 114
130 73
131 18
132 18
133 46
134 72
135 36
136 86
137 33
138 5
139 9
140 11
141 7
142 11
143 55
144 150
145 186
146 20
147 18
148 102
149 11
150 22
151 2
152 3
153 4
154 5
155 109
156 109
157 55
158 55
159 109
160 55
161 48
162 81
163 146
164 11
165 17
166 100
167 100
168 12
169 134
170 474
171 4
172 4
173 24
174 2
175 27
176 9
177 4
178 9
179 2
180 2
181 2
182 106
183 133
184 122
185 186
186 86
187 44
188 11
189 13
190 44
191 44
192 27
193 22
194 5
195 21
196 88
197 24
198 111
199 42
200 23
201 44
202 83
203 35
204 27
205 118
206 72
207 250
208 187
209 29
210 66
211 13
212 4
213 4
214 17
215 5
216 7
217 4
218 7
219 64
220 146
221 107
222 106
223 113
224 150
225 107
226 106
227 215
228 197
229 129
230 42
231 52
232 249
233 221
234 150
235 333
236 215
237 88
238 133
239 94
240 110
241 411
242 141
243 85
244 358
245 84
246 6
247 4
248 4
249 9
250 8
251 44
252 106
253 53
254 53
255 133
256 9
257 6
258 13
259 6
260 3
261 9
262 10
263 86
264 2
265 212
266 2
267 2
268 107
269 14
270 4
271 18
272 55
273 8
274 4
275 20
276 22
277 7
278 4
279 9
280 9
281 8
282 16
283 6
284 15
285 20
286 24
287 2
288 2
289 2
290 5
291 4
292 2
293 2
294 2
295 4
296 4
297 4
298 74
299 5
300 2
301 17
302 50
303 50
304 97
305 50
306 36
307 134
308 23
309 221
310 134
311 96
312 106
313 124
314 133
315 8
316 38
317 51
318 78
319 61
320 6
321 7
322 2
323 2
324 13
325 4
326 4
327 2
328 5
329 109
330 91
331 109
332 146
333 18
334 134
335 6
336 36
337 24
338 24
339 52
340 69
341 59
342 48
343 9
344 49
345 44
346 106
347 133
348 172
349 25
350 72
351 28
352 37
353 29
354 20
355 106
356 8
357 8
358 12
359 81
360 88
361 13
362 7
363 107
364 129
365 133
366 44
367 22
368 8
369 11
370 13
371 9
372 4
373 13
374 265
375 106
376 22
377 22
378 215
379 203
380 100
381 55
382 203
383 27
384 11
385 11
386 4
387 44
388 10
389 4
390 7
391 5
392 3
393 4
394 7
395 12
396 12
397 2
398 11
399 13
400 2
401 9
402 2
403 13
404 6
405 9
406 11
407 7
408 7
409 4
410 2
411 2
412 5
413 22
414 18
415 44
416 7
417 18
418 14
419 12
420 4
421 28
422 42
423 14
424 14
425 3
426 86
427 4
428 22
429 18
430 44
431 7
432 7
433 106
434 5
435 2
436 3
437 16
438 4
439 10
440 3
441 5
442 4
443 7
444 16
445 11
446 4
447 13
448 0
449 3
450 1
451 1
452 1
453 12
454 24
455 26
456 9
457 12
458 1
459 0
460 0
461 79
462 107
463 4
464 36
465 7
466 4
467 1
468 6
469 44
470 15
471 13
472 11
473 31
474 11
475 4
476 13
477 18
478 60
479 9
480 18
481 11
482 4
483 29
484 35
485 12
486 12
487 72
488 24
489 4
490 2
491 13
492 11
493 11
494 5
495 4
496 2
497 2
498 2
499 2
500 13
501 2
502 7
503 2
504 7
505 6
506 6
507 7
508 2
509 1
510 4
511 5
512 4
513 5
514 0
515 8
516 42
517 9
518 3
519 15
520 9
521 34
522 8
523 51
524 6
525 4
526 11
527 4
528 18
529 5
530 2
531 144
532 6
533 5
534 11
535 16
536 243
537 61
538 16
539 122
540 2
541 24
542 10
543 17
544 15
545 1
546 22
547 5
548 2
549 5
550 3
551 9
552 2
553 20
554 5
555 13
556 72
557 44
558 18
559 60
560 37
561 9
562 5
563 36
564 79
565 73
566 6
567 51
568 18
569 18
570 2
571 5
572 46
573 7
574 55
575 49
576 11
577 4
578 34
579 71
580 137
581 5
582 80
583 11
584 66
585 18
586 54
587 7
588 13
589 18
590 7
591 18
592 22
593 44
594 9
595 4
596 27
597 6
598 40
599 7
600 18
601 2
602 106
603 88
604 86
605 106
606 358
607 83
608 177
609 177
610 1
611 1
612 2
613 4
614 4
615 4
616 5
617 30
618 8
619 13
620 0
621 5
622 31
623 9
624 9
625 13
626 2
627 9
628 39
629 80
630 29
631 33
632 44
633 72
634 129
635 26
636 44
637 4
638 4
639 2
640 4
641 2
642 4
643 7
644 2
645 9
646 7
647 4
648 98
649 124
650 38
651 55
652 22
653 6
654 13
655 13
656 5
657 14
658 27
659 53
660 8
661 133
662 15
663 5
664 80
665 53
666 84
667 157
668 46
669 34
670 110
671 11
672 48
673 160
674 36
675 2
676 14
677 27
678 28
679 68
680 51
681 23
682 55
683 18
684 38
685 159
686 25
687 18
688 305
689 36
690 64
691 57
692 18
693 32
694 123
695 265
696 185
697 106
698 110
699 265
700 56
701 21
702 5
703 44
704 22
705 4
706 22
707 14
708 4
709 5
710 7
711 9
712 7
713 13
714 13
715 44
716 2
717 7
718 4
719 2
720 9
721 2
722 2
723 22
724 9
725 22
726 11
727 12
728 11
729 5
730 2
731 7
732 7
733 13
734 7
735 39
736 39
737 24
738 59
739 9
740 9
741 22
742 1
743 4
744 35
745 46
746 105
747 36
748 73
749 47
750 221
751 23
752 139
753 90
754 106
755 106
756 22
757 22
758 22
759 110
760 18
761 22
762 44
763 265
764 22
765 0
766 7
767 21
768 18
769 13
770 20
771 13
772 9
773 4
774 0
775 38
776 2
777 2
778 15
779 8
780 30
781 28
782 9
783 18
784 4
785 2
786 4
787 13
788 4
789 4
790 4
791 4
792 18
793 9
794 17
795 18
796 3
797 12
798 17
799 5
800 5
801 3
802 1
803 0
804 4
805 22
806 2
807 3
808 24
809 8
810 4
811 1
812 0
813 5
814 18
815 18
816 6
817 34
818 59
819 97
820 22
821 20
822 22
823 3
824 91
825 91
826 91
827 79
828 162
829 162
830 62
831 169
832 62
833 94
834 83
835 94
836 91
837 91
838 80
839 11
840 182
841 128
842 43
843 11
844 47
845 168
846 221
847 88
848 23
849 133
850 212
851 265
852 97
853 106
854 474
855 190
856 5
857 63
858 84
859 23
860 127
861 10
862 13
863 19
864 20
865 27
866 25
867 265
868 80
869 106
870 86
871 14
872 18
873 14
874 4
875 4
876 27
877 31
878 20
879 2
880 182
881 182
882 109
883 109
884 8
885 15
886 16
887 18
888 18
889 16
890 9
891 13
892 11
893 6
894 11
895 13
896 11
897 12
898 25
899 2
900 2
901 18
902 2
903 14
904 5
905 5
906 4
907 18
908 3
909 6
910 7
911 7
912 6
913 36
914 36
915 2
916 1
917 2
918 56
919 9
920 22
921 90
922 133
923 90
924 55
925 22
926 13
927 22
928 12
929 51
930 15
931 5
932 28
933 21
934 9
935 9
936 5
937 4
938 9
939 2
940 2
941 4
942 2
943 42
944 38
945 48
946 5
947 17
948 100
949 100
950 12
951 50
952 125
953 25
954 50
955 5
956 133
957 44
958 2
959 9
960 22
961 35
962 125
963 125
964 36
965 50
966 125
967 100
968 128
969 128
970 128
971 14
972 46
973 72
974 179
975 16
976 60
;

param Ttarget := 
1 1 1000
2 1 1000
3 1 1000
4 1 1000
5 1 500
6 1 500
7 1 500
8 1 500
1 2 1000
2 2 1000
3 2 1000
4 2 1000
5 2 500
6 2 500
7 2 500
8 2 500
1 3 1000
2 3 1000
3 3 1000
4 3 1000
5 3 500
6 3 500
7 3 500
8 3 500
1 4 1000
2 4 1000
3 4 1000
4 4 1000
5 4 500
6 4 500
7 4 500
8 4 500
1 5 1000
2 5 1000
3 5 1000
4 5 1000
5 5 500
6 5 500
7 5 500
8 5 500
;

set Bannlisti := 
;
set Fixlisti := 
1 1 1 
2 1 1 
3 1 1 
4 1 1 
5 1 1 
6 2 1 
7 2 1 
8 2 1 
9 2 1 
10 2 1 
11 2 1 
12 2 1 
13 2 1 
14 2 1 
15 2 1 
16 2 1 
17 2 1 
18 2 1 
19 2 1 
20 2 1 
21 2 1 
22 2 1 
23 2 1 
24 2 1 
25 2 1 
26 2 1 
27 2 1 
28 2 1 
29 2 1 
30 2 1 
31 8 1 
32 8 1 
33 8 1 
34 8 1 
35 8 1 
36 8 1 
37 8 1 
38 8 1 
39 8 1 
40 8 1 
41 8 1 
42 8 1 
43 8 1 
44 8 1 
45 8 1 
46 8 1 
47 8 1 
48 8 1 
49 8 1 
50 8 1 
51 8 1 
52 8 1 
53 8 1 
54 8 1 
55 8 1 
56 8 1 
57 8 1 
58 8 1 
59 8 1 
60 8 1 
61 8 1 
62 8 1 
63 8 1 
64 8 1 
65 8 1 
66 8 1 
67 8 1 
68 8 1 
69 8 1 
70 8 1 
71 8 1 
72 4 1 
73 4 1 
74 4 1 
75 4 1 
76 4 1 
77 4 1 
78 4 1 
79 4 1 
80 4 1 
81 4 1 
82 4 1 
83 5 1 
84 5 1 
85 5 1 
86 5 1 
87 5 1 
88 5 1 
89 5 1 
90 5 1 
91 5 1 
92 5 1 
93 5 1 
94 5 1 
95 5 1 
96 5 1 
97 5 1 
98 5 1 
99 5 1 
100 5 1 
101 5 1 
102 5 1 
103 5 1 
104 5 1 
105 8 1 
106 3 1 
107 3 1 
108 3 1 
109 3 1 
110 3 1 
111 8 1 
112 8 1 
113 8 1 
114 7 1 
115 7 1 
116 7 1 
117 7 1 
118 7 1 
119 7 1 
120 7 1 
121 7 1 
122 8 1 
123 8 1 
124 8 1 
125 3 1 
126 7 1 
127 7 1 
128 7 1 
129 7 1 
130 7 1 
131 7 1 
132 7 1 
133 7 1 
134 7 1 
135 7 1 
136 7 1 
137 7 1 
138 7 1 
139 7 1 
140 7 1 
141 3 1 
142 3 1 
143 3 1 
144 3 1 
145 3 1 
146 3 1 
147 5 1 
148 5 1 
149 5 1 
150 5 1 
151 5 1 
152 8 1 
153 8 1 
154 8 1 
155 1 1 
156 1 1 
157 1 1 
158 1 1 
159 1 1 
160 1 1 
161 1 1 
162 1 1 
163 1 1 
164 1 1 
165 1 1 
166 1 1 
167 1 1 
168 1 1 
169 1 1 
170 2 2 
171 8 2 
172 8 2 
173 8 2 
174 8 2 
175 8 2 
176 8 2 
177 8 2 
178 8 2 
179 8 2 
180 8 2 
181 8 2 
182 3 2 
183 3 2 
184 3 2 
185 3 2 
186 3 2 
187 3 2 
188 3 2 
189 3 2 
190 3 2 
191 3 2 
192 3 2 
193 3 2 
194 3 2 
195 3 2 
196 3 2 
197 3 2 
198 3 2 
199 3 2 
200 3 2 
201 3 2 
202 3 2 
203 3 2 
204 3 2 
205 3 2 
206 3 2 
207 3 2 
208 3 2 
209 3 2 
210 3 2 
211 3 2 
212 3 2 
213 3 2 
214 3 2 
215 3 2 
216 3 2 
217 3 2 
218 3 2 
219 3 2 
220 3 2 
221 3 2 
222 3 2 
223 3 2 
224 3 2 
225 3 2 
226 3 2 
227 3 2 
228 3 2 
229 6 2 
230 6 2 
231 6 2 
232 6 2 
233 6 2 
234 6 2 
235 6 2 
236 6 2 
237 6 2 
238 6 2 
239 6 2 
240 6 2 
241 6 2 
242 6 2 
243 6 2 
244 6 2 
245 6 2 
246 6 2 
247 6 2 
248 6 2 
249 6 2 
250 6 2 
251 6 2 
252 6 2 
253 6 2 
254 6 2 
255 6 2 
256 6 2 
257 6 2 
258 6 2 
259 6 2 
260 6 2 
261 6 2 
262 6 2 
263 6 2 
264 6 2 
265 6 2 
266 6 2 
267 6 2 
268 6 2 
269 8 2 
270 8 2 
271 8 2 
272 8 2 
273 8 2 
274 7 2 
275 7 2 
276 7 2 
277 7 2 
278 7 2 
279 7 2 
280 7 2 
281 7 2 
282 8 2 
283 7 2 
284 7 2 
285 8 2 
286 8 2 
287 8 2 
288 8 2 
289 8 2 
290 8 2 
291 8 2 
292 8 2 
293 8 2 
294 8 2 
295 8 2 
296 8 2 
297 8 2 
298 8 2 
299 8 2 
300 8 2 
301 1 2 
302 1 2 
303 1 2 
304 1 2 
305 1 2 
306 1 2 
307 1 2 
308 1 2 
309 1 2 
310 1 2 
311 1 2 
312 1 2 
313 1 2 
314 1 2 
315 1 2 
316 1 2 
317 1 2 
318 4 3 
319 8 3 
320 1 3 
321 1 3 
322 1 3 
323 1 3 
324 1 3 
325 1 3 
326 1 3 
327 1 3 
328 1 2 
329 2 3 
330 2 3 
331 2 3 
332 2 3 
333 2 3 
334 2 3 
335 4 3 
336 4 3 
337 4 3 
338 4 3 
339 4 3 
340 4 3 
341 4 3 
342 4 3 
343 4 3 
344 4 3 
345 4 3 
346 4 3 
347 4 3 
348 4 3 
349 4 3 
350 4 3 
351 4 3 
352 4 3 
353 4 3 
354 4 3 
355 4 3 
356 7 3 
357 7 3 
358 4 3 
359 4 3 
360 4 3 
361 4 3 
362 4 3 
363 4 3 
364 4 3 
365 4 3 
366 4 3 
367 5 3 
368 5 3 
369 5 3 
370 5 3 
371 5 3 
372 5 3 
373 5 3 
374 5 3 
375 5 3 
376 5 3 
377 5 3 
378 5 3 
379 5 3 
380 5 3 
381 5 3 
382 5 3 
383 5 3 
384 5 3 
385 6 3 
386 7 3 
387 7 3 
388 8 3 
389 8 3 
390 7 3 
391 7 3 
392 7 3 
393 7 3 
394 7 3 
395 8 3 
396 8 3 
397 1 3 
398 8 3 
399 8 3 
400 8 3 
401 8 3 
402 7 3 
403 7 3 
404 7 3 
405 7 3 
406 7 3 
407 7 3 
408 7 3 
409 7 3 
410 7 3 
411 7 3 
412 7 3 
413 3 3 
414 3 3 
415 8 3 
416 8 3 
417 8 3 
418 8 3 
419 8 3 
420 8 3 
421 8 3 
422 8 3 
423 8 3 
424 8 3 
425 8 3 
426 7 3 
427 7 3 
428 7 3 
429 7 3 
430 7 3 
431 7 3 
432 7 3 
433 7 3 
434 7 3 
435 7 3 
436 8 3 
437 8 3 
438 8 3 
439 8 3 
440 8 3 
441 8 3 
442 8 3 
443 8 3 
444 8 3 
445 8 3 
446 8 3 
447 8 3 
448 8 3 
449 8 3 
450 8 3 
451 8 3 
452 8 3 
453 8 3 
454 8 3 
455 8 3 
456 8 3 
457 8 3 
458 8 3 
459 8 3 
460 8 3 
461 8 3 
462 8 3 
463 8 3 
464 8 3 
465 8 3 
466 8 3 
467 8 3 
468 8 3 
469 8 3 
470 8 3 
471 8 3 
472 8 3 
473 8 3 
474 8 3 
475 8 3 
476 8 3 
477 8 3 
478 8 3 
479 8 3 
480 8 3 
481 8 3 
482 8 3 
483 8 3 
484 8 3 
485 3 3 
486 3 3 
487 3 3 
488 3 3 
489 3 3 
490 3 3 
491 8 3 
492 8 3 
493 8 3 
494 8 3 
495 8 3 
496 8 3 
497 8 3 
498 8 3 
499 8 3 
500 8 3 
501 8 3 
502 8 3 
503 8 3 
504 8 3 
505 8 3 
506 8 3 
507 8 3 
508 8 3 
509 8 3 
510 6 3 
511 6 3 
512 1 3 
513 1 3 
514 2 3 
515 1 3 
516 1 3 
517 1 3 
518 1 3 
519 1 3 
520 1 3 
521 1 3 
522 1 3 
523 1 3 
524 1 3 
525 1 3 
526 1 3 
527 1 3 
528 1 3 
529 1 3 
530 1 3 
531 1 3 
532 1 3 
533 1 3 
534 1 3 
535 1 3 
536 1 3 
537 1 3 
538 1 3 
539 1 3 
540 1 3 
541 1 3 
542 1 3 
543 1 3 
544 1 3 
545 1 3 
546 1 3 
547 1 3 
548 1 3 
549 1 3 
550 1 3 
551 1 3 
552 1 3 
553 8 4 
554 8 3 
555 2 4 
556 2 4 
557 2 4 
558 2 4 
559 2 4 
560 2 4 
561 2 4 
562 2 4 
563 2 4 
564 2 4 
565 2 4 
566 2 4 
567 2 4 
568 2 4 
569 2 4 
570 2 4 
571 2 4 
572 2 4 
573 2 4 
574 2 4 
575 4 4 
576 3 4 
577 3 4 
578 3 4 
579 3 4 
580 3 4 
581 3 4 
582 3 4 
583 3 4 
584 3 4 
585 3 4 
586 3 4 
587 3 4 
588 3 4 
589 3 4 
590 3 4 
591 3 4 
592 3 4 
593 3 4 
594 3 4 
595 3 4 
596 3 4 
597 3 4 
598 3 4 
599 3 4 
600 3 4 
601 5 4 
602 3 4 
603 3 4 
604 3 4 
605 3 4 
606 3 4 
607 3 4 
608 3 4 
609 3 4 
610 6 4 
611 6 4 
612 3 4 
613 3 4 
614 3 4 
615 3 4 
616 3 4 
617 3 4 
618 5 4 
619 5 4 
620 5 4 
621 8 4 
622 8 4 
623 8 4 
624 8 4 
625 8 4 
626 8 4 
627 8 4 
628 8 4 
629 8 4 
630 8 4 
631 8 4 
632 8 4 
633 8 4 
634 8 4 
635 8 4 
636 8 4 
637 8 4 
638 8 4 
639 8 4 
640 8 4 
641 8 4 
642 8 4 
643 8 4 
644 8 4 
645 5 4 
646 8 4 
647 8 4 
648 8 4 
649 8 4 
650 8 4 
651 8 4 
652 8 4 
653 6 4 
654 6 4 
655 6 4 
656 6 4 
657 6 4 
658 6 4 
659 6 4 
660 6 4 
661 6 4 
662 6 4 
663 6 4 
664 6 4 
665 6 4 
666 6 4 
667 6 4 
668 6 4 
669 6 4 
670 6 4 
671 6 4 
672 6 4 
673 6 4 
674 6 4 
675 6 4 
676 6 4 
677 6 4 
678 6 4 
679 6 4 
680 6 4 
681 6 4 
682 6 4 
683 6 4 
684 6 4 
685 6 4 
686 6 4 
687 6 4 
688 6 4 
689 6 4 
690 6 4 
691 6 4 
692 6 4 
693 6 4 
694 6 4 
695 6 4 
696 6 4 
697 6 4 
698 6 4 
699 6 4 
700 6 4 
701 8 4 
702 6 4 
703 6 4 
704 6 4 
705 6 4 
706 6 4 
707 6 4 
708 6 4 
709 6 4 
710 6 4 
711 6 4 
712 6 4 
713 6 4 
714 6 4 
715 7 4 
716 7 4 
717 7 4 
718 7 4 
719 7 4 
720 7 4 
721 8 4 
722 7 4 
723 7 4 
724 7 4 
725 7 4 
726 7 4 
727 3 4 
728 7 4 
729 7 4 
730 7 4 
731 7 4 
732 7 4 
733 7 4 
734 7 4 
735 7 4 
736 7 4 
737 7 4 
738 7 4 
739 7 4 
740 7 4 
741 7 4 
742 7 4 
743 8 4 
744 7 4 
745 7 4 
746 7 4 
747 7 4 
748 7 4 
749 7 4 
750 7 4 
751 7 4 
752 7 4 
753 7 4 
754 7 4 
755 7 4 
756 7 4 
757 7 4 
758 7 4 
759 7 4 
760 7 4 
761 7 4 
762 7 4 
763 7 4 
764 7 4 
765 8 4 
766 8 4 
767 7 4 
768 7 4 
769 7 4 
770 7 4 
771 7 4 
772 7 4 
773 8 4 
774 8 4 
775 3 4 
776 8 4 
777 7 4 
778 7 4 
779 7 4 
780 7 4 
781 7 4 
782 7 4 
783 7 4 
784 8 4 
785 7 4 
786 7 4 
787 8 4 
788 8 4 
789 8 4 
790 8 4 
791 7 4 
792 7 4 
793 8 4 
794 7 4 
795 7 4 
796 7 4 
797 8 4 
798 8 4 
799 8 4 
800 7 4 
801 7 4 
802 7 4 
803 7 4 
804 8 4 
805 8 4 
806 8 4 
807 7 4 
808 7 4 
809 7 4 
810 7 4 
811 7 4 
812 7 4 
813 8 4 
814 8 4 
815 3 4 
816 7 4 
817 8 4 
818 8 4 
819 8 4 
820 8 4 
821 8 4 
822 8 4 
823 7 4 
824 1 4 
825 1 4 
826 1 4 
827 1 4 
828 1 4 
829 1 4 
830 1 4 
831 1 4 
832 1 4 
833 1 4 
834 1 4 
835 1 4 
836 1 4 
837 1 4 
838 1 4 
839 1 4 
840 1 4 
841 1 4 
842 2 5 
843 2 5 
844 2 5 
845 1 4 
846 1 4 
847 1 4 
848 1 4 
849 1 4 
850 1 4 
851 1 4 
852 1 4 
853 1 4 
854 2 5 
855 2 5 
856 2 5 
857 2 5 
858 2 5 
859 2 5 
860 2 5 
861 2 5 
862 3 5 
863 3 5 
864 3 5 
865 3 5 
866 3 5 
867 3 5 
868 3 5 
869 3 5 
870 3 5 
871 3 5 
872 3 5 
873 3 5 
874 3 5 
875 3 5 
876 3 5 
877 3 5 
878 4 5 
879 4 5 
880 1 5 
881 1 5 
882 1 5 
883 1 5 
884 8 5 
885 8 5 
886 8 5 
887 8 5 
888 8 5 
889 8 5 
890 8 5 
891 8 5 
892 8 5 
893 8 5 
894 8 5 
895 8 5 
896 8 5 
897 8 5 
898 8 5 
899 8 5 
900 8 5 
901 8 5 
902 8 5 
903 8 5 
904 8 5 
905 8 5 
906 8 5 
907 8 5 
908 8 5 
909 8 5 
910 8 5 
911 8 5 
912 8 5 
913 8 5 
914 8 5 
915 8 5 
916 8 5 
917 8 5 
918 1 5 
919 1 5 
920 1 5 
921 1 5 
922 1 5 
923 1 5 
924 1 5 
925 1 5 
926 1 5 
927 1 5 
928 1 5 
929 1 5 
930 1 5 
931 1 5 
932 1 5 
933 1 5 
934 1 5 
935 1 5 
936 1 5 
937 1 5 
938 1 5 
939 1 5 
940 1 5 
941 1 5 
942 1 5 
943 1 5 
944 1 5 
945 1 5 
946 1 5 
947 1 5 
948 1 5 
949 1 5 
950 1 5 
951 1 5 
952 1 5 
953 1 5 
954 1 5 
955 1 5 
956 1 5 
957 1 5 
958 1 5 
959 1 5 
960 1 5 
961 1 5 
962 1 5 
963 1 5 
964 1 5 
965 1 5 
966 1 5 
967 1 5 
968 1 5 
969 1 5 
970 1 5 
971 1 5 
972 2 5 
973 2 5 
974 2 5 
975 2 5 
976 2 5 
;
end;
