param S := 680;
param T := 8;
param D := 5;
param windowsize := 0;

param A := 
1 182
2 109
3 182
4 16
5 43
6 4
7 44
8 45
9 22
10 43
11 4
12 13
13 22
14 4
15 4
16 23
17 9
18 9
19 9
20 94
21 231
22 52
23 411
24 72
25 85
26 19
27 38
28 9
29 5
30 5
31 47
32 62
33 150
34 107
35 265
36 0
37 118
38 93
39 66
40 55
41 18
42 18
43 15
44 11
45 9
46 127
47 0
48 15
49 23
50 48
51 47
52 65
53 28
54 25
55 40
56 31
57 31
58 13
59 16
60 11
61 4
62 8
63 4
64 11
65 13
66 4
67 9
68 13
69 4
70 66
71 9
72 4
73 4
74 4
75 90
76 18
77 110
78 44
79 66
80 27
81 4
82 9
83 4
84 12
85 4
86 4
87 4
88 22
89 31
90 0
91 4
92 2
93 15
94 2
95 4
96 0
97 4
98 44
99 12
100 9
101 40
102 11
103 4
104 33
105 4
106 5
107 3
108 12
109 9
110 9
111 12
112 12
113 44
114 106
115 80
116 66
117 23
118 11
119 9
120 4
121 18
122 20
123 8
124 28
125 16
126 5
127 8
128 5
129 5
130 4
131 0
132 3
133 96
134 88
135 44
136 221
137 106
138 0
139 110
140 107
141 221
142 106
143 150
144 125
145 150
146 182
147 91
148 91
149 0
150 106
151 100
152 133
153 106
154 16
155 7
156 168
157 133
158 106
159 113
160 96
161 0
162 29
163 9
164 16
165 18
166 98
167 179
168 187
169 221
170 66
171 177
172 129
173 186
174 250
175 86
176 64
177 65
178 52
179 88
180 86
181 150
182 86
183 107
184 133
185 122
186 80
187 41
188 8
189 114
190 111
191 88
192 166
193 72
194 83
195 88
196 118
197 67
198 44
199 76
200 13
201 19
202 4
203 14
204 72
205 14
206 44
207 22
208 125
209 36
210 9
211 7
212 7
213 2
214 9
215 11
216 34
217 2
218 8
219 17
220 4
221 4
222 9
223 9
224 21
225 3
226 5
227 4
228 11
229 9
230 4
231 17
232 16
233 22
234 2
235 2
236 5
237 1
238 2
239 3
240 2
241 11
242 19
243 16
244 6
245 129
246 11
247 133
248 107
249 86
250 88
251 10
252 9
253 12
254 12
255 52
256 86
257 9
258 24
259 59
260 12
261 73
262 1
263 69
264 26
265 66
266 102
267 22
268 22
269 9
270 4
271 4
272 11
273 4
274 8
275 4
276 18
277 4
278 22
279 18
280 36
281 28
282 1
283 53
284 22
285 68
286 44
287 88
288 22
289 107
290 23
291 55
292 13
293 22
294 18
295 7
296 3
297 5
298 4
299 9
300 22
301 7
302 5
303 72
304 9
305 11
306 5
307 2
308 2
309 1
310 1
311 36
312 25
313 7
314 2
315 2
316 2
317 7
318 7
319 5
320 13
321 5
322 18
323 4
324 16
325 3
326 8
327 16
328 8
329 4
330 2
331 7
332 24
333 14
334 12
335 1
336 28
337 28
338 7
339 6
340 3
341 8
342 12
343 12
344 12
345 48
346 48
347 12
348 2
349 1
350 24
351 14
352 5
353 2
354 52
355 36
356 49
357 36
358 2
359 24
360 24
361 12
362 3
363 17
364 5
365 15
366 55
367 42
368 101
369 18
370 18
371 215
372 51
373 21
374 8
375 14
376 13
377 5
378 11
379 22
380 31
381 56
382 122
383 122
384 11
385 11
386 47
387 11
388 45
389 73
390 37
391 16
392 32
393 24
394 37
395 46
396 46
397 38
398 88
399 35
400 79
401 11
402 18
403 146
404 72
405 18
406 8
407 1
408 9
409 9
410 84
411 6
412 73
413 63
414 73
415 267
416 5
417 265
418 107
419 106
420 106
421 86
422 106
423 86
424 107
425 133
426 86
427 24
428 1
429 4
430 119
431 107
432 64
433 4
434 2
435 4
436 11
437 39
438 0
439 17
440 2
441 1
442 9
443 22
444 4
445 4
446 2
447 5
448 6
449 13
450 6
451 5
452 133
453 28
454 159
455 305
456 104
457 55
458 115
459 34
460 222
461 0
462 80
463 45
464 0
465 37
466 20
467 106
468 86
469 133
470 333
471 129
472 44
473 27
474 66
475 8
476 4
477 38
478 7
479 4
480 1
481 6
482 35
483 9
484 35
485 36
486 97
487 11
488 12
489 16
490 0
491 1
492 3
493 91
494 15
495 4
496 13
497 23
498 54
499 6
500 4
501 4
502 133
503 8
504 6
505 22
506 2
507 4
508 4
509 9
510 5
511 1
512 0
513 23
514 110
515 54
516 18
517 12
518 22
519 15
520 13
521 22
522 5
523 14
524 4
525 8
526 5
527 2
528 2
529 5
530 7
531 13
532 15
533 3
534 4
535 9
536 9
537 9
538 27
539 66
540 110
541 18
542 22
543 16
544 72
545 28
546 9
547 7
548 15
549 9
550 13
551 85
552 12
553 9
554 5
555 94
556 18
557 7
558 7
559 1
560 7
561 7
562 7
563 5
564 5
565 4
566 96
567 88
568 79
569 66
570 73
571 36
572 55
573 17
574 50
575 50
576 25
577 50
578 97
579 17
580 12
581 12
582 221
583 64
584 107
585 47
586 94
587 146
588 47
589 95
590 62
591 146
592 52
593 128
594 63
595 36
596 2
597 7
598 20
599 5
600 73
601 111
602 132
603 24
604 13
605 4
606 12
607 12
608 60
609 88
610 20
611 44
612 4
613 7
614 9
615 4
616 11
617 4
618 4
619 4
620 10
621 4
622 10
623 3
624 2
625 1
626 0
627 0
628 13
629 4
630 9
631 97
632 13
633 55
634 2
635 4
636 2
637 4
638 19
639 4
640 2
641 47
642 267
643 50
644 125
645 125
646 122
647 12
648 53
649 15
650 104
651 42
652 62
653 15
654 15
655 9
656 0
657 80
658 36
659 4
660 4
661 7
662 13
663 4
664 4
665 2
666 34
667 193
668 54
669 7
670 4
671 4
672 3
673 2
674 9
675 7
676 6
677 7
678 12
679 36
680 36
;

param Ttarget := 
1 1 1000
2 1 1000
3 1 1000
4 1 1000
5 1 500
6 1 500
7 1 500
8 1 500
1 2 1000
2 2 1000
3 2 1000
4 2 1000
5 2 500
6 2 500
7 2 500
8 2 500
1 3 1000
2 3 1000
3 3 1000
4 3 1000
5 3 500
6 3 500
7 3 500
8 3 500
1 4 1000
2 4 1000
3 4 1000
4 4 1000
5 4 500
6 4 500
7 4 500
8 4 500
1 5 1000
2 5 1000
3 5 1000
4 5 1000
5 5 500
6 5 500
7 5 500
8 5 500
;

set Bannlisti := 
;
set Fixlisti := 
1 2 1 
2 2 1 
3 2 1 
4 4 1 
5 5 1 
6 5 1 
7 5 1 
8 5 1 
9 5 1 
10 5 1 
11 5 1 
12 5 1 
13 5 1 
14 1 1 
15 1 1 
16 4 1 
17 6 1 
18 6 1 
19 6 1 
20 6 1 
21 6 1 
22 6 1 
23 6 1 
24 6 1 
25 6 1 
26 6 1 
27 6 1 
28 6 1 
29 6 1 
30 6 1 
31 6 1 
32 6 1 
33 6 1 
34 6 1 
35 6 1 
36 6 1 
37 6 1 
38 6 1 
39 6 1 
40 6 1 
41 5 1 
42 5 1 
43 5 1 
44 5 1 
45 5 1 
46 8 1 
47 6 1 
48 6 1 
49 6 1 
50 6 1 
51 6 1 
52 6 1 
53 6 1 
54 6 1 
55 7 1 
56 7 1 
57 7 1 
58 7 1 
59 7 1 
60 7 1 
61 7 1 
62 8 1 
63 8 1 
64 8 1 
65 8 1 
66 8 1 
67 8 1 
68 8 1 
69 8 1 
70 8 1 
71 8 1 
72 8 1 
73 8 1 
74 8 1 
75 7 1 
76 7 1 
77 7 1 
78 7 1 
79 7 1 
80 7 1 
81 7 1 
82 7 1 
83 7 1 
84 7 1 
85 7 1 
86 7 1 
87 8 1 
88 8 1 
89 8 1 
90 8 1 
91 8 1 
92 8 1 
93 8 1 
94 8 1 
95 8 1 
96 8 1 
97 8 1 
98 8 1 
99 8 1 
100 8 1 
101 8 1 
102 8 1 
103 8 1 
104 8 1 
105 8 1 
106 8 1 
107 8 1 
108 8 1 
109 8 1 
110 8 1 
111 8 1 
112 8 1 
113 8 1 
114 8 1 
115 8 1 
116 8 1 
117 8 1 
118 8 1 
119 8 1 
120 8 1 
121 8 1 
122 8 1 
123 8 1 
124 8 1 
125 8 1 
126 8 1 
127 8 1 
128 8 1 
129 8 1 
130 8 1 
131 8 1 
132 8 1 
133 8 1 
134 1 1 
135 1 1 
136 1 1 
137 1 1 
138 1 1 
139 1 1 
140 1 1 
141 1 1 
142 1 1 
143 1 1 
144 1 1 
145 1 1 
146 1 1 
147 1 1 
148 1 1 
149 1 1 
150 1 1 
151 1 1 
152 1 1 
153 1 1 
154 1 1 
155 1 1 
156 1 1 
157 1 1 
158 1 1 
159 1 1 
160 1 1 
161 1 1 
162 8 2 
163 8 2 
164 8 2 
165 8 2 
166 3 2 
167 3 2 
168 3 2 
169 3 2 
170 3 2 
171 3 2 
172 3 2 
173 3 2 
174 3 2 
175 3 2 
176 3 2 
177 3 2 
178 3 2 
179 3 2 
180 3 2 
181 3 2 
182 3 2 
183 3 2 
184 3 2 
185 3 2 
186 3 2 
187 3 2 
188 3 2 
189 3 2 
190 3 2 
191 3 2 
192 3 2 
193 3 2 
194 3 2 
195 3 2 
196 3 2 
197 3 2 
198 3 2 
199 3 2 
200 3 2 
201 3 2 
202 3 2 
203 3 2 
204 3 2 
205 3 2 
206 3 2 
207 3 2 
208 3 2 
209 3 2 
210 3 2 
211 3 2 
212 3 2 
213 3 2 
214 3 2 
215 3 2 
216 3 2 
217 3 2 
218 3 2 
219 3 2 
220 3 2 
221 3 2 
222 3 2 
223 3 2 
224 3 2 
225 3 2 
226 3 2 
227 3 2 
228 3 2 
229 3 2 
230 3 2 
231 3 2 
232 8 2 
233 8 2 
234 8 2 
235 8 2 
236 8 2 
237 8 2 
238 8 2 
239 8 2 
240 8 2 
241 3 2 
242 3 2 
243 4 2 
244 4 2 
245 4 2 
246 4 2 
247 4 2 
248 4 2 
249 4 2 
250 4 2 
251 4 2 
252 4 2 
253 4 2 
254 4 2 
255 4 2 
256 4 2 
257 4 2 
258 4 2 
259 4 2 
260 4 2 
261 4 2 
262 4 2 
263 5 2 
264 5 2 
265 5 2 
266 5 2 
267 5 2 
268 5 2 
269 5 2 
270 5 2 
271 5 2 
272 5 2 
273 5 2 
274 5 2 
275 5 2 
276 5 2 
277 5 2 
278 5 2 
279 5 2 
280 5 2 
281 5 2 
282 5 2 
283 5 2 
284 5 2 
285 5 2 
286 5 2 
287 5 2 
288 5 2 
289 5 2 
290 8 2 
291 5 2 
292 5 2 
293 5 2 
294 5 2 
295 5 2 
296 5 2 
297 5 2 
298 5 2 
299 5 2 
300 7 2 
301 7 2 
302 7 2 
303 7 2 
304 7 2 
305 7 2 
306 7 2 
307 7 2 
308 7 2 
309 8 2 
310 8 2 
311 8 2 
312 8 2 
313 8 2 
314 8 2 
315 8 2 
316 7 2 
317 8 2 
318 8 2 
319 8 2 
320 8 2 
321 8 2 
322 5 2 
323 5 2 
324 7 2 
325 7 2 
326 7 2 
327 7 2 
328 7 2 
329 8 2 
330 8 2 
331 8 2 
332 8 2 
333 8 2 
334 8 2 
335 8 2 
336 8 2 
337 8 2 
338 8 2 
339 8 2 
340 8 2 
341 8 2 
342 3 2 
343 3 2 
344 3 2 
345 3 2 
346 3 2 
347 3 2 
348 3 2 
349 8 2 
350 8 2 
351 8 2 
352 8 2 
353 8 2 
354 6 2 
355 8 2 
356 8 2 
357 8 2 
358 8 2 
359 8 2 
360 8 2 
361 8 2 
362 1 2 
363 1 2 
364 1 2 
365 1 2 
366 1 3 
367 1 3 
368 1 3 
369 1 3 
370 1 3 
371 1 3 
372 1 3 
373 1 3 
374 1 3 
375 1 3 
376 1 3 
377 1 3 
378 1 3 
379 1 3 
380 1 3 
381 1 3 
382 1 3 
383 1 3 
384 2 3 
385 2 3 
386 2 3 
387 2 3 
388 4 3 
389 4 3 
390 2 3 
391 2 3 
392 2 3 
393 2 3 
394 2 3 
395 2 3 
396 2 3 
397 2 3 
398 2 3 
399 2 3 
400 2 3 
401 2 3 
402 2 3 
403 2 3 
404 2 3 
405 2 3 
406 2 3 
407 2 3 
408 2 3 
409 2 3 
410 2 3 
411 2 3 
412 2 3 
413 2 3 
414 2 3 
415 2 3 
416 5 3 
417 3 3 
418 3 3 
419 3 3 
420 3 3 
421 3 3 
422 3 3 
423 3 3 
424 3 3 
425 3 3 
426 3 3 
427 8 3 
428 8 3 
429 8 3 
430 8 3 
431 8 3 
432 8 3 
433 8 3 
434 8 3 
435 8 3 
436 8 3 
437 8 3 
438 8 3 
439 8 3 
440 8 3 
441 8 3 
442 8 3 
443 8 3 
444 8 3 
445 6 3 
446 2 3 
447 6 3 
448 6 3 
449 6 3 
450 6 3 
451 6 3 
452 6 3 
453 6 3 
454 6 3 
455 6 3 
456 6 3 
457 6 3 
458 6 3 
459 6 3 
460 6 3 
461 6 3 
462 6 3 
463 6 3 
464 6 3 
465 6 3 
466 6 3 
467 6 3 
468 6 3 
469 6 3 
470 6 3 
471 6 3 
472 6 3 
473 6 3 
474 6 3 
475 6 3 
476 6 3 
477 6 3 
478 6 3 
479 6 3 
480 2 3 
481 7 3 
482 7 3 
483 7 3 
484 7 3 
485 7 3 
486 7 3 
487 7 3 
488 7 3 
489 7 3 
490 7 3 
491 7 3 
492 7 3 
493 7 3 
494 7 3 
495 7 3 
496 7 3 
497 7 3 
498 7 3 
499 8 3 
500 8 3 
501 7 3 
502 7 3 
503 7 3 
504 7 3 
505 7 3 
506 7 3 
507 7 3 
508 7 3 
509 7 3 
510 7 3 
511 7 3 
512 7 3 
513 7 3 
514 7 3 
515 7 3 
516 7 3 
517 7 3 
518 7 3 
519 7 3 
520 7 3 
521 7 3 
522 7 3 
523 7 3 
524 7 3 
525 7 3 
526 7 3 
527 7 3 
528 7 3 
529 7 3 
530 7 3 
531 7 3 
532 7 3 
533 7 3 
534 7 3 
535 7 3 
536 7 3 
537 7 3 
538 8 3 
539 8 3 
540 8 3 
541 8 3 
542 8 3 
543 8 3 
544 8 3 
545 8 3 
546 8 3 
547 8 3 
548 8 3 
549 8 3 
550 8 3 
551 8 3 
552 8 3 
553 8 3 
554 8 3 
555 8 3 
556 8 3 
557 7 3 
558 7 3 
559 7 3 
560 7 3 
561 7 3 
562 7 3 
563 7 3 
564 8 3 
565 8 3 
566 1 3 
567 1 3 
568 1 3 
569 1 3 
570 1 3 
571 1 3 
572 1 3 
573 1 3 
574 1 3 
575 1 3 
576 1 3 
577 1 3 
578 1 3 
579 1 3 
580 1 3 
581 1 3 
582 1 3 
583 1 3 
584 1 3 
585 1 3 
586 1 3 
587 1 3 
588 1 3 
589 1 3 
590 1 3 
591 2 4 
592 2 4 
593 2 4 
594 2 4 
595 2 4 
596 6 4 
597 8 4 
598 8 4 
599 8 4 
600 6 4 
601 1 4 
602 1 4 
603 8 4 
604 8 4 
605 8 4 
606 8 4 
607 8 4 
608 8 4 
609 8 4 
610 4 4 
611 8 4 
612 8 4 
613 8 4 
614 8 4 
615 8 4 
616 8 4 
617 8 4 
618 8 4 
619 8 4 
620 8 4 
621 8 4 
622 8 4 
623 8 4 
624 1 4 
625 1 4 
626 1 4 
627 7 4 
628 8 4 
629 8 4 
630 8 4 
631 7 4 
632 7 4 
633 6 4 
634 3 4 
635 5 4 
636 4 4 
637 3 4 
638 8 4 
639 8 4 
640 8 4 
641 8 4 
642 1 4 
643 1 4 
644 1 4 
645 1 4 
646 1 4 
647 1 4 
648 1 4 
649 1 4 
650 1 4 
651 1 4 
652 1 4 
653 1 4 
654 1 4 
655 1 4 
656 1 4 
657 1 4 
658 1 4 
659 1 4 
660 1 4 
661 1 4 
662 1 4 
663 1 4 
664 1 4 
665 1 4 
666 1 4 
667 1 4 
668 1 4 
669 1 4 
670 1 4 
671 1 4 
672 8 4 
673 8 4 
674 8 4 
675 8 4 
676 8 4 
677 8 4 
678 8 4 
679 8 4 
680 8 4 
;
end;
