param S := 645;
param T := 8;
param D := 5;
param windowsize := 0;

param A := 
1 128
2 52
3 73
4 18
5 3
6 84
7 225
8 84
9 292
10 109
11 24
12 129
13 18
14 18
15 18
16 27
17 4
18 7
19 16
20 20
21 2
22 2
23 4
24 2
25 5
26 6
27 17
28 64
29 52
30 2
31 300
32 88
33 2
34 221
35 537
36 52
37 106
38 9
39 88
40 4
41 44
42 44
43 27
44 122
45 4
46 11
47 68
48 12
49 18
50 17
51 11
52 88
53 6
54 8
55 7
56 20
57 12
58 4
59 177
60 55
61 44
62 72
63 22
64 66
65 13
66 9
67 38
68 8
69 13
70 21
71 36
72 71
73 15
74 38
75 76
76 36
77 11
78 36
79 44
80 8
81 9
82 9
83 5
84 21
85 13
86 11
87 12
88 4
89 22
90 21
91 13
92 14
93 48
94 17
95 12
96 134
97 24
98 12
99 6
100 24
101 12
102 52
103 69
104 9
105 36
106 48
107 36
108 46
109 129
110 129
111 133
112 100
113 44
114 106
115 44
116 88
117 22
118 11
119 22
120 18
121 86
122 26
123 60
124 110
125 215
126 36
127 18
128 90
129 18
130 34
131 55
132 44
133 22
134 68
135 44
136 110
137 66
138 66
139 131
140 179
141 44
142 22
143 11
144 11
145 11
146 0
147 17
148 44
149 36
150 0
151 36
152 2
153 2
154 4
155 2
156 2
157 11
158 33
159 6
160 6
161 2
162 7
163 7
164 1
165 2
166 42
167 2
168 22
169 18
170 18
171 14
172 27
173 14
174 23
175 9
176 69
177 12
178 1
179 2
180 12
181 16
182 43
183 30
184 135
185 46
186 27
187 181
188 46
189 36
190 22
191 21
192 53
193 66
194 33
195 33
196 100
197 186
198 9
199 30
200 50
201 14
202 22
203 22
204 11
205 18
206 35
207 9
208 45
209 0
210 9
211 97
212 51
213 34
214 4
215 8
216 4
217 7
218 54
219 54
220 40
221 40
222 4
223 24
224 56
225 13
226 13
227 7
228 0
229 125
230 24
231 75
232 150
233 5
234 11
235 125
236 9
237 5
238 169
239 19
240 182
241 73
242 35
243 146
244 17
245 5
246 42
247 6
248 16
249 28
250 3
251 12
252 86
253 24
254 36
255 5
256 5
257 2
258 6
259 9
260 9
261 10
262 32
263 6
264 12
265 6
266 53
267 106
268 133
269 53
270 38
271 51
272 5
273 17
274 27
275 9
276 137
277 52
278 106
279 124
280 399
281 43
282 106
283 110
284 265
285 9
286 7
287 9
288 18
289 1
290 2
291 2
292 7
293 9
294 9
295 13
296 20
297 14
298 11
299 11
300 8
301 2
302 55
303 32
304 1
305 4
306 7
307 9
308 18
309 18
310 45
311 7
312 5
313 4
314 11
315 2
316 13
317 0
318 9
319 4
320 31
321 72
322 22
323 9
324 97
325 22
326 36
327 7
328 13
329 7
330 9
331 7
332 4
333 22
334 22
335 13
336 9
337 88
338 13
339 44
340 7
341 18
342 22
343 9
344 9
345 7
346 9
347 9
348 16
349 4
350 4
351 2
352 2
353 2
354 5
355 134
356 12
357 26
358 9
359 12
360 9
361 7
362 21
363 18
364 8
365 4
366 133
367 37
368 4
369 7
370 5
371 4
372 14
373 9
374 9
375 5
376 7
377 7
378 9
379 6
380 221
381 268
382 2
383 2
384 124
385 5
386 7
387 6
388 9
389 7
390 7
391 91
392 182
393 36
394 182
395 18
396 50
397 150
398 194
399 9
400 12
401 20
402 36
403 55
404 22
405 18
406 110
407 9
408 40
409 90
410 31
411 11
412 15
413 60
414 17
415 26
416 23
417 4
418 23
419 22
420 47
421 47
422 152
423 47
424 62
425 139
426 81
427 81
428 158
429 54
430 19
431 19
432 49
433 73
434 26
435 73
436 4
437 2
438 36
439 18
440 88
441 9
442 146
443 27
444 93
445 18
446 13
447 16
448 8
449 4
450 8
451 42
452 19
453 107
454 14
455 45
456 72
457 20
458 2
459 4
460 4
461 4
462 4
463 1
464 6
465 52
466 52
467 9
468 48
469 9
470 12
471 5
472 5
473 36
474 12
475 10
476 15
477 107
478 86
479 53
480 72
481 29
482 16
483 9
484 7
485 7
486 12
487 7
488 18
489 3
490 90
491 9
492 133
493 107
494 11
495 4
496 9
497 13
498 22
499 39
500 7
501 7
502 11
503 7
504 5
505 11
506 18
507 33
508 8
509 13
510 36
511 12
512 0
513 16
514 7
515 55
516 20
517 31
518 44
519 46
520 5
521 46
522 17
523 27
524 110
525 2
526 4
527 7
528 4
529 18
530 4
531 2
532 5
533 5
534 9
535 9
536 4
537 5
538 78
539 10
540 11
541 71
542 7
543 32
544 0
545 6
546 1
547 7
548 7
549 16
550 6
551 36
552 86
553 18
554 36
555 36
556 13
557 26
558 17
559 35
560 18
561 18
562 134
563 2
564 28
565 1
566 54
567 54
568 4
569 20
570 25
571 36
572 3
573 12
574 4
575 16
576 8
577 12
578 7
579 42
580 42
581 4
582 8
583 57
584 5
585 3
586 12
587 3
588 34
589 4
590 4
591 27
592 8
593 29
594 14
595 2
596 11
597 7
598 4
599 15
600 8
601 2
602 13
603 2
604 4
605 18
606 2
607 4
608 5
609 2
610 3
611 4
612 1
613 3
614 5
615 16
616 38
617 13
618 23
619 12
620 32
621 74
622 6
623 45
624 11
625 0
626 2
627 27
628 13
629 27
630 32
631 34
632 8
633 42
634 72
635 156
636 14
637 51
638 0
639 146
640 55
641 146
642 9
643 8
644 2
645 5
;

param Ttarget := 
1 1 1000
2 1 1000
3 1 1000
4 1 1000
5 1 500
6 1 500
7 1 500
8 1 500
1 2 1000
2 2 1000
3 2 1000
4 2 1000
5 2 500
6 2 500
7 2 500
8 2 500
1 3 1000
2 3 1000
3 3 1000
4 3 1000
5 3 500
6 3 500
7 3 500
8 3 500
1 4 1000
2 4 1000
3 4 1000
4 4 1000
5 4 500
6 4 500
7 4 500
8 4 500
1 5 1000
2 5 1000
3 5 1000
4 5 1000
5 5 500
6 5 500
7 5 500
8 5 500
;

set Bannlisti := 
;
set Fixlisti := 
1 2 1 
2 2 1 
3 2 1 
4 2 1 
5 2 1 
6 2 1 
7 2 1 
8 2 1 
9 2 1 
10 2 1 
11 8 1 
12 8 1 
13 8 1 
14 8 1 
15 8 1 
16 8 1 
17 8 1 
18 8 1 
19 8 1 
20 8 1 
21 8 1 
22 8 1 
23 8 1 
24 8 1 
25 8 1 
26 8 1 
27 8 1 
28 3 1 
29 3 1 
30 3 1 
31 3 1 
32 3 1 
33 3 1 
34 3 1 
35 3 1 
36 3 1 
37 3 1 
38 8 1 
39 3 1 
40 3 1 
41 3 1 
42 3 1 
43 3 1 
44 3 1 
45 3 1 
46 3 1 
47 3 1 
48 3 1 
49 8 1 
50 8 1 
51 8 1 
52 8 1 
53 8 1 
54 8 1 
55 8 1 
56 8 1 
57 8 1 
58 8 1 
59 3 1 
60 3 1 
61 3 1 
62 3 1 
63 3 1 
64 3 1 
65 3 1 
66 3 1 
67 3 1 
68 3 1 
69 8 1 
70 3 1 
71 3 1 
72 3 1 
73 3 1 
74 3 1 
75 3 1 
76 3 1 
77 3 1 
78 3 1 
79 3 1 
80 3 1 
81 3 1 
82 3 1 
83 3 1 
84 3 1 
85 3 1 
86 8 1 
87 8 1 
88 3 1 
89 3 1 
90 3 1 
91 3 1 
92 3 1 
93 4 1 
94 4 1 
95 4 1 
96 4 1 
97 4 1 
98 4 1 
99 4 1 
100 4 1 
101 4 1 
102 4 1 
103 4 1 
104 4 1 
105 4 1 
106 4 1 
107 4 1 
108 4 1 
109 4 1 
110 4 1 
111 4 1 
112 4 1 
113 4 1 
114 4 1 
115 4 1 
116 4 1 
117 4 1 
118 4 1 
119 4 1 
120 4 1 
121 5 1 
122 5 1 
123 5 1 
124 5 1 
125 5 1 
126 5 1 
127 5 1 
128 5 1 
129 5 1 
130 5 1 
131 5 1 
132 5 1 
133 5 1 
134 5 1 
135 5 1 
136 5 1 
137 5 1 
138 5 1 
139 5 1 
140 5 1 
141 5 1 
142 5 1 
143 5 1 
144 5 1 
145 5 1 
146 1 1 
147 1 1 
148 7 1 
149 8 1 
150 8 1 
151 8 1 
152 7 1 
153 7 1 
154 7 1 
155 7 1 
156 7 1 
157 7 1 
158 7 1 
159 7 1 
160 7 1 
161 7 1 
162 7 1 
163 7 1 
164 7 1 
165 7 1 
166 7 1 
167 7 1 
168 7 1 
169 7 1 
170 7 1 
171 7 1 
172 7 1 
173 7 1 
174 7 1 
175 3 1 
176 3 1 
177 3 1 
178 3 1 
179 3 1 
180 3 1 
181 3 1 
182 7 1 
183 7 1 
184 7 1 
185 7 1 
186 7 1 
187 7 1 
188 7 1 
189 7 1 
190 7 1 
191 7 1 
192 7 1 
193 7 1 
194 3 1 
195 3 1 
196 3 1 
197 3 1 
198 3 1 
199 3 1 
200 3 1 
201 5 1 
202 5 1 
203 5 1 
204 5 1 
205 7 1 
206 7 1 
207 7 1 
208 7 1 
209 7 1 
210 7 1 
211 7 1 
212 7 1 
213 3 1 
214 3 1 
215 3 1 
216 8 1 
217 8 1 
218 8 1 
219 8 1 
220 8 1 
221 8 1 
222 8 1 
223 8 1 
224 8 1 
225 3 1 
226 8 1 
227 3 2 
228 3 2 
229 1 1 
230 1 1 
231 1 1 
232 1 1 
233 1 1 
234 1 1 
235 1 1 
236 1 1 
237 1 1 
238 2 2 
239 2 2 
240 2 2 
241 2 2 
242 2 2 
243 2 2 
244 2 2 
245 2 2 
246 2 2 
247 2 2 
248 2 2 
249 2 2 
250 4 2 
251 4 2 
252 4 2 
253 4 2 
254 4 2 
255 4 2 
256 4 2 
257 4 2 
258 6 2 
259 6 2 
260 6 2 
261 6 2 
262 6 2 
263 6 2 
264 6 2 
265 6 2 
266 6 2 
267 6 2 
268 6 2 
269 6 2 
270 6 2 
271 6 2 
272 6 2 
273 6 2 
274 6 2 
275 6 2 
276 6 2 
277 6 2 
278 6 2 
279 6 2 
280 6 2 
281 6 2 
282 6 2 
283 6 2 
284 6 2 
285 8 2 
286 6 2 
287 6 2 
288 6 2 
289 8 2 
290 8 2 
291 8 2 
292 8 2 
293 8 2 
294 8 2 
295 8 2 
296 7 2 
297 7 2 
298 7 2 
299 7 2 
300 7 2 
301 8 2 
302 3 2 
303 3 2 
304 8 2 
305 8 2 
306 8 2 
307 8 2 
308 8 2 
309 7 2 
310 7 2 
311 7 2 
312 7 2 
313 7 2 
314 7 2 
315 7 2 
316 8 2 
317 8 2 
318 8 2 
319 8 2 
320 8 2 
321 7 2 
322 7 2 
323 8 2 
324 7 2 
325 8 2 
326 8 2 
327 8 2 
328 8 2 
329 8 2 
330 8 2 
331 8 2 
332 8 2 
333 8 2 
334 8 2 
335 8 2 
336 8 2 
337 8 2 
338 8 2 
339 8 2 
340 8 2 
341 8 2 
342 8 2 
343 7 2 
344 8 2 
345 8 2 
346 8 2 
347 8 2 
348 8 2 
349 8 2 
350 8 2 
351 8 2 
352 8 2 
353 8 2 
354 8 2 
355 8 2 
356 8 2 
357 8 2 
358 8 2 
359 8 2 
360 8 2 
361 8 2 
362 8 2 
363 8 2 
364 8 2 
365 8 2 
366 8 2 
367 8 2 
368 8 2 
369 8 2 
370 8 2 
371 7 2 
372 8 2 
373 1 2 
374 1 2 
375 1 2 
376 1 2 
377 1 2 
378 1 2 
379 1 2 
380 1 2 
381 1 2 
382 1 2 
383 1 2 
384 1 2 
385 1 2 
386 1 2 
387 1 2 
388 1 2 
389 1 2 
390 1 2 
391 1 2 
392 1 2 
393 1 2 
394 1 2 
395 1 2 
396 1 2 
397 1 2 
398 1 2 
399 1 2 
400 1 2 
401 1 2 
402 1 2 
403 1 2 
404 1 2 
405 1 2 
406 1 2 
407 1 2 
408 1 2 
409 1 2 
410 1 2 
411 1 2 
412 1 2 
413 1 2 
414 1 2 
415 1 2 
416 1 2 
417 1 2 
418 1 2 
419 1 2 
420 1 2 
421 1 2 
422 1 2 
423 1 2 
424 1 2 
425 1 2 
426 1 2 
427 1 2 
428 1 2 
429 1 2 
430 4 3 
431 4 3 
432 4 3 
433 4 3 
434 2 3 
435 2 3 
436 2 3 
437 2 3 
438 2 3 
439 2 3 
440 2 3 
441 2 3 
442 2 3 
443 2 3 
444 2 3 
445 2 3 
446 2 3 
447 2 3 
448 2 3 
449 2 3 
450 2 3 
451 2 3 
452 2 3 
453 3 3 
454 3 3 
455 3 3 
456 3 3 
457 3 3 
458 3 3 
459 8 3 
460 1 3 
461 1 3 
462 3 3 
463 1 3 
464 4 3 
465 4 3 
466 4 3 
467 4 3 
468 4 3 
469 4 3 
470 4 3 
471 4 3 
472 4 3 
473 4 3 
474 4 3 
475 4 3 
476 4 3 
477 4 3 
478 4 3 
479 4 3 
480 4 3 
481 5 3 
482 5 3 
483 5 3 
484 5 3 
485 5 3 
486 5 3 
487 5 3 
488 5 3 
489 5 3 
490 5 3 
491 5 3 
492 5 3 
493 5 3 
494 5 3 
495 5 3 
496 5 3 
497 5 3 
498 5 3 
499 5 3 
500 5 3 
501 5 3 
502 5 3 
503 5 3 
504 5 3 
505 5 3 
506 5 3 
507 5 3 
508 5 3 
509 5 3 
510 5 3 
511 5 3 
512 5 3 
513 5 3 
514 6 3 
515 6 3 
516 7 3 
517 7 3 
518 7 3 
519 7 3 
520 7 3 
521 7 3 
522 7 3 
523 7 3 
524 7 3 
525 7 3 
526 7 3 
527 7 3 
528 7 3 
529 7 3 
530 8 3 
531 8 3 
532 7 3 
533 7 3 
534 7 3 
535 7 3 
536 7 3 
537 7 3 
538 7 3 
539 7 3 
540 7 3 
541 7 3 
542 7 3 
543 7 3 
544 7 3 
545 7 3 
546 7 3 
547 8 3 
548 8 3 
549 8 3 
550 8 3 
551 5 3 
552 5 3 
553 7 3 
554 7 3 
555 7 3 
556 8 3 
557 7 3 
558 7 3 
559 6 3 
560 8 3 
561 8 3 
562 2 3 
563 2 3 
564 2 3 
565 8 3 
566 8 3 
567 8 3 
568 8 3 
569 8 3 
570 8 3 
571 8 3 
572 8 3 
573 8 3 
574 8 3 
575 8 3 
576 8 3 
577 8 3 
578 8 3 
579 8 3 
580 8 3 
581 8 3 
582 8 3 
583 8 3 
584 7 3 
585 7 3 
586 7 3 
587 8 3 
588 8 3 
589 8 3 
590 8 3 
591 8 3 
592 7 3 
593 8 3 
594 8 3 
595 8 3 
596 8 3 
597 8 3 
598 7 3 
599 7 3 
600 7 3 
601 7 3 
602 7 3 
603 7 3 
604 7 3 
605 7 3 
606 7 3 
607 7 3 
608 7 3 
609 7 3 
610 7 3 
611 7 3 
612 7 3 
613 7 3 
614 7 3 
615 5 3 
616 7 3 
617 7 3 
618 7 3 
619 7 3 
620 7 3 
621 7 3 
622 7 3 
623 7 3 
624 8 3 
625 8 3 
626 7 3 
627 7 3 
628 7 3 
629 1 3 
630 1 3 
631 1 3 
632 1 3 
633 1 3 
634 1 3 
635 1 3 
636 1 3 
637 1 3 
638 1 3 
639 1 3 
640 1 3 
641 1 3 
642 1 3 
643 1 3 
644 1 3 
645 1 3 
;
end;
