param S := 60;
param T := 4;
param D := 5;
param windowsize := 0;

param A := 
1 1.35
2 1.35
3 1.35
4 0.12
5 2.01
6 3.38
7 2.21
8 1.3
9 2.21
10 2.21
11 1.79
12 1.79
13 2.21
14 2.21
15 2.21
16 2.21
17 2.21
18 1.35
19 2.21
20 1.35
21 0.12
22 1.35
23 1.35
24 1.35
25 0.82
26 1.79
27 1.3
28 4.21
29 1.79
30 2.01
31 4.62
32 2.21
33 2.01
34 1.79
35 2.21
36 2.21
37 2.21
38 2.21
39 2.21
40 3.38
41 7.62
42 1.88
43 1.79
44 1.79
45 1.79
46 2.21
47 1.79
48 4.62
49 0.12
50 0.52
51 4.62
52 0.12
53 0.12
54 0.12
55 0.12
56 0.12
57 4.62
58 2.21
59 0.8
60 4.62
;

param Ttarget := 
1 1 10
2 1 10
3 1 5
4 1 5
1 2 10
2 2 10
3 2 5
4 2 5
1 3 10
2 3 10
3 3 5
4 3 5
1 4 10
2 4 10
3 4 5
4 4 5
1 5 10
2 5 10
3 5 5
4 5 5
;

set Bannlisti := 
;
set Fixlisti := 
;
end;
