param S := 573;
param T := 8;
param D := 5;
param windowsize := 0;

param A := 
1 5
2 0
3 0
4 1
5 492
6 2
7 86
8 158
9 107
10 7
11 4
12 474
13 4
14 6
15 18
16 18
17 18
18 7
19 12
20 7
21 12
22 2
23 2
24 18
25 4
26 2
27 18
28 7
29 61
30 2
31 2
32 9
33 4
34 652
35 9
36 75
37 109
38 73
39 109
40 5
41 5
42 1
43 243
44 46
45 46
46 52
47 152
48 101
49 204
50 61
51 42
52 47
53 80
54 2
55 44
56 22
57 40
58 221
59 48
60 64
61 106
62 336
63 193
64 88
65 121
66 0
67 12
68 72
69 55
70 221
71 66
72 134
73 110
74 33
75 26
76 146
77 72
78 77
79 27
80 25
81 18
82 8
83 9
84 9
85 8
86 2
87 71
88 4
89 42
90 62
91 0
92 14
93 146
94 88
95 90
96 2
97 4
98 9
99 2
100 34
101 14
102 9
103 14
104 9
105 9
106 9
107 9
108 9
109 109
110 43
111 73
112 106
113 32
114 73
115 219
116 98
117 133
118 122
119 221
120 172
121 129
122 371
123 106
124 64
125 52
126 86
127 150
128 86
129 106
130 133
131 106
132 42
133 166
134 83
135 265
136 177
137 88
138 143
139 88
140 44
141 44
142 13
143 9
144 22
145 11
146 150
147 9
148 30
149 12
150 7
151 4
152 16
153 16
154 88
155 44
156 88
157 0
158 44
159 4
160 21
161 4
162 44
163 9
164 3
165 9
166 5
167 13
168 11
169 11
170 9
171 18
172 33
173 36
174 114
175 18
176 9
177 4
178 4
179 88
180 4
181 60
182 14
183 13
184 18
185 4
186 2
187 2
188 7
189 15
190 11
191 11
192 22
193 9
194 18
195 9
196 18
197 18
198 18
199 13
200 6
201 4
202 9
203 7
204 9
205 133
206 26
207 18
208 7
209 14
210 9
211 7
212 9
213 15
214 5
215 35
216 48
217 0
218 61
219 6
220 10
221 4
222 7
223 73
224 18
225 28
226 39
227 73
228 2
229 182
230 267
231 61
232 100
233 61
234 128
235 25
236 50
237 146
238 12
239 18
240 125
241 55
242 36
243 55
244 5
245 73
246 75
247 97
248 61
249 127
250 182
251 201
252 2
253 91
254 18
255 7
256 3
257 12
258 3
259 134
260 8
261 52
262 104
263 9
264 36
265 36
266 12
267 17
268 81
269 107
270 27
271 27
272 21
273 22
274 22
275 22
276 22
277 22
278 18
279 18
280 31
281 31
282 5
283 9
284 6
285 5
286 9
287 9
288 6
289 6
290 6
291 124
292 72
293 106
294 114
295 249
296 108
297 106
298 38
299 133
300 53
301 88
302 150
303 150
304 159
305 44
306 53
307 66
308 2
309 8
310 2
311 9
312 5
313 7
314 53
315 133
316 25
317 21
318 22
319 53
320 24
321 11
322 9
323 4
324 22
325 4
326 22
327 4
328 18
329 18
330 18
331 9
332 44
333 13
334 4
335 9
336 9
337 14
338 35
339 38
340 15
341 27
342 22
343 9
344 4
345 18
346 18
347 22
348 18
349 22
350 4
351 219
352 122
353 32
354 18
355 9
356 22
357 31
358 18
359 22
360 22
361 22
362 13
363 27
364 27
365 27
366 7
367 10
368 8
369 51
370 55
371 12
372 12
373 15
374 12
375 9
376 9
377 11
378 9
379 2
380 8
381 37
382 55
383 0
384 27
385 18
386 9
387 14
388 14
389 10
390 44
391 221
392 44
393 107
394 88
395 29
396 134
397 40
398 107
399 53
400 18
401 50
402 25
403 55
404 9
405 17
406 28
407 104
408 22
409 122
410 134
411 106
412 113
413 13
414 48
415 30
416 77
417 79
418 44
419 11
420 5
421 4
422 4
423 17
424 5
425 3
426 12
427 23
428 148
429 182
430 91
431 19
432 13
433 4
434 9
435 4
436 68
437 72
438 4
439 13
440 27
441 4
442 0
443 3
444 8
445 9
446 18
447 27
448 21
449 0
450 4
451 4
452 4
453 2
454 1
455 26
456 9
457 2
458 9
459 4
460 22
461 12
462 2
463 14
464 4
465 8
466 72
467 44
468 40
469 177
470 72
471 106
472 25
473 2
474 51
475 9
476 4
477 4
478 11
479 2
480 5
481 4
482 12
483 18
484 22
485 88
486 36
487 88
488 9
489 0
490 9
491 20
492 8
493 0
494 3
495 0
496 10
497 49
498 9
499 7
500 30
501 7
502 4
503 7
504 18
505 18
506 3
507 12
508 1
509 1
510 20
511 7
512 5
513 4
514 4
515 3
516 3
517 8
518 36
519 0
520 2
521 2
522 10
523 14
524 12
525 14
526 12
527 2
528 28
529 28
530 8
531 5
532 14
533 30
534 48
535 48
536 12
537 2
538 8
539 8
540 14
541 108
542 201
543 27
544 13
545 7
546 22
547 4
548 65
549 6
550 61
551 68
552 7
553 3
554 4
555 25
556 1
557 12
558 12
559 25
560 75
561 36
562 107
563 122
564 22
565 9
566 50
567 12
568 55
569 25
570 5
571 61
572 134
573 109
;

param Ttarget := 
1 1 1000
2 1 1000
3 1 1000
4 1 1000
5 1 500
6 1 500
7 1 500
8 1 500
1 2 1000
2 2 1000
3 2 1000
4 2 1000
5 2 500
6 2 500
7 2 500
8 2 500
1 3 1000
2 3 1000
3 3 1000
4 3 1000
5 3 500
6 3 500
7 3 500
8 3 500
1 4 1000
2 4 1000
3 4 1000
4 4 1000
5 4 500
6 4 500
7 4 500
8 4 500
1 5 1000
2 5 1000
3 5 1000
4 5 1000
5 5 500
6 5 500
7 5 500
8 5 500
;

set Bannlisti := 
;
set Fixlisti := 
1 8 1 
2 8 1 
3 8 1 
4 2 1 
5 2 1 
6 8 1 
7 8 1 
8 8 1 
9 8 1 
10 8 1 
11 8 1 
12 2 1 
13 8 1 
14 8 1 
15 8 1 
16 8 1 
17 8 1 
18 8 1 
19 8 1 
20 8 1 
21 8 1 
22 8 1 
23 8 1 
24 8 1 
25 8 1 
26 8 1 
27 8 1 
28 8 1 
29 8 1 
30 8 1 
31 8 1 
32 5 1 
33 8 1 
34 1 1 
35 1 1 
36 1 1 
37 1 1 
38 1 2 
39 1 2 
40 1 2 
41 1 2 
42 1 2 
43 1 2 
44 1 2 
45 1 2 
46 1 2 
47 1 2 
48 1 2 
49 1 2 
50 1 2 
51 1 2 
52 1 2 
53 1 2 
54 1 2 
55 1 2 
56 1 2 
57 1 2 
58 1 2 
59 1 2 
60 1 2 
61 1 2 
62 1 2 
63 1 2 
64 1 2 
65 1 2 
66 1 2 
67 1 2 
68 1 2 
69 1 2 
70 1 2 
71 1 2 
72 1 2 
73 1 2 
74 1 2 
75 2 2 
76 1 2 
77 1 2 
78 1 2 
79 1 2 
80 1 2 
81 1 2 
82 1 2 
83 1 2 
84 1 2 
85 1 2 
86 1 2 
87 1 2 
88 1 2 
89 1 2 
90 1 2 
91 1 2 
92 1 2 
93 2 2 
94 2 2 
95 2 2 
96 2 2 
97 2 2 
98 2 2 
99 2 2 
100 1 2 
101 1 2 
102 1 2 
103 1 2 
104 1 2 
105 1 2 
106 1 2 
107 1 2 
108 1 2 
109 2 2 
110 2 2 
111 2 2 
112 2 2 
113 2 2 
114 2 2 
115 2 2 
116 3 2 
117 3 2 
118 3 2 
119 3 2 
120 3 2 
121 3 2 
122 3 2 
123 3 2 
124 3 2 
125 3 2 
126 3 2 
127 3 2 
128 3 2 
129 3 2 
130 3 2 
131 3 2 
132 3 2 
133 3 2 
134 3 2 
135 3 2 
136 3 2 
137 3 2 
138 3 2 
139 3 2 
140 3 2 
141 3 2 
142 3 2 
143 3 2 
144 3 2 
145 3 2 
146 3 2 
147 3 2 
148 3 2 
149 3 2 
150 3 2 
151 3 2 
152 3 2 
153 3 2 
154 3 2 
155 3 2 
156 3 2 
157 3 2 
158 3 2 
159 3 2 
160 3 2 
161 3 2 
162 3 2 
163 3 2 
164 8 2 
165 8 2 
166 8 2 
167 8 2 
168 8 2 
169 8 2 
170 8 2 
171 8 2 
172 8 2 
173 8 2 
174 8 2 
175 8 2 
176 8 2 
177 8 2 
178 8 2 
179 5 2 
180 5 2 
181 5 2 
182 5 2 
183 5 2 
184 5 2 
185 5 2 
186 8 2 
187 8 2 
188 8 2 
189 8 2 
190 8 2 
191 8 2 
192 8 2 
193 8 2 
194 8 2 
195 8 2 
196 8 2 
197 8 2 
198 7 2 
199 7 2 
200 7 2 
201 7 2 
202 7 2 
203 7 2 
204 7 2 
205 7 2 
206 7 2 
207 7 2 
208 7 2 
209 7 2 
210 7 2 
211 7 2 
212 7 2 
213 8 2 
214 8 2 
215 7 2 
216 7 2 
217 8 2 
218 8 2 
219 5 2 
220 7 2 
221 8 2 
222 8 2 
223 8 2 
224 8 2 
225 8 2 
226 8 2 
227 8 2 
228 7 2 
229 1 2 
230 1 2 
231 1 2 
232 1 3 
233 1 3 
234 1 3 
235 1 3 
236 1 3 
237 1 3 
238 1 3 
239 1 3 
240 1 3 
241 1 3 
242 1 3 
243 1 3 
244 1 3 
245 1 3 
246 1 3 
247 1 3 
248 1 3 
249 2 3 
250 2 3 
251 2 3 
252 7 3 
253 4 3 
254 4 3 
255 4 3 
256 4 3 
257 4 3 
258 4 3 
259 4 3 
260 4 3 
261 4 3 
262 4 3 
263 4 3 
264 4 3 
265 4 3 
266 4 3 
267 4 3 
268 4 3 
269 4 3 
270 5 3 
271 5 3 
272 5 3 
273 5 3 
274 5 3 
275 5 3 
276 5 3 
277 5 3 
278 5 3 
279 5 3 
280 5 3 
281 5 3 
282 6 3 
283 6 3 
284 6 3 
285 6 3 
286 6 3 
287 6 3 
288 6 3 
289 6 3 
290 6 3 
291 6 3 
292 6 3 
293 6 3 
294 6 3 
295 6 3 
296 6 3 
297 6 3 
298 6 3 
299 6 3 
300 6 3 
301 6 3 
302 6 3 
303 6 3 
304 6 3 
305 6 3 
306 6 3 
307 7 3 
308 6 3 
309 6 3 
310 6 3 
311 6 3 
312 6 3 
313 6 3 
314 6 3 
315 6 3 
316 7 3 
317 7 3 
318 6 3 
319 6 3 
320 7 3 
321 7 3 
322 7 3 
323 7 3 
324 8 3 
325 8 3 
326 8 3 
327 8 3 
328 8 3 
329 8 3 
330 8 3 
331 8 3 
332 8 3 
333 8 3 
334 8 3 
335 8 3 
336 8 3 
337 8 3 
338 8 3 
339 8 3 
340 8 3 
341 8 3 
342 8 3 
343 8 3 
344 8 3 
345 8 3 
346 8 3 
347 8 3 
348 8 3 
349 8 3 
350 8 3 
351 8 3 
352 8 3 
353 7 3 
354 8 3 
355 8 3 
356 8 3 
357 8 3 
358 8 3 
359 8 3 
360 8 3 
361 8 3 
362 8 3 
363 8 3 
364 8 3 
365 8 3 
366 7 3 
367 7 3 
368 7 3 
369 7 3 
370 8 3 
371 8 3 
372 8 3 
373 8 3 
374 8 3 
375 8 3 
376 8 3 
377 8 3 
378 8 3 
379 8 3 
380 8 3 
381 8 3 
382 8 3 
383 8 3 
384 8 3 
385 8 3 
386 8 3 
387 8 3 
388 8 3 
389 8 3 
390 1 3 
391 1 3 
392 1 3 
393 1 3 
394 1 3 
395 1 3 
396 1 3 
397 1 3 
398 1 3 
399 1 3 
400 1 3 
401 1 3 
402 1 3 
403 1 3 
404 1 3 
405 1 3 
406 1 3 
407 1 3 
408 1 3 
409 1 3 
410 1 3 
411 1 4 
412 1 4 
413 1 4 
414 1 4 
415 1 4 
416 1 4 
417 1 4 
418 1 4 
419 1 4 
420 2 4 
421 2 4 
422 2 4 
423 2 4 
424 2 4 
425 2 4 
426 2 4 
427 2 4 
428 2 4 
429 2 4 
430 2 4 
431 2 4 
432 8 4 
433 8 4 
434 8 4 
435 8 4 
436 2 4 
437 2 4 
438 2 4 
439 2 4 
440 2 4 
441 2 4 
442 2 4 
443 2 4 
444 2 4 
445 2 4 
446 8 4 
447 8 4 
448 8 4 
449 8 4 
450 8 4 
451 8 4 
452 8 4 
453 1 4 
454 6 4 
455 3 4 
456 3 4 
457 3 4 
458 3 4 
459 3 4 
460 3 4 
461 3 4 
462 3 4 
463 3 4 
464 3 4 
465 3 4 
466 3 4 
467 3 4 
468 3 4 
469 3 4 
470 3 4 
471 3 4 
472 3 4 
473 3 4 
474 3 4 
475 3 4 
476 3 4 
477 3 4 
478 3 4 
479 3 4 
480 3 4 
481 3 4 
482 3 4 
483 3 4 
484 3 4 
485 5 4 
486 5 4 
487 5 4 
488 5 4 
489 5 4 
490 5 4 
491 5 4 
492 8 4 
493 8 4 
494 8 4 
495 8 4 
496 8 4 
497 8 4 
498 8 4 
499 8 4 
500 8 4 
501 8 4 
502 8 4 
503 8 4 
504 8 4 
505 5 4 
506 8 4 
507 8 4 
508 8 4 
509 8 4 
510 8 4 
511 8 4 
512 8 4 
513 8 4 
514 8 4 
515 8 4 
516 8 4 
517 8 4 
518 8 4 
519 8 4 
520 7 4 
521 7 4 
522 8 4 
523 8 4 
524 8 4 
525 8 4 
526 8 4 
527 8 4 
528 8 4 
529 8 4 
530 8 4 
531 8 4 
532 7 4 
533 7 4 
534 3 4 
535 3 4 
536 3 4 
537 3 4 
538 7 4 
539 7 4 
540 8 4 
541 7 4 
542 1 4 
543 8 4 
544 8 4 
545 2 4 
546 8 4 
547 8 4 
548 8 4 
549 8 4 
550 8 4 
551 8 4 
552 8 4 
553 8 4 
554 8 4 
555 8 4 
556 8 4 
557 8 4 
558 8 4 
559 8 4 
560 8 4 
561 1 4 
562 1 4 
563 1 4 
564 1 4 
565 1 4 
566 1 4 
567 1 4 
568 1 4 
569 1 4 
570 1 4 
571 1 4 
572 1 4 
573 1 4 
;
end;
