param S := 484;
param T := 8;
param D := 5;
param windowsize := 0;

param A := 
1 182
2 182
3 1
4 10
5 5
6 31
7 474
8 0
9 36
10 61
11 35
12 16
13 144
14 88
15 22
16 72
17 23
18 10
19 8
20 14
21 19
22 7
23 43
24 12
25 1
26 5
27 22
28 7
29 22
30 12
31 0
32 5
33 6
34 5
35 5
36 2
37 4
38 134
39 1
40 129
41 265
42 106
43 54
44 22
45 15
46 22
47 6
48 24
49 52
50 69
51 24
52 48
53 0
54 4
55 4
56 2
57 7
58 11
59 21
60 88
61 215
62 33
63 133
64 107
65 4
66 9
67 12
68 36
69 51
70 22
71 2
72 8
73 8
74 5
75 12
76 11
77 44
78 44
79 36
80 4
81 10
82 12
83 12
84 1
85 0
86 14
87 12
88 2
89 42
90 0
91 7
92 4
93 1
94 0
95 0
96 24
97 1
98 0
99 8
100 5
101 1
102 1
103 3
104 0
105 4
106 0
107 4
108 9
109 72
110 66
111 4
112 35
113 9
114 24
115 3
116 22
117 14
118 9
119 133
120 18
121 33
122 18
123 80
124 27
125 22
126 9
127 7
128 4
129 7
130 13
131 16
132 7
133 44
134 44
135 21
136 18
137 11
138 12
139 9
140 6
141 13
142 9
143 35
144 13
145 4
146 27
147 7
148 6
149 80
150 21
151 42
152 1
153 44
154 2
155 25
156 50
157 100
158 17
159 51
160 27
161 44
162 40
163 52
164 8
165 9
166 4
167 5
168 47
169 146
170 47
171 5
172 28
173 5
174 73
175 73
176 73
177 73
178 6
179 23
180 26
181 23
182 11
183 127
184 84
185 12
186 36
187 64
188 88
189 141
190 115
191 86
192 358
193 66
194 186
195 250
196 13
197 8
198 38
199 133
200 118
201 53
202 18
203 80
204 21
205 55
206 72
207 9
208 3
209 0
210 6
211 8
212 22
213 36
214 88
215 13
216 4
217 22
218 21
219 4
220 17
221 11
222 13
223 4
224 5
225 72
226 8
227 5
228 27
229 12
230 0
231 4
232 7
233 7
234 9
235 30
236 107
237 66
238 171
239 33
240 7
241 13
242 11
243 2
244 1
245 6
246 13
247 5
248 9
249 9
250 9
251 10
252 51
253 8
254 16
255 22
256 7
257 7
258 22
259 249
260 35
261 38
262 46
263 40
264 44
265 18
266 4
267 94
268 150
269 133
270 133
271 107
272 133
273 86
274 265
275 107
276 66
277 4
278 1
279 9
280 12
281 26
282 5
283 9
284 18
285 7
286 8
287 3
288 3
289 3
290 7
291 23
292 8
293 3
294 5
295 3
296 0
297 3
298 18
299 14
300 18
301 9
302 9
303 31
304 169
305 13
306 63
307 49
308 267
309 205
310 474
311 9
312 18
313 14
314 12
315 0
316 7
317 12
318 1
319 0
320 32
321 107
322 0
323 2
324 16
325 18
326 2
327 13
328 8
329 26
330 2
331 16
332 7
333 80
334 12
335 24
336 10
337 77
338 3
339 14
340 10
341 42
342 38
343 44
344 267
345 5
346 9
347 18
348 47
349 219
350 96
351 238
352 11
353 55
354 124
355 64
356 64
357 18
358 8
359 22
360 8
361 9
362 46
363 92
364 13
365 9
366 9
367 7
368 8
369 146
370 219
371 9
372 55
373 36
374 7
375 44
376 9
377 106
378 104
379 212
380 80
381 86
382 150
383 98
384 179
385 177
386 133
387 71
388 111
389 34
390 11
391 9
392 2
393 0
394 9
395 7
396 4
397 88
398 125
399 9
400 9
401 2
402 4
403 9
404 15
405 0
406 15
407 5
408 36
409 12
410 10
411 5
412 10
413 44
414 129
415 129
416 30
417 36
418 30
419 4
420 24
421 17
422 97
423 12
424 24
425 24
426 60
427 52
428 9
429 48
430 95
431 27
432 14
433 40
434 43
435 9
436 11
437 0
438 119
439 50
440 66
441 203
442 8
443 90
444 59
445 66
446 9
447 44
448 42
449 0
450 78
451 35
452 49
453 28
454 7
455 7
456 35
457 25
458 4
459 4
460 5
461 8
462 9
463 9
464 18
465 12
466 46
467 83
468 23
469 15
470 38
471 185
472 72
473 29
474 2
475 88
476 53
477 13
478 9
479 9
480 18
481 1
482 15
483 42
484 6
;

param Ttarget := 
1 1 1000
2 1 1000
3 1 1000
4 1 1000
5 1 500
6 1 500
7 1 500
8 1 500
1 2 1000
2 2 1000
3 2 1000
4 2 1000
5 2 500
6 2 500
7 2 500
8 2 500
1 3 1000
2 3 1000
3 3 1000
4 3 1000
5 3 500
6 3 500
7 3 500
8 3 500
1 4 1000
2 4 1000
3 4 1000
4 4 1000
5 4 500
6 4 500
7 4 500
8 4 500
1 5 1000
2 5 1000
3 5 1000
4 5 1000
5 5 500
6 5 500
7 5 500
8 5 500
;

set Bannlisti := 
;
set Fixlisti := 
1 1 1 
2 1 1 
3 1 1 
4 1 1 
5 1 1 
6 1 1 
7 2 1 
8 2 1 
9 2 1 
10 8 1 
11 2 1 
12 2 1 
13 2 1 
14 2 1 
15 2 1 
16 2 1 
17 2 1 
18 2 1 
19 2 1 
20 3 1 
21 3 1 
22 3 1 
23 3 1 
24 3 1 
25 3 1 
26 3 1 
27 3 1 
28 3 1 
29 3 1 
30 3 1 
31 3 1 
32 3 1 
33 1 1 
34 2 1 
35 1 1 
36 8 1 
37 8 1 
38 4 1 
39 4 1 
40 4 1 
41 4 1 
42 4 1 
43 4 1 
44 4 1 
45 4 1 
46 4 1 
47 4 1 
48 4 1 
49 4 1 
50 4 1 
51 4 1 
52 4 1 
53 4 1 
54 5 1 
55 5 1 
56 5 1 
57 5 1 
58 5 1 
59 5 1 
60 5 1 
61 5 1 
62 5 1 
63 5 1 
64 5 1 
65 5 1 
66 5 1 
67 5 1 
68 7 1 
69 7 1 
70 8 1 
71 8 1 
72 8 1 
73 8 1 
74 8 1 
75 7 1 
76 8 1 
77 5 1 
78 5 1 
79 5 1 
80 8 1 
81 8 1 
82 3 1 
83 3 1 
84 3 1 
85 8 1 
86 8 1 
87 8 1 
88 8 1 
89 8 1 
90 8 1 
91 8 1 
92 8 1 
93 7 1 
94 7 1 
95 7 1 
96 8 1 
97 8 1 
98 7 1 
99 7 1 
100 7 1 
101 7 1 
102 7 1 
103 7 1 
104 7 1 
105 8 1 
106 8 1 
107 8 1 
108 8 1 
109 8 1 
110 8 1 
111 8 1 
112 8 1 
113 8 1 
114 8 1 
115 8 1 
116 8 1 
117 8 1 
118 8 1 
119 8 1 
120 8 1 
121 8 1 
122 8 1 
123 8 1 
124 8 1 
125 8 1 
126 8 1 
127 8 1 
128 8 1 
129 8 1 
130 8 1 
131 8 1 
132 8 1 
133 8 1 
134 8 1 
135 8 1 
136 8 1 
137 8 1 
138 8 1 
139 8 1 
140 8 1 
141 8 1 
142 8 1 
143 8 1 
144 8 1 
145 5 1 
146 5 1 
147 5 1 
148 8 1 
149 8 1 
150 1 1 
151 3 1 
152 8 1 
153 2 1 
154 8 1 
155 1 1 
156 1 1 
157 1 1 
158 1 1 
159 1 1 
160 1 1 
161 1 1 
162 1 1 
163 1 1 
164 1 1 
165 1 1 
166 1 1 
167 1 1 
168 1 1 
169 1 1 
170 1 1 
171 1 1 
172 1 1 
173 1 1 
174 1 1 
175 1 1 
176 1 1 
177 1 1 
178 8 1 
179 2 2 
180 2 2 
181 2 2 
182 2 2 
183 2 2 
184 2 2 
185 2 2 
186 8 2 
187 3 2 
188 3 2 
189 3 2 
190 3 2 
191 3 2 
192 3 2 
193 3 2 
194 3 2 
195 3 2 
196 3 2 
197 3 2 
198 3 2 
199 3 2 
200 3 2 
201 3 2 
202 3 2 
203 3 2 
204 3 2 
205 3 2 
206 3 2 
207 8 2 
208 8 2 
209 8 2 
210 3 2 
211 3 2 
212 3 2 
213 3 2 
214 3 2 
215 3 2 
216 3 2 
217 3 2 
218 3 2 
219 3 2 
220 3 2 
221 3 2 
222 3 2 
223 3 2 
224 3 2 
225 3 2 
226 3 2 
227 3 2 
228 3 2 
229 3 2 
230 3 2 
231 3 2 
232 3 2 
233 3 2 
234 3 2 
235 3 2 
236 8 2 
237 8 2 
238 8 2 
239 8 2 
240 8 2 
241 8 2 
242 8 2 
243 8 2 
244 8 2 
245 6 2 
246 6 2 
247 6 2 
248 6 2 
249 6 2 
250 6 2 
251 6 2 
252 6 2 
253 6 2 
254 6 2 
255 6 2 
256 6 2 
257 6 2 
258 6 2 
259 6 2 
260 6 2 
261 6 2 
262 6 2 
263 6 2 
264 6 2 
265 6 2 
266 6 2 
267 6 2 
268 6 2 
269 6 2 
270 6 2 
271 6 2 
272 6 2 
273 6 2 
274 6 2 
275 6 2 
276 8 2 
277 8 2 
278 7 2 
279 8 2 
280 8 2 
281 8 2 
282 8 2 
283 8 2 
284 7 2 
285 7 2 
286 7 2 
287 8 2 
288 8 2 
289 8 2 
290 8 2 
291 8 2 
292 8 2 
293 8 2 
294 8 2 
295 8 2 
296 8 2 
297 8 2 
298 2 3 
299 2 3 
300 2 3 
301 2 3 
302 2 3 
303 2 3 
304 2 3 
305 2 3 
306 2 3 
307 2 3 
308 2 3 
309 2 3 
310 2 3 
311 3 3 
312 3 3 
313 3 3 
314 3 3 
315 3 3 
316 3 3 
317 3 3 
318 3 3 
319 3 3 
320 3 3 
321 6 3 
322 7 3 
323 7 3 
324 7 3 
325 7 3 
326 7 3 
327 7 3 
328 7 3 
329 8 3 
330 8 3 
331 8 3 
332 8 3 
333 8 3 
334 8 3 
335 8 3 
336 1 3 
337 1 3 
338 1 3 
339 1 3 
340 1 3 
341 1 3 
342 1 3 
343 1 3 
344 1 3 
345 1 3 
346 1 3 
347 1 3 
348 1 7 
349 1 7 
350 1 7 
351 1 7 
352 1 7 
353 1 7 
354 1 7 
355 1 7 
356 1 7 
357 1 7 
358 1 7 
359 1 7 
360 1 7 
361 1 7 
362 2 7 
363 2 7 
364 2 7 
365 2 7 
366 2 7 
367 2 7 
368 2 7 
369 2 7 
370 2 7 
371 2 7 
372 2 7 
373 2 7 
374 3 7 
375 3 7 
376 3 7 
377 3 7 
378 3 7 
379 3 7 
380 3 7 
381 3 7 
382 3 7 
383 3 7 
384 3 7 
385 3 7 
386 3 7 
387 3 7 
388 3 7 
389 3 7 
390 3 7 
391 3 7 
392 3 7 
393 3 7 
394 3 7 
395 3 7 
396 3 7 
397 3 7 
398 3 7 
399 3 7 
400 3 7 
401 3 7 
402 3 7 
403 3 7 
404 3 7 
405 3 7 
406 8 7 
407 8 7 
408 8 7 
409 8 7 
410 8 7 
411 8 7 
412 8 7 
413 4 7 
414 4 7 
415 4 7 
416 4 7 
417 4 7 
418 4 7 
419 4 7 
420 4 7 
421 4 7 
422 4 7 
423 4 7 
424 4 7 
425 4 7 
426 4 7 
427 4 7 
428 4 7 
429 4 7 
430 4 7 
431 5 7 
432 5 7 
433 5 7 
434 5 7 
435 5 7 
436 5 7 
437 5 7 
438 5 7 
439 5 7 
440 5 7 
441 5 7 
442 5 7 
443 5 7 
444 7 7 
445 7 7 
446 7 7 
447 7 7 
448 7 7 
449 7 7 
450 7 7 
451 7 7 
452 7 7 
453 7 7 
454 7 7 
455 7 7 
456 7 7 
457 7 7 
458 7 7 
459 7 7 
460 7 7 
461 7 7 
462 7 7 
463 7 7 
464 7 7 
465 7 7 
466 7 7 
467 7 7 
468 7 7 
469 7 7 
470 7 7 
471 7 7 
472 7 7 
473 7 7 
474 7 7 
475 7 7 
476 7 7 
477 7 7 
478 7 7 
479 7 7 
480 8 7 
481 8 7 
482 8 7 
483 2 7 
484 8 7 
;
end;
