param S := 752;
param T := 8;
param D := 5;
param windowsize := 0;

param A := 
1 179
2 177
3 88
4 69
5 72
6 40
7 13
8 27
9 9
10 4
11 3
12 36
13 8
14 4
15 4
16 146
17 23
18 95
19 292
20 9
21 7
22 2
23 18
24 1
25 6
26 3
27 4
28 1
29 3
30 3
31 2
32 8
33 3
34 6
35 6
36 18
37 12
38 36
39 36
40 5
41 1
42 22
43 66
44 18
45 20
46 11
47 16
48 3
49 8
50 9
51 43
52 12
53 5
54 11
55 8
56 12
57 20
58 129
59 44
60 72
61 22
62 36
63 20
64 11
65 104
66 86
67 17
68 48
69 3
70 134
71 13
72 24
73 66
74 203
75 179
76 18
77 265
78 90
79 14
80 3
81 27
82 76
83 11
84 7
85 4
86 3
87 1
88 5
89 5
90 2
91 2
92 8
93 7
94 110
95 13
96 24
97 6
98 7
99 52
100 26
101 24
102 97
103 55
104 1
105 2
106 9
107 13
108 7
109 28
110 46
111 9
112 11
113 2
114 55
115 11
116 4
117 4
118 4
119 36
120 3
121 5
122 1
123 24
124 54
125 68
126 2
127 3
128 2
129 243
130 73
131 109
132 36
133 109
134 109
135 328
136 255
137 5
138 115
139 222
140 53
141 133
142 53
143 44
144 18
145 7
146 15
147 47
148 52
149 133
150 38
151 179
152 212
153 107
154 6
155 6
156 5
157 6
158 27
159 34
160 265
161 185
162 133
163 27
164 27
165 25
166 183
167 55
168 65
169 15
170 7
171 16
172 13
173 11
174 27
175 9
176 13
177 2
178 8
179 27
180 4
181 4
182 4
183 7
184 4
185 4
186 4
187 15
188 2
189 4
190 7
191 6
192 0
193 2
194 4
195 2
196 2
197 4
198 0
199 36
200 12
201 9
202 9
203 12
204 66
205 33
206 194
207 2
208 3
209 201
210 301
211 61
212 122
213 134
214 64
215 221
216 106
217 168
218 113
219 166
220 106
221 133
222 133
223 4
224 107
225 84
226 182
227 86
228 127
229 255
230 219
231 12
232 4
233 13
234 4
235 4
236 9
237 9
238 26
239 12
240 14
241 12
242 1
243 12
244 24
245 143
246 7
247 166
248 72
249 88
250 36
251 11
252 177
253 9
254 22
255 9
256 8
257 8
258 13
259 13
260 12
261 8
262 12
263 28
264 7
265 32
266 13
267 18
268 11
269 2
270 150
271 13
272 21
273 12
274 107
275 177
276 86
277 106
278 97
279 178
280 221
281 66
282 86
283 186
284 129
285 172
286 54
287 36
288 78
289 36
290 59
291 24
292 12
293 24
294 2
295 7
296 4
297 22
298 4
299 18
300 4
301 2
302 2
303 2
304 35
305 1
306 2
307 4
308 7
309 22
310 18
311 22
312 7
313 28
314 4
315 44
316 53
317 9
318 22
319 75
320 35
321 44
322 44
323 18
324 88
325 12
326 4
327 14
328 5
329 8
330 10
331 2
332 10
333 3
334 18
335 12
336 14
337 18
338 7
339 24
340 36
341 18
342 7
343 7
344 2
345 2
346 3
347 12
348 1
349 1
350 12
351 14
352 12
353 6
354 5
355 6
356 18
357 3
358 13
359 90
360 9
361 2
362 7
363 20
364 4
365 4
366 2
367 2
368 31
369 11
370 6
371 4
372 2
373 2
374 8
375 4
376 4
377 4
378 4
379 18
380 5
381 18
382 27
383 9
384 44
385 20
386 6
387 29
388 24
389 2
390 1
391 7
392 12
393 2
394 14
395 28
396 7
397 9
398 9
399 12
400 12
401 6
402 3
403 4
404 7
405 23
406 4
407 13
408 92
409 21
410 17
411 2
412 2
413 9
414 8
415 8
416 8
417 1
418 1
419 8
420 7
421 4
422 1
423 1
424 3
425 7
426 8
427 94
428 47
429 40
430 52
431 21
432 42
433 62
434 137
435 15
436 7
437 50
438 100
439 24
440 97
441 17
442 2
443 9
444 22
445 22
446 2
447 5
448 2
449 5
450 5
451 5
452 182
453 10
454 5
455 28
456 61
457 5
458 100
459 5
460 4
461 18
462 40
463 38
464 70
465 8
466 3
467 158
468 10
469 8
470 17
471 3
472 22
473 109
474 69
475 36
476 83
477 267
478 103
479 16
480 78
481 31
482 18
483 43
484 17
485 1
486 9
487 2
488 2
489 1
490 9
491 4
492 4
493 4
494 33
495 35
496 16
497 18
498 11
499 23
500 4
501 4
502 64
503 257
504 36
505 133
506 215
507 257
508 80
509 26
510 22
511 21
512 27
513 2
514 8
515 2
516 4
517 20
518 9
519 7
520 2
521 169
522 50
523 28
524 84
525 92
526 72
527 200
528 267
529 68
530 4
531 5
532 9
533 6
534 6
535 13
536 4
537 4
538 53
539 53
540 41
541 265
542 107
543 86
544 110
545 411
546 86
547 137
548 66
549 49
550 88
551 139
552 97
553 168
554 18
555 135
556 237
557 74
558 65
559 11
560 24
561 59
562 28
563 14
564 7
565 54
566 18
567 24
568 64
569 20
570 33
571 29
572 80
573 18
574 22
575 13
576 9
577 4
578 9
579 4
580 9
581 6
582 18
583 5
584 4
585 11
586 3
587 5
588 14
589 9
590 30
591 38
592 18
593 9
594 20
595 4
596 14
597 7
598 7
599 18
600 4
601 24
602 3
603 29
604 23
605 2
606 24
607 0
608 1
609 0
610 71
611 3
612 61
613 32
614 32
615 32
616 1
617 32
618 32
619 22
620 4
621 8
622 9
623 106
624 10
625 3
626 8
627 96
628 325
629 162
630 158
631 7
632 238
633 22
634 100
635 150
636 128
637 128
638 109
639 55
640 0
641 26
642 47
643 5
644 86
645 120
646 11
647 4
648 7
649 75
650 37
651 46
652 32
653 72
654 40
655 4
656 23
657 146
658 109
659 52
660 127
661 58
662 190
663 52
664 3
665 1
666 0
667 1
668 2
669 1
670 2
671 2
672 2
673 2
674 2
675 2
676 0
677 2
678 2
679 2
680 5
681 2
682 4
683 0
684 2
685 0
686 1
687 2
688 44
689 13
690 13
691 13
692 22
693 18
694 4
695 4
696 2
697 4
698 2
699 2
700 28
701 54
702 3
703 0
704 35
705 69
706 4
707 9
708 9
709 44
710 42
711 37
712 46
713 106
714 46
715 27
716 181
717 34
718 14
719 7
720 2
721 7
722 3
723 59
724 27
725 4
726 4
727 4
728 5
729 4
730 2
731 2
732 2
733 4
734 2
735 7
736 1
737 0
738 4
739 0
740 2
741 26
742 24
743 122
744 11
745 972
746 134
747 17
748 109
749 50
750 125
751 91
752 11
;

param Ttarget := 
1 1 1000
2 1 1000
3 1 1000
4 1 1000
5 1 500
6 1 500
7 1 500
8 1 500
1 2 1000
2 2 1000
3 2 1000
4 2 1000
5 2 500
6 2 500
7 2 500
8 2 500
1 3 1000
2 3 1000
3 3 1000
4 3 1000
5 3 500
6 3 500
7 3 500
8 3 500
1 4 1000
2 4 1000
3 4 1000
4 4 1000
5 4 500
6 4 500
7 4 500
8 4 500
1 5 1000
2 5 1000
3 5 1000
4 5 1000
5 5 500
6 5 500
7 5 500
8 5 500
;

set Bannlisti := 
;
set Fixlisti := 
1 2 1 
2 2 1 
3 2 1 
4 2 1 
5 2 1 
6 2 1 
7 2 1 
8 2 1 
9 2 1 
10 2 1 
11 2 1 
12 8 1 
13 8 1 
14 8 1 
15 8 1 
16 2 1 
17 2 1 
18 2 1 
19 2 1 
20 2 1 
21 8 1 
22 8 1 
23 8 1 
24 8 1 
25 8 1 
26 8 1 
27 8 1 
28 8 1 
29 8 1 
30 8 1 
31 8 1 
32 8 1 
33 8 1 
34 8 1 
35 8 1 
36 8 1 
37 8 1 
38 8 1 
39 8 1 
40 8 1 
41 8 1 
42 3 1 
43 3 1 
44 3 1 
45 3 1 
46 3 1 
47 3 1 
48 3 1 
49 3 1 
50 3 1 
51 3 1 
52 3 1 
53 3 1 
54 3 1 
55 3 1 
56 3 1 
57 4 1 
58 4 1 
59 4 1 
60 4 1 
61 4 1 
62 4 1 
63 4 1 
64 4 1 
65 4 1 
66 4 1 
67 4 1 
68 4 1 
69 4 1 
70 4 1 
71 4 1 
72 4 1 
73 5 1 
74 5 1 
75 5 1 
76 5 1 
77 5 1 
78 5 1 
79 5 1 
80 5 1 
81 5 1 
82 5 1 
83 3 1 
84 4 1 
85 7 1 
86 7 1 
87 7 1 
88 7 1 
89 7 1 
90 7 1 
91 7 1 
92 7 1 
93 7 1 
94 5 1 
95 5 1 
96 5 1 
97 5 1 
98 5 1 
99 7 1 
100 7 1 
101 7 1 
102 7 1 
103 8 1 
104 7 1 
105 7 1 
106 7 1 
107 7 1 
108 7 1 
109 7 1 
110 7 1 
111 7 1 
112 7 1 
113 7 1 
114 7 1 
115 7 1 
116 7 1 
117 7 1 
118 7 1 
119 7 1 
120 8 1 
121 8 1 
122 8 1 
123 8 1 
124 8 1 
125 8 1 
126 8 1 
127 8 1 
128 8 1 
129 1 1 
130 1 1 
131 1 1 
132 1 1 
133 1 1 
134 1 1 
135 1 1 
136 1 1 
137 1 2 
138 6 2 
139 6 2 
140 6 2 
141 6 2 
142 6 2 
143 6 2 
144 6 2 
145 6 2 
146 6 2 
147 6 2 
148 6 2 
149 6 2 
150 6 2 
151 6 2 
152 6 2 
153 6 2 
154 6 2 
155 6 2 
156 6 2 
157 6 2 
158 6 2 
159 6 2 
160 6 2 
161 6 2 
162 6 2 
163 6 2 
164 6 2 
165 6 2 
166 6 2 
167 6 2 
168 6 2 
169 6 2 
170 7 2 
171 7 2 
172 8 2 
173 8 2 
174 8 2 
175 8 2 
176 8 2 
177 8 2 
178 8 2 
179 8 2 
180 8 2 
181 8 2 
182 8 2 
183 8 2 
184 7 2 
185 7 2 
186 8 2 
187 8 2 
188 8 2 
189 8 2 
190 8 2 
191 8 2 
192 8 2 
193 8 2 
194 8 2 
195 8 2 
196 8 2 
197 8 2 
198 8 2 
199 8 2 
200 8 2 
201 8 2 
202 8 2 
203 8 2 
204 8 2 
205 8 2 
206 4 2 
207 2 2 
208 8 2 
209 1 2 
210 1 2 
211 1 2 
212 1 2 
213 1 2 
214 1 2 
215 1 2 
216 1 2 
217 1 2 
218 1 2 
219 1 2 
220 1 2 
221 1 2 
222 1 2 
223 1 2 
224 1 2 
225 1 2 
226 2 3 
227 2 3 
228 2 3 
229 2 3 
230 2 3 
231 3 3 
232 3 3 
233 3 3 
234 3 3 
235 3 3 
236 3 3 
237 3 3 
238 3 3 
239 3 3 
240 3 3 
241 3 3 
242 3 3 
243 3 3 
244 3 3 
245 3 3 
246 3 3 
247 3 3 
248 3 3 
249 3 3 
250 3 3 
251 3 3 
252 3 3 
253 3 3 
254 3 3 
255 3 3 
256 3 3 
257 3 3 
258 3 3 
259 3 3 
260 3 3 
261 3 3 
262 3 3 
263 3 3 
264 3 3 
265 3 3 
266 3 3 
267 3 3 
268 3 3 
269 3 3 
270 3 3 
271 3 3 
272 3 3 
273 3 3 
274 3 3 
275 3 3 
276 3 3 
277 3 3 
278 3 3 
279 3 3 
280 3 3 
281 3 3 
282 3 3 
283 3 3 
284 4 3 
285 4 3 
286 4 3 
287 4 3 
288 4 3 
289 4 3 
290 4 3 
291 4 3 
292 4 3 
293 4 3 
294 4 3 
295 5 3 
296 5 3 
297 5 3 
298 5 3 
299 5 3 
300 5 3 
301 5 3 
302 8 3 
303 5 3 
304 5 3 
305 8 3 
306 8 3 
307 5 3 
308 5 3 
309 5 3 
310 5 3 
311 5 3 
312 5 3 
313 5 3 
314 5 3 
315 5 3 
316 5 3 
317 5 3 
318 5 3 
319 5 3 
320 5 3 
321 5 3 
322 5 3 
323 8 3 
324 8 3 
325 8 3 
326 8 3 
327 1 3 
328 8 3 
329 8 3 
330 8 3 
331 8 3 
332 8 3 
333 8 3 
334 8 3 
335 8 3 
336 8 3 
337 8 3 
338 8 3 
339 8 3 
340 8 3 
341 8 3 
342 8 3 
343 8 3 
344 8 3 
345 8 3 
346 8 3 
347 8 3 
348 8 3 
349 8 3 
350 8 3 
351 8 3 
352 8 3 
353 8 3 
354 8 3 
355 8 3 
356 8 3 
357 8 3 
358 8 3 
359 7 3 
360 7 3 
361 7 3 
362 7 3 
363 7 3 
364 7 3 
365 7 3 
366 7 3 
367 7 3 
368 8 3 
369 8 3 
370 8 3 
371 8 3 
372 8 3 
373 8 3 
374 7 3 
375 7 3 
376 7 3 
377 7 3 
378 8 3 
379 8 3 
380 8 3 
381 8 3 
382 8 3 
383 8 3 
384 5 3 
385 8 3 
386 7 3 
387 8 3 
388 8 3 
389 8 3 
390 8 3 
391 8 3 
392 8 3 
393 8 3 
394 8 3 
395 8 3 
396 8 3 
397 8 3 
398 8 3 
399 3 3 
400 3 3 
401 7 3 
402 7 3 
403 7 3 
404 7 3 
405 7 3 
406 7 3 
407 7 3 
408 7 3 
409 7 3 
410 7 3 
411 7 3 
412 7 3 
413 7 3 
414 7 3 
415 7 3 
416 7 3 
417 7 3 
418 7 3 
419 7 3 
420 7 3 
421 7 3 
422 7 3 
423 7 3 
424 7 3 
425 7 3 
426 8 3 
427 1 3 
428 1 3 
429 1 3 
430 1 3 
431 1 3 
432 1 3 
433 1 3 
434 1 3 
435 1 3 
436 1 3 
437 1 3 
438 1 3 
439 1 3 
440 1 3 
441 1 3 
442 1 4 
443 1 4 
444 1 4 
445 1 4 
446 1 4 
447 1 4 
448 1 4 
449 1 3 
450 1 3 
451 1 3 
452 1 3 
453 1 3 
454 1 3 
455 1 3 
456 1 3 
457 1 3 
458 1 3 
459 1 3 
460 1 3 
461 1 3 
462 1 3 
463 1 3 
464 1 3 
465 1 3 
466 1 3 
467 1 3 
468 1 3 
469 1 3 
470 1 3 
471 1 3 
472 1 3 
473 2 4 
474 2 4 
475 2 4 
476 2 4 
477 2 4 
478 2 4 
479 8 4 
480 8 4 
481 8 4 
482 8 4 
483 8 4 
484 8 4 
485 8 4 
486 8 4 
487 8 4 
488 8 4 
489 8 4 
490 8 4 
491 8 4 
492 8 4 
493 8 4 
494 8 4 
495 8 4 
496 8 4 
497 8 4 
498 8 4 
499 8 4 
500 8 4 
501 8 4 
502 8 4 
503 8 4 
504 8 4 
505 8 4 
506 8 4 
507 8 4 
508 8 4 
509 8 4 
510 8 4 
511 8 4 
512 6 4 
513 6 4 
514 6 4 
515 6 4 
516 6 4 
517 6 4 
518 6 4 
519 6 4 
520 6 4 
521 6 4 
522 6 4 
523 6 4 
524 6 4 
525 6 4 
526 6 4 
527 6 4 
528 6 4 
529 6 4 
530 6 4 
531 6 4 
532 6 4 
533 6 4 
534 6 4 
535 6 4 
536 6 4 
537 6 4 
538 6 4 
539 6 4 
540 6 4 
541 6 4 
542 6 4 
543 6 4 
544 6 4 
545 6 4 
546 6 4 
547 6 4 
548 6 4 
549 6 4 
550 6 4 
551 6 4 
552 6 4 
553 6 4 
554 6 4 
555 6 4 
556 6 4 
557 6 4 
558 7 4 
559 7 4 
560 7 4 
561 7 4 
562 7 4 
563 7 4 
564 7 4 
565 7 4 
566 7 4 
567 7 4 
568 7 4 
569 7 4 
570 7 4 
571 7 4 
572 7 4 
573 7 4 
574 7 4 
575 8 4 
576 8 4 
577 8 4 
578 8 4 
579 8 4 
580 7 4 
581 7 4 
582 7 4 
583 7 4 
584 7 4 
585 7 4 
586 7 4 
587 7 4 
588 7 4 
589 7 4 
590 7 4 
591 3 4 
592 7 4 
593 7 4 
594 7 4 
595 7 4 
596 7 4 
597 7 4 
598 7 4 
599 8 4 
600 7 4 
601 8 4 
602 8 4 
603 7 4 
604 7 4 
605 8 4 
606 8 4 
607 8 4 
608 8 4 
609 8 4 
610 8 4 
611 7 4 
612 7 4 
613 7 4 
614 7 4 
615 7 4 
616 7 4 
617 7 4 
618 7 4 
619 8 4 
620 8 4 
621 8 4 
622 8 4 
623 8 4 
624 8 4 
625 8 4 
626 1 4 
627 1 4 
628 1 4 
629 1 4 
630 1 4 
631 1 4 
632 1 4 
633 1 4 
634 1 4 
635 1 4 
636 1 4 
637 1 4 
638 1 4 
639 1 4 
640 1 5 
641 2 5 
642 2 5 
643 8 5 
644 8 5 
645 8 5 
646 8 5 
647 8 5 
648 8 5 
649 2 5 
650 2 5 
651 2 5 
652 2 5 
653 2 5 
654 2 5 
655 2 5 
656 2 5 
657 2 5 
658 2 5 
659 2 5 
660 2 5 
661 2 5 
662 2 5 
663 2 5 
664 3 5 
665 3 5 
666 1 5 
667 3 5 
668 8 5 
669 6 5 
670 5 5 
671 6 5 
672 1 5 
673 8 5 
674 8 5 
675 8 5 
676 8 5 
677 3 5 
678 7 5 
679 5 5 
680 2 5 
681 8 5 
682 7 5 
683 8 5 
684 8 5 
685 1 5 
686 2 5 
687 8 5 
688 8 5 
689 8 5 
690 8 5 
691 8 5 
692 8 5 
693 8 5 
694 8 5 
695 8 5 
696 8 5 
697 8 5 
698 8 5 
699 8 5 
700 8 5 
701 7 5 
702 7 5 
703 7 5 
704 7 5 
705 7 5 
706 8 5 
707 8 5 
708 8 5 
709 8 5 
710 7 5 
711 7 5 
712 7 5 
713 7 5 
714 7 5 
715 7 5 
716 7 5 
717 7 5 
718 7 5 
719 7 5 
720 8 5 
721 8 5 
722 8 5 
723 8 5 
724 8 5 
725 8 5 
726 8 5 
727 8 5 
728 8 5 
729 8 5 
730 2 5 
731 6 5 
732 6 5 
733 1 5 
734 1 5 
735 8 5 
736 6 5 
737 1 5 
738 3 5 
739 2 5 
740 1 5 
741 1 5 
742 1 5 
743 1 5 
744 1 5 
745 1 5 
746 1 5 
747 1 5 
748 1 5 
749 1 5 
750 1 5 
751 1 5 
752 1 5 
;
end;
