param S := 853;
param T := 8;
param D := 5;
param windowsize := 0;

param A := 
1 17
2 182
3 12
4 5
5 56
6 0
7 2
8 2
9 4
10 2
11 0
12 219
13 73
14 84
15 95
16 2
17 3
18 129
19 8
20 24
21 12
22 43
23 35
24 9
25 48
26 48
27 48
28 12
29 12
30 133
31 64
32 133
33 7
34 4
35 40
36 7
37 2
38 5
39 5
40 9
41 6
42 67
43 36
44 305
45 27
46 177
47 47
48 90
49 55
50 27
51 52
52 0
53 133
54 133
55 212
56 86
57 53
58 185
59 106
60 150
61 265
62 2
63 42
64 17
65 4
66 7
67 44
68 4
69 4
70 3
71 169
72 30
73 22
74 12
75 4
76 4
77 4
78 18
79 27
80 88
81 40
82 9
83 61
84 2
85 1
86 12
87 2
88 3
89 4
90 5
91 4
92 9
93 11
94 4
95 9
96 2
97 2
98 2
99 9
100 18
101 4
102 17
103 50
104 50
105 75
106 73
107 100
108 36
109 0
110 5
111 0
112 8
113 3
114 8
115 31
116 5
117 12
118 91
119 109
120 11
121 26
122 11
123 26
124 79
125 96
126 3
127 227
128 162
129 81
130 36
131 9
132 201
133 69
134 26
135 12
136 10
137 13
138 8
139 23
140 88
141 22
142 88
143 0
144 13
145 18
146 4
147 8
148 74
149 83
150 19
151 21
152 22
153 22
154 20
155 13
156 9
157 4
158 4
159 2
160 36
161 7
162 6
163 4
164 106
165 66
166 106
167 107
168 172
169 221
170 66
171 186
172 133
173 88
174 8
175 1
176 11
177 18
178 4
179 9
180 4
181 4
182 4
183 3
184 9
185 4
186 15
187 13
188 8
189 4
190 18
191 38
192 7
193 2
194 23
195 2
196 4
197 2
198 8
199 2
200 17
201 1
202 4
203 44
204 215
205 18
206 2
207 5
208 2
209 4
210 4
211 20
212 9
213 5
214 20
215 9
216 51
217 13
218 4
219 9
220 7
221 4
222 4
223 10
224 96
225 48
226 5
227 4
228 12
229 14
230 14
231 7
232 7
233 40
234 12
235 9
236 18
237 54
238 4
239 3
240 0
241 5
242 9
243 8
244 3
245 91
246 73
247 12
248 5
249 61
250 5
251 61
252 33
253 133
254 41
255 54
256 8
257 8
258 22
259 45
260 211
261 109
262 109
263 63
264 12
265 13
266 73
267 19
268 32
269 133
270 158
271 2
272 2
273 4
274 16
275 2
276 4
277 2
278 9
279 2
280 2
281 2
282 2
283 36
284 24
285 44
286 0
287 0
288 1
289 1
290 1
291 0
292 0
293 0
294 3
295 13
296 24
297 24
298 69
299 130
300 36
301 71
302 12
303 35
304 97
305 133
306 106
307 172
308 7
309 7
310 6
311 6
312 5
313 5
314 2
315 13
316 2
317 47
318 110
319 86
320 399
321 107
322 133
323 265
324 53
325 61
326 76
327 20
328 179
329 107
330 23
331 60
332 66
333 38
334 18
335 58
336 33
337 7
338 4
339 9
340 5
341 4
342 2
343 6
344 236
345 29
346 249
347 83
348 115
349 15
350 23
351 44
352 20
353 9
354 2
355 7
356 4
357 4
358 4
359 9
360 2
361 5
362 7
363 1
364 7
365 97
366 122
367 8
368 5
369 1
370 6
371 6
372 133
373 38
374 51
375 46
376 21
377 12
378 18
379 46
380 27
381 17
382 4
383 4
384 0
385 18
386 5
387 4
388 7
389 25
390 23
391 7
392 31
393 6
394 3
395 18
396 9
397 9
398 6
399 18
400 7
401 5
402 11
403 9
404 9
405 4
406 7
407 4
408 4
409 14
410 9
411 4
412 2
413 2
414 1
415 3
416 5
417 2
418 100
419 7
420 35
421 13
422 34
423 15
424 11
425 25
426 27
427 32
428 60
429 55
430 8
431 4
432 2
433 2
434 2
435 2
436 62
437 7
438 4
439 4
440 4
441 12
442 13
443 14
444 4
445 42
446 18
447 10
448 22
449 22
450 11
451 56
452 21
453 3
454 2
455 49
456 12
457 1
458 18
459 9
460 11
461 2
462 11
463 2
464 4
465 7
466 4
467 4
468 5
469 2
470 2
471 4
472 7
473 9
474 43
475 53
476 53
477 13
478 27
479 4
480 4
481 4
482 2
483 3
484 12
485 9
486 17
487 12
488 6
489 6
490 2
491 29
492 24
493 26
494 13
495 0
496 49
497 9
498 10
499 4
500 32
501 14
502 30
503 78
504 0
505 19
506 40
507 13
508 16
509 133
510 18
511 5
512 9
513 13
514 5
515 1
516 12
517 32
518 12
519 1
520 1
521 65
522 65
523 0
524 8
525 15
526 15
527 23
528 3
529 182
530 125
531 182
532 12
533 125
534 91
535 109
536 146
537 25
538 48
539 81
540 81
541 7
542 4
543 4
544 4
545 3
546 4
547 2
548 8
549 72
550 51
551 3
552 14
553 6
554 4
555 4
556 1
557 12
558 1
559 11
560 2
561 16
562 8
563 6
564 3
565 5
566 21
567 2
568 6
569 4
570 7
571 18
572 7
573 6
574 12
575 5
576 5
577 2
578 4
579 6
580 16
581 10
582 16
583 5
584 5
585 134
586 33
587 8
588 64
589 221
590 106
591 168
592 113
593 193
594 215
595 62
596 160
597 84
598 101
599 51
600 15
601 70
602 0
603 106
604 221
605 21
606 4
607 4
608 2
609 2
610 8
611 8
612 9
613 5
614 13
615 4
616 11
617 4
618 7
619 5
620 22
621 2
622 94
623 5
624 51
625 51
626 219
627 101
628 182
629 13
630 13
631 13
632 13
633 5
634 5
635 19
636 19
637 2
638 2
639 4
640 4
641 5
642 29
643 5
644 4
645 29
646 35
647 5
648 18
649 46
650 72
651 40
652 12
653 8
654 2
655 7
656 4
657 237
658 109
659 5
660 21
661 42
662 134
663 64
664 107
665 80
666 150
667 86
668 107
669 130
670 98
671 537
672 88
673 9
674 12
675 12
676 11
677 1
678 2
679 7
680 3
681 11
682 20
683 23
684 44
685 11
686 72
687 34
688 18
689 21
690 44
691 9
692 22
693 11
694 64
695 33
696 11
697 40
698 18
699 186
700 110
701 36
702 13
703 11
704 20
705 20
706 7
707 10
708 21
709 12
710 13
711 18
712 72
713 53
714 4
715 4
716 12
717 2
718 2
719 22
720 35
721 1
722 5
723 2
724 2
725 3
726 0
727 4
728 4
729 3
730 15
731 11
732 7
733 14
734 5
735 4
736 4
737 28
738 129
739 33
740 72
741 24
742 13
743 2
744 4
745 4
746 35
747 18
748 0
749 13
750 13
751 11
752 17
753 9
754 4
755 9
756 7
757 9
758 4
759 9
760 9
761 4
762 1
763 9
764 3
765 9
766 2
767 43
768 9
769 9
770 31
771 44
772 107
773 31
774 100
775 2
776 18
777 18
778 22
779 0
780 4
781 2
782 36
783 9
784 44
785 11
786 18
787 18
788 7
789 9
790 11
791 4
792 6
793 18
794 2
795 9
796 4
797 4
798 9
799 9
800 7
801 43
802 65
803 43
804 59
805 21
806 13
807 9
808 9
809 5
810 4
811 4
812 24
813 18
814 10
815 2
816 15
817 27
818 4
819 18
820 4
821 8
822 4
823 9
824 31
825 16
826 2
827 22
828 35
829 24
830 12
831 8
832 9
833 4
834 0
835 4
836 8
837 12
838 10042
839 146
840 50
841 24
842 36
843 75
844 146
845 146
846 18
847 50
848 176
849 194
850 17
851 122
852 12
853 474
;

param Ttarget := 
1 1 1000
2 1 1000
3 1 1000
4 1 1000
5 1 500
6 1 500
7 1 500
8 1 500
1 2 1000
2 2 1000
3 2 1000
4 2 1000
5 2 500
6 2 500
7 2 500
8 2 500
1 3 1000
2 3 1000
3 3 1000
4 3 1000
5 3 500
6 3 500
7 3 500
8 3 500
1 4 1000
2 4 1000
3 4 1000
4 4 1000
5 4 500
6 4 500
7 4 500
8 4 500
1 5 1000
2 5 1000
3 5 1000
4 5 1000
5 5 500
6 5 500
7 5 500
8 5 500
;

set Bannlisti := 
;
set Fixlisti := 
1 1 1 
2 1 1 
3 1 1 
4 1 1 
5 1 1 
6 4 1 
7 3 1 
8 7 1 
9 2 1 
10 8 1 
11 7 1 
12 2 1 
13 2 1 
14 2 1 
15 2 1 
16 2 1 
17 4 1 
18 4 1 
19 4 1 
20 4 1 
21 4 1 
22 4 1 
23 4 1 
24 4 1 
25 4 1 
26 4 1 
27 4 1 
28 4 1 
29 4 1 
30 4 1 
31 4 1 
32 4 1 
33 4 1 
34 4 1 
35 4 1 
36 4 1 
37 4 1 
38 6 1 
39 6 1 
40 6 1 
41 6 1 
42 6 1 
43 6 1 
44 6 1 
45 6 1 
46 6 1 
47 6 1 
48 6 1 
49 6 1 
50 6 1 
51 6 1 
52 6 1 
53 6 1 
54 6 1 
55 6 1 
56 6 1 
57 6 1 
58 6 1 
59 6 1 
60 6 1 
61 6 1 
62 8 1 
63 7 1 
64 6 1 
65 6 1 
66 6 1 
67 6 1 
68 6 1 
69 6 1 
70 6 1 
71 6 1 
72 7 1 
73 7 1 
74 7 1 
75 8 1 
76 8 1 
77 8 1 
78 7 1 
79 7 1 
80 7 1 
81 7 1 
82 7 1 
83 8 1 
84 8 1 
85 8 1 
86 8 1 
87 8 1 
88 8 1 
89 8 1 
90 8 1 
91 8 1 
92 8 1 
93 8 1 
94 8 1 
95 8 1 
96 8 1 
97 8 1 
98 8 1 
99 8 1 
100 8 1 
101 8 1 
102 1 1 
103 1 1 
104 1 1 
105 1 1 
106 1 1 
107 1 1 
108 1 1 
109 1 1 
110 1 1 
111 1 1 
112 2 2 
113 2 2 
114 2 2 
115 2 2 
116 2 2 
117 2 2 
118 1 1 
119 1 1 
120 1 1 
121 1 1 
122 1 1 
123 1 1 
124 1 1 
125 1 1 
126 1 1 
127 1 1 
128 1 1 
129 1 1 
130 1 1 
131 2 2 
132 2 2 
133 2 2 
134 2 2 
135 2 2 
136 2 2 
137 2 2 
138 2 2 
139 2 2 
140 2 2 
141 2 2 
142 2 2 
143 2 2 
144 2 2 
145 2 2 
146 2 2 
147 3 2 
148 3 2 
149 3 2 
150 3 2 
151 3 2 
152 3 2 
153 3 2 
154 3 2 
155 3 2 
156 3 2 
157 3 2 
158 3 2 
159 3 2 
160 3 2 
161 3 2 
162 3 2 
163 3 2 
164 3 2 
165 3 2 
166 3 2 
167 3 2 
168 3 2 
169 3 2 
170 3 2 
171 3 2 
172 3 2 
173 3 2 
174 3 2 
175 3 2 
176 3 2 
177 3 2 
178 3 2 
179 3 2 
180 3 2 
181 3 2 
182 3 2 
183 3 2 
184 3 2 
185 3 2 
186 3 2 
187 3 2 
188 3 2 
189 3 2 
190 6 2 
191 3 2 
192 3 2 
193 3 2 
194 3 2 
195 3 2 
196 3 2 
197 3 2 
198 3 2 
199 7 2 
200 3 2 
201 5 2 
202 5 2 
203 5 2 
204 5 2 
205 5 2 
206 8 2 
207 8 2 
208 8 2 
209 1 2 
210 8 2 
211 8 2 
212 8 2 
213 8 2 
214 8 2 
215 8 2 
216 8 2 
217 8 2 
218 8 2 
219 8 2 
220 8 2 
221 8 2 
222 8 2 
223 3 2 
224 3 2 
225 3 2 
226 3 2 
227 3 2 
228 8 2 
229 8 2 
230 8 2 
231 8 2 
232 8 2 
233 8 2 
234 8 2 
235 8 2 
236 8 2 
237 8 2 
238 8 2 
239 8 2 
240 1 2 
241 1 2 
242 1 2 
243 1 2 
244 1 2 
245 1 2 
246 1 2 
247 1 2 
248 1 2 
249 1 2 
250 1 2 
251 1 2 
252 1 2 
253 1 2 
254 1 2 
255 1 2 
256 1 2 
257 1 2 
258 1 2 
259 1 2 
260 2 2 
261 2 2 
262 2 2 
263 2 2 
264 1 3 
265 4 3 
266 4 3 
267 4 3 
268 4 3 
269 8 3 
270 8 3 
271 8 3 
272 8 3 
273 8 3 
274 3 3 
275 3 3 
276 3 3 
277 3 3 
278 2 3 
279 8 3 
280 6 3 
281 1 3 
282 8 3 
283 8 3 
284 8 3 
285 2 3 
286 4 3 
287 1 3 
288 1 3 
289 7 3 
290 2 3 
291 1 3 
292 8 3 
293 2 3 
294 8 3 
295 4 3 
296 4 3 
297 4 3 
298 4 3 
299 4 3 
300 4 3 
301 4 3 
302 4 3 
303 4 3 
304 4 3 
305 4 3 
306 4 3 
307 4 3 
308 4 3 
309 3 3 
310 6 3 
311 6 3 
312 6 3 
313 6 3 
314 6 3 
315 6 3 
316 6 3 
317 6 3 
318 6 3 
319 6 3 
320 6 3 
321 6 3 
322 6 3 
323 6 3 
324 6 3 
325 6 3 
326 6 3 
327 6 3 
328 6 3 
329 6 3 
330 6 3 
331 6 3 
332 6 3 
333 6 3 
334 6 3 
335 6 3 
336 6 3 
337 6 3 
338 6 3 
339 6 3 
340 6 3 
341 6 3 
342 6 3 
343 6 3 
344 6 3 
345 6 3 
346 6 3 
347 6 3 
348 6 3 
349 6 3 
350 6 3 
351 6 3 
352 6 3 
353 8 3 
354 8 3 
355 7 3 
356 7 3 
357 7 3 
358 7 3 
359 7 3 
360 7 3 
361 7 3 
362 7 3 
363 7 3 
364 7 3 
365 7 3 
366 8 3 
367 7 3 
368 7 3 
369 7 3 
370 8 3 
371 8 3 
372 7 3 
373 7 3 
374 7 3 
375 7 3 
376 7 3 
377 7 3 
378 7 3 
379 7 3 
380 7 3 
381 7 3 
382 7 3 
383 7 3 
384 7 3 
385 7 3 
386 7 3 
387 7 3 
388 7 3 
389 7 3 
390 7 3 
391 7 3 
392 7 3 
393 7 3 
394 7 3 
395 7 3 
396 7 3 
397 7 3 
398 7 3 
399 7 3 
400 7 3 
401 7 3 
402 7 3 
403 7 3 
404 7 3 
405 7 3 
406 7 3 
407 7 3 
408 7 3 
409 7 3 
410 7 3 
411 7 3 
412 8 3 
413 8 3 
414 8 3 
415 8 3 
416 8 3 
417 8 3 
418 7 3 
419 7 3 
420 7 3 
421 7 3 
422 7 3 
423 7 3 
424 7 3 
425 7 3 
426 7 3 
427 7 3 
428 8 3 
429 8 3 
430 8 3 
431 8 3 
432 8 3 
433 8 3 
434 8 3 
435 8 3 
436 7 3 
437 7 3 
438 7 3 
439 7 3 
440 7 3 
441 7 3 
442 7 3 
443 7 3 
444 7 3 
445 7 3 
446 7 3 
447 7 3 
448 7 3 
449 7 3 
450 7 3 
451 7 3 
452 8 3 
453 8 3 
454 8 3 
455 8 3 
456 8 3 
457 8 3 
458 7 3 
459 7 3 
460 7 3 
461 7 3 
462 7 3 
463 7 3 
464 7 3 
465 7 3 
466 7 3 
467 7 3 
468 7 3 
469 7 3 
470 7 3 
471 7 3 
472 7 3 
473 7 3 
474 8 3 
475 8 3 
476 8 3 
477 8 3 
478 8 3 
479 7 3 
480 7 3 
481 7 3 
482 7 3 
483 7 3 
484 8 3 
485 8 3 
486 8 3 
487 8 3 
488 8 3 
489 8 3 
490 8 3 
491 8 3 
492 7 3 
493 7 3 
494 7 3 
495 7 3 
496 7 3 
497 8 3 
498 7 3 
499 7 3 
500 8 3 
501 8 3 
502 8 3 
503 8 3 
504 1 3 
505 1 3 
506 8 3 
507 8 3 
508 8 3 
509 8 3 
510 8 3 
511 8 3 
512 8 3 
513 8 3 
514 8 3 
515 7 3 
516 7 3 
517 7 3 
518 7 3 
519 7 3 
520 7 3 
521 8 3 
522 8 3 
523 7 3 
524 7 3 
525 7 3 
526 7 3 
527 7 3 
528 7 3 
529 1 3 
530 1 3 
531 1 3 
532 1 3 
533 1 3 
534 1 3 
535 1 3 
536 1 3 
537 1 3 
538 1 3 
539 1 3 
540 1 3 
541 1 3 
542 8 3 
543 8 3 
544 8 3 
545 8 3 
546 8 3 
547 8 3 
548 8 3 
549 4 4 
550 7 4 
551 7 4 
552 3 4 
553 3 4 
554 7 4 
555 8 4 
556 8 4 
557 8 4 
558 8 4 
559 8 4 
560 8 4 
561 8 4 
562 8 4 
563 8 4 
564 8 4 
565 8 4 
566 8 4 
567 8 4 
568 8 4 
569 8 4 
570 8 4 
571 8 4 
572 8 4 
573 8 4 
574 8 4 
575 8 4 
576 8 4 
577 8 4 
578 8 4 
579 8 4 
580 8 4 
581 8 4 
582 8 4 
583 8 4 
584 8 4 
585 1 4 
586 1 4 
587 1 4 
588 1 4 
589 1 4 
590 1 4 
591 1 4 
592 1 4 
593 1 4 
594 1 4 
595 1 4 
596 1 4 
597 1 4 
598 1 4 
599 1 4 
600 1 4 
601 1 4 
602 1 4 
603 1 4 
604 1 4 
605 1 4 
606 1 4 
607 1 7 
608 1 7 
609 1 7 
610 1 7 
611 1 7 
612 1 7 
613 1 7 
614 1 7 
615 1 4 
616 1 4 
617 1 4 
618 1 4 
619 1 4 
620 1 4 
621 1 4 
622 1 4 
623 1 4 
624 1 4 
625 1 4 
626 1 4 
627 1 4 
628 1 4 
629 8 4 
630 8 4 
631 8 4 
632 8 4 
633 8 4 
634 8 4 
635 8 4 
636 8 4 
637 8 4 
638 8 4 
639 8 4 
640 8 4 
641 8 4 
642 8 4 
643 8 4 
644 8 4 
645 8 4 
646 2 7 
647 2 7 
648 2 7 
649 2 7 
650 2 7 
651 2 7 
652 2 7 
653 2 7 
654 2 7 
655 2 7 
656 2 7 
657 2 7 
658 2 7 
659 2 7 
660 2 7 
661 2 7 
662 2 7 
663 3 7 
664 3 7 
665 3 7 
666 3 7 
667 3 7 
668 3 7 
669 3 7 
670 3 7 
671 3 7 
672 3 7 
673 3 7 
674 3 7 
675 3 7 
676 3 7 
677 3 7 
678 3 7 
679 3 7 
680 3 7 
681 3 7 
682 3 7 
683 3 7 
684 3 7 
685 3 7 
686 3 7 
687 3 7 
688 3 7 
689 3 7 
690 3 7 
691 3 7 
692 3 7 
693 3 7 
694 3 7 
695 3 7 
696 3 7 
697 3 7 
698 3 7 
699 3 7 
700 3 7 
701 3 7 
702 3 7 
703 3 7 
704 3 7 
705 3 7 
706 3 7 
707 3 7 
708 3 7 
709 3 7 
710 3 7 
711 3 7 
712 3 7 
713 3 7 
714 8 7 
715 8 7 
716 8 7 
717 8 7 
718 8 7 
719 8 7 
720 8 7 
721 8 7 
722 8 7 
723 8 7 
724 8 7 
725 8 7 
726 8 7 
727 8 7 
728 8 7 
729 8 7 
730 8 7 
731 8 7 
732 8 7 
733 8 7 
734 8 7 
735 8 7 
736 8 7 
737 6 7 
738 8 7 
739 8 7 
740 8 7 
741 8 7 
742 8 7 
743 8 7 
744 8 7 
745 8 7 
746 3 7 
747 3 7 
748 3 7 
749 3 7 
750 3 7 
751 3 7 
752 3 7 
753 3 7 
754 3 7 
755 3 7 
756 3 7 
757 3 7 
758 8 7 
759 8 7 
760 8 7 
761 8 7 
762 8 7 
763 8 7 
764 8 7 
765 8 7 
766 7 7 
767 5 7 
768 5 7 
769 5 7 
770 5 7 
771 5 7 
772 5 7 
773 5 7 
774 5 7 
775 5 7 
776 3 7 
777 5 7 
778 5 7 
779 5 7 
780 5 7 
781 5 7 
782 5 7 
783 5 7 
784 5 7 
785 5 7 
786 5 7 
787 5 7 
788 5 7 
789 5 7 
790 5 7 
791 5 7 
792 5 7 
793 5 7 
794 5 7 
795 5 7 
796 5 7 
797 5 7 
798 5 7 
799 5 7 
800 5 7 
801 7 7 
802 7 7 
803 7 7 
804 7 7 
805 7 7 
806 7 7 
807 7 7 
808 7 7 
809 7 7 
810 7 7 
811 7 7 
812 8 7 
813 8 7 
814 8 7 
815 8 7 
816 7 7 
817 7 7 
818 7 7 
819 7 7 
820 7 7 
821 7 7 
822 7 7 
823 7 7 
824 8 7 
825 8 7 
826 8 7 
827 8 7 
828 8 7 
829 8 7 
830 7 7 
831 7 7 
832 7 7 
833 8 7 
834 8 7 
835 8 7 
836 8 7 
837 1 7 
838 1 7 
839 1 7 
840 1 7 
841 1 7 
842 1 7 
843 1 7 
844 1 7 
845 1 7 
846 1 7 
847 1 7 
848 1 7 
849 1 7 
850 1 7 
851 1 7 
852 1 7 
853 2 7 
;
end;
