param S := 947;
param T := 8;
param D := 5;
param windowsize := 0;

param A := 
1 28
2 26
3 11
4 12
5 47
6 13
7 9
8 18
9 21
10 35
11 179
12 72
13 37
14 60
15 40
16 146
17 128
18 109
19 106
20 17
21 35
22 12
23 9
24 18
25 0
26 4
27 110
28 22
29 150
30 186
31 161
32 27
33 108
34 36
35 6
36 24
37 12
38 18
39 4
40 2
41 4
42 42
43 265
44 72
45 399
46 133
47 107
48 18
49 34
50 115
51 90
52 21
53 110
54 18
55 9
56 8
57 17
58 6
59 13
60 6
61 9
62 9
63 9
64 0
65 7
66 0
67 0
68 52
69 0
70 2
71 451
72 129
73 18
74 107
75 66
76 9
77 39
78 26
79 35
80 71
81 32
82 6
83 6
84 52
85 110
86 72
87 7
88 117
89 2
90 0
91 24
92 1
93 2
94 76
95 362
96 221
97 7
98 7
99 7
100 28
101 18
102 27
103 18
104 16
105 11
106 18
107 6
108 10
109 10
110 20
111 2
112 8
113 7
114 18
115 12
116 7
117 2
118 36
119 24
120 36
121 7
122 2
123 2
124 4
125 30
126 18
127 14
128 4
129 5
130 5
131 7
132 18
133 11
134 10
135 28
136 2
137 18
138 2
139 17
140 134
141 36
142 9
143 12
144 9
145 7
146 16
147 24
148 61
149 61
150 18
151 7
152 5
153 6
154 9
155 3
156 3
157 66
158 133
159 44
160 27
161 14
162 27
163 4
164 263
165 9
166 32
167 24
168 92
169 314
170 36
171 51
172 325
173 81
174 158
175 81
176 475
177 150
178 301
179 301
180 182
181 182
182 55
183 36
184 61
185 133
186 47
187 94
188 142
189 47
190 62
191 84
192 101
193 62
194 240
195 85
196 133
197 0
198 211
199 10
200 106
201 292
202 103
203 39
204 127
205 13
206 7
207 7
208 11
209 150
210 107
211 106
212 537
213 177
214 129
215 186
216 4
217 12
218 8
219 7
220 8
221 9
222 17
223 146
224 104
225 52
226 222
227 107
228 265
229 106
230 88
231 106
232 88
233 44
234 36
235 9
236 44
237 13
238 38
239 4
240 30
241 86
242 80
243 111
244 91
245 166
246 44
247 64
248 118
249 44
250 45
251 5
252 27
253 7
254 18
255 122
256 0
257 53
258 10
259 0
260 18
261 129
262 14
263 5
264 3
265 7
266 4
267 54
268 314
269 55
270 32
271 18
272 221
273 88
274 158
275 158
276 106
277 264
278 161
279 333
280 86
281 179
282 212
283 133
284 4
285 0
286 7
287 9
288 35
289 4
290 0
291 14
292 9
293 54
294 107
295 4
296 4
297 97
298 11
299 4
300 4
301 4
302 11
303 11
304 12
305 13
306 16
307 8
308 6
309 4
310 9
311 4
312 9
313 27
314 27
315 9
316 4
317 9
318 5
319 1
320 0
321 1
322 2
323 11
324 4
325 32
326 0
327 15
328 7
329 22
330 23
331 9
332 8
333 4
334 127
335 3
336 12
337 12
338 3
339 2
340 3
341 1
342 5
343 3
344 17
345 11
346 106
347 168
348 193
349 318
350 318
351 107
352 2
353 42
354 27
355 109
356 164
357 55
358 26
359 61
360 27
361 9
362 5
363 125
364 91
365 182
366 21
367 3
368 238
369 4
370 4
371 81
372 22
373 62
374 244
375 162
376 52
377 162
378 79
379 317
380 77
381 3
382 14
383 9
384 55
385 4
386 9
387 4
388 29
389 9
390 0
391 4
392 9
393 7
394 8
395 2
396 13
397 36
398 22
399 72
400 2
401 4
402 13
403 22
404 62
405 24
406 9
407 14
408 160
409 11
410 36
411 44
412 9
413 33
414 9
415 2
416 5
417 4
418 2
419 1
420 22
421 9
422 4
423 17
424 0
425 7
426 7
427 7
428 11
429 9
430 43
431 129
432 48
433 95
434 5
435 43
436 46
437 36
438 110
439 129
440 133
441 44
442 86
443 24
444 161
445 18
446 9
447 10
448 14
449 9
450 6
451 36
452 48
453 104
454 48
455 59
456 53
457 141
458 150
459 264
460 221
461 55
462 200
463 78
464 13
465 16
466 177
467 88
468 179
469 60
470 215
471 62
472 265
473 107
474 7
475 42
476 52
477 104
478 90
479 110
480 23
481 411
482 27
483 55
484 32
485 59
486 249
487 28
488 22
489 106
490 35
491 55
492 133
493 106
494 9
495 4
496 37
497 44
498 53
499 4
500 9
501 4
502 7
503 4
504 8
505 16
506 27
507 9
508 114
509 15
510 5
511 8
512 12
513 12
514 12
515 48
516 48
517 12
518 2
519 12
520 2
521 9
522 13
523 4
524 4
525 4
526 6
527 4
528 6
529 17
530 3
531 1
532 42
533 42
534 14
535 10
536 4
537 8
538 2
539 4
540 12
541 62
542 51
543 137
544 70
545 23
546 52
547 24
548 21
549 4
550 79
551 42
552 8
553 21
554 6
555 90
556 90
557 168
558 265
559 212
560 113
561 34
562 166
563 9
564 52
565 78
566 126
567 101
568 101
569 215
570 156
571 29
572 46
573 26
574 13
575 4
576 2
577 2
578 2
579 79
580 70
581 79
582 2
583 4
584 31
585 22
586 24
587 46
588 44
589 88
590 28
591 141
592 80
593 80
594 66
595 134
596 55
597 12
598 12
599 124
600 40
601 52
602 19
603 36
604 9
605 9
606 13
607 13
608 4
609 16
610 32
611 63
612 112
613 73
614 267
615 91
616 201
617 35
618 73
619 0
620 2
621 2
622 8
623 78
624 52
625 1
626 18
627 3
628 20
629 4
630 4
631 11
632 9
633 2
634 4
635 4
636 4
637 159
638 9
639 36
640 33
641 107
642 4
643 4
644 13
645 9
646 5
647 4
648 4
649 8
650 4
651 4
652 7
653 4
654 18
655 9
656 9
657 17
658 5
659 9
660 9
661 5
662 14
663 18
664 9
665 229
666 88
667 13
668 0
669 4
670 4
671 18
672 4
673 17
674 94
675 76
676 67
677 7
678 8
679 4
680 5
681 129
682 88
683 215
684 106
685 86
686 150
687 107
688 133
689 106
690 2
691 106
692 187
693 221
694 86
695 88
696 0
697 133
698 14
699 44
700 14
701 4
702 11
703 9
704 5
705 44
706 4
707 7
708 18
709 11
710 5
711 44
712 18
713 2
714 11
715 10
716 4
717 44
718 9
719 7
720 64
721 437
722 11
723 133
724 107
725 77
726 133
727 530
728 399
729 13
730 26
731 19
732 10
733 19
734 17
735 26
736 14
737 13
738 11
739 19
740 28
741 5
742 30
743 28
744 12
745 5
746 0
747 106
748 47
749 41
750 181
751 143
752 21
753 76
754 84
755 56
756 110
757 27
758 66
759 9
760 7
761 4
762 13
763 106
764 26
765 40
766 10
767 21
768 26
769 27
770 21
771 4
772 3
773 59
774 16
775 51
776 26
777 52
778 26
779 48
780 7
781 11
782 35
783 17
784 11
785 8
786 4
787 8
788 0
789 4
790 0
791 0
792 1
793 0
794 0
795 0
796 0
797 0
798 0
799 0
800 1
801 6
802 73
803 30
804 75
805 130
806 150
807 75
808 36
809 150
810 150
811 182
812 17
813 134
814 182
815 55
816 182
817 182
818 6
819 97
820 24
821 17
822 17
823 251
824 146
825 36
826 18
827 88
828 40
829 6
830 0
831 211
832 106
833 63
834 168
835 15
836 52
837 265
838 80
839 141
840 115
841 86
842 107
843 133
844 122
845 66
846 18
847 36
848 4
849 305
850 29
851 92
852 80
853 80
854 18
855 8
856 25
857 13
858 27
859 20
860 46
861 34
862 53
863 106
864 72
865 111
866 21
867 47
868 0
869 9
870 12
871 20
872 38
873 11
874 73
875 2
876 22
877 9
878 0
879 37
880 91
881 50
882 35
883 9
884 4
885 27
886 2
887 4
888 36
889 4
890 11
891 2
892 13
893 13
894 24
895 51
896 18
897 27
898 8
899 9
900 18
901 21
902 15
903 10
904 17
905 4
906 46
907 38
908 12
909 139
910 10
911 36
912 21
913 21
914 3
915 1
916 2
917 1
918 1
919 98
920 61
921 36
922 27
923 12
924 2
925 18
926 11
927 4
928 36
929 110
930 106
931 110
932 133
933 12
934 38
935 109
936 36
937 73
938 125
939 267
940 5
941 61
942 61
943 28
944 28
945 61
946 11
947 5
;

param Ttarget := 
1 1 1000
2 1 1000
3 1 1000
4 1 1000
5 1 500
6 1 500
7 1 500
8 1 500
1 2 1000
2 2 1000
3 2 1000
4 2 1000
5 2 500
6 2 500
7 2 500
8 2 500
1 3 1000
2 3 1000
3 3 1000
4 3 1000
5 3 500
6 3 500
7 3 500
8 3 500
1 4 1000
2 4 1000
3 4 1000
4 4 1000
5 4 500
6 4 500
7 4 500
8 4 500
1 5 1000
2 5 1000
3 5 1000
4 5 1000
5 5 500
6 5 500
7 5 500
8 5 500
;

set Bannlisti := 
;
set Fixlisti := 
1 1 1 
2 2 1 
3 2 1 
4 2 1 
5 2 1 
6 2 1 
7 2 1 
8 2 1 
9 2 1 
10 2 1 
11 2 1 
12 2 1 
13 2 1 
14 2 1 
15 2 1 
16 2 1 
17 2 1 
18 2 1 
19 2 1 
20 3 1 
21 3 1 
22 3 1 
23 3 1 
24 3 1 
25 3 1 
26 3 1 
27 3 1 
28 3 1 
29 3 1 
30 3 1 
31 3 1 
32 3 1 
33 3 1 
34 3 1 
35 8 1 
36 8 1 
37 8 1 
38 6 1 
39 6 1 
40 6 1 
41 6 1 
42 6 1 
43 6 1 
44 6 1 
45 6 1 
46 6 1 
47 6 1 
48 6 1 
49 6 1 
50 6 1 
51 6 1 
52 6 1 
53 6 1 
54 6 1 
55 6 1 
56 6 1 
57 8 1 
58 6 1 
59 6 1 
60 6 1 
61 6 1 
62 6 1 
63 6 1 
64 6 1 
65 6 1 
66 6 1 
67 6 1 
68 8 1 
69 7 1 
70 6 1 
71 6 1 
72 8 1 
73 8 1 
74 8 1 
75 8 1 
76 8 1 
77 8 1 
78 7 1 
79 7 1 
80 7 1 
81 7 1 
82 8 1 
83 8 1 
84 7 1 
85 7 1 
86 7 1 
87 7 1 
88 7 1 
89 8 1 
90 8 1 
91 8 1 
92 8 1 
93 8 1 
94 7 1 
95 7 1 
96 7 1 
97 7 1 
98 7 1 
99 7 1 
100 7 1 
101 7 1 
102 8 1 
103 8 1 
104 8 1 
105 8 1 
106 8 1 
107 8 1 
108 8 1 
109 8 1 
110 8 1 
111 8 1 
112 8 1 
113 8 1 
114 8 1 
115 8 1 
116 8 1 
117 8 1 
118 8 1 
119 8 1 
120 8 1 
121 8 1 
122 8 1 
123 8 1 
124 8 1 
125 8 1 
126 8 1 
127 8 1 
128 8 1 
129 8 1 
130 8 1 
131 8 1 
132 8 1 
133 7 1 
134 7 1 
135 7 1 
136 7 1 
137 7 1 
138 8 1 
139 8 1 
140 8 1 
141 8 1 
142 8 1 
143 8 1 
144 8 1 
145 8 1 
146 8 1 
147 8 1 
148 8 1 
149 8 1 
150 8 1 
151 8 1 
152 8 1 
153 8 1 
154 8 1 
155 8 1 
156 8 1 
157 8 1 
158 8 1 
159 8 1 
160 8 1 
161 8 1 
162 8 1 
163 8 1 
164 7 1 
165 8 1 
166 1 1 
167 3 1 
168 8 1 
169 8 1 
170 1 1 
171 1 1 
172 1 2 
173 1 2 
174 1 2 
175 1 2 
176 1 2 
177 1 2 
178 1 2 
179 1 2 
180 1 1 
181 1 1 
182 1 2 
183 1 2 
184 1 1 
185 1 2 
186 1 2 
187 1 2 
188 1 2 
189 1 2 
190 1 2 
191 1 2 
192 1 2 
193 1 2 
194 1 2 
195 1 2 
196 1 1 
197 8 2 
198 2 2 
199 2 2 
200 2 2 
201 2 2 
202 2 2 
203 2 2 
204 2 2 
205 3 2 
206 3 2 
207 3 2 
208 3 2 
209 3 2 
210 3 2 
211 3 2 
212 3 2 
213 3 2 
214 3 2 
215 3 2 
216 3 2 
217 3 2 
218 3 2 
219 3 2 
220 3 2 
221 3 2 
222 3 2 
223 3 2 
224 3 2 
225 3 2 
226 3 2 
227 3 2 
228 3 2 
229 3 2 
230 3 2 
231 3 2 
232 3 2 
233 3 2 
234 3 2 
235 3 2 
236 3 2 
237 3 2 
238 3 2 
239 3 2 
240 3 2 
241 4 2 
242 3 2 
243 3 2 
244 3 2 
245 3 2 
246 3 2 
247 3 2 
248 3 2 
249 3 2 
250 3 2 
251 3 2 
252 3 2 
253 3 2 
254 3 2 
255 3 2 
256 3 2 
257 3 2 
258 3 2 
259 3 2 
260 3 2 
261 4 2 
262 6 2 
263 7 2 
264 7 2 
265 7 2 
266 7 2 
267 6 2 
268 6 2 
269 6 2 
270 6 2 
271 6 2 
272 6 2 
273 6 2 
274 6 2 
275 6 2 
276 6 2 
277 6 2 
278 6 2 
279 6 2 
280 6 2 
281 6 2 
282 6 2 
283 6 2 
284 8 2 
285 8 2 
286 8 2 
287 8 2 
288 8 2 
289 8 2 
290 8 2 
291 8 2 
292 8 2 
293 8 2 
294 8 2 
295 8 2 
296 8 2 
297 8 2 
298 8 2 
299 8 2 
300 8 2 
301 8 2 
302 8 2 
303 8 2 
304 7 2 
305 7 2 
306 7 2 
307 7 2 
308 7 2 
309 7 2 
310 7 2 
311 8 2 
312 8 2 
313 8 2 
314 8 2 
315 8 2 
316 8 2 
317 8 2 
318 8 2 
319 8 2 
320 8 2 
321 8 2 
322 7 2 
323 7 2 
324 8 2 
325 8 2 
326 8 2 
327 8 2 
328 8 2 
329 8 2 
330 8 2 
331 8 2 
332 7 2 
333 8 2 
334 8 2 
335 8 2 
336 8 2 
337 8 2 
338 8 2 
339 8 2 
340 8 2 
341 8 2 
342 8 2 
343 8 2 
344 1 2 
345 1 2 
346 1 2 
347 1 2 
348 1 2 
349 1 2 
350 1 2 
351 1 2 
352 1 2 
353 1 2 
354 1 2 
355 1 3 
356 1 3 
357 1 3 
358 1 3 
359 1 3 
360 1 3 
361 1 3 
362 1 3 
363 1 2 
364 1 2 
365 1 2 
366 1 3 
367 1 3 
368 1 3 
369 1 3 
370 1 3 
371 1 3 
372 1 2 
373 1 3 
374 1 3 
375 1 3 
376 1 3 
377 1 3 
378 1 3 
379 1 3 
380 1 3 
381 1 3 
382 1 3 
383 8 3 
384 8 3 
385 8 3 
386 8 3 
387 8 3 
388 3 3 
389 3 3 
390 3 3 
391 3 3 
392 3 3 
393 3 3 
394 3 3 
395 3 3 
396 3 3 
397 3 3 
398 3 3 
399 3 3 
400 3 3 
401 3 3 
402 3 3 
403 3 3 
404 3 3 
405 3 3 
406 3 3 
407 3 3 
408 3 3 
409 3 3 
410 3 3 
411 3 3 
412 3 3 
413 3 3 
414 3 3 
415 3 3 
416 3 3 
417 3 3 
418 3 3 
419 3 3 
420 3 3 
421 3 3 
422 3 3 
423 3 3 
424 3 3 
425 3 3 
426 3 3 
427 3 3 
428 3 3 
429 3 3 
430 4 3 
431 4 3 
432 4 3 
433 4 3 
434 4 3 
435 5 3 
436 4 3 
437 4 3 
438 4 3 
439 4 3 
440 4 3 
441 4 3 
442 4 3 
443 4 3 
444 4 3 
445 4 3 
446 5 3 
447 5 3 
448 5 3 
449 5 3 
450 4 3 
451 4 3 
452 4 3 
453 4 3 
454 4 3 
455 4 3 
456 6 3 
457 6 3 
458 6 3 
459 6 3 
460 6 3 
461 6 3 
462 6 3 
463 6 3 
464 6 3 
465 5 3 
466 5 3 
467 5 3 
468 5 3 
469 5 3 
470 5 3 
471 5 3 
472 5 3 
473 5 3 
474 5 3 
475 6 3 
476 6 3 
477 6 3 
478 6 3 
479 6 3 
480 6 3 
481 6 3 
482 6 3 
483 6 3 
484 6 3 
485 6 3 
486 6 3 
487 6 3 
488 6 3 
489 6 3 
490 6 3 
491 6 3 
492 6 3 
493 6 3 
494 6 3 
495 6 3 
496 6 3 
497 6 3 
498 5 3 
499 8 3 
500 8 3 
501 8 3 
502 8 3 
503 8 3 
504 8 3 
505 7 3 
506 8 3 
507 8 3 
508 7 3 
509 8 3 
510 8 3 
511 8 3 
512 3 3 
513 3 3 
514 3 3 
515 3 3 
516 3 3 
517 3 3 
518 3 3 
519 3 3 
520 3 3 
521 7 3 
522 7 3 
523 7 3 
524 7 3 
525 7 3 
526 7 3 
527 7 3 
528 7 3 
529 8 3 
530 8 3 
531 8 3 
532 8 3 
533 8 3 
534 8 3 
535 8 3 
536 8 3 
537 8 3 
538 8 3 
539 2 3 
540 2 3 
541 1 3 
542 1 3 
543 1 3 
544 1 3 
545 1 3 
546 1 3 
547 1 3 
548 1 3 
549 1 3 
550 1 3 
551 1 3 
552 1 3 
553 1 3 
554 1 3 
555 1 3 
556 1 3 
557 1 3 
558 1 3 
559 1 3 
560 1 3 
561 1 3 
562 1 3 
563 1 3 
564 1 3 
565 1 3 
566 1 3 
567 1 3 
568 1 3 
569 1 3 
570 1 3 
571 1 3 
572 1 3 
573 2 4 
574 2 4 
575 2 4 
576 8 4 
577 8 4 
578 8 4 
579 1 4 
580 1 4 
581 1 4 
582 2 4 
583 2 4 
584 2 4 
585 2 4 
586 2 4 
587 2 4 
588 2 4 
589 2 4 
590 2 4 
591 2 4 
592 2 4 
593 1 4 
594 1 4 
595 1 4 
596 1 4 
597 1 4 
598 1 4 
599 1 4 
600 1 4 
601 4 4 
602 4 4 
603 4 4 
604 1 4 
605 1 4 
606 1 4 
607 1 4 
608 1 4 
609 1 4 
610 2 4 
611 2 4 
612 2 4 
613 2 4 
614 2 4 
615 2 4 
616 2 4 
617 2 4 
618 2 4 
619 2 4 
620 8 4 
621 8 4 
622 8 4 
623 8 4 
624 8 4 
625 8 4 
626 8 4 
627 8 4 
628 8 4 
629 8 4 
630 8 4 
631 8 4 
632 8 4 
633 8 4 
634 8 4 
635 8 4 
636 8 4 
637 8 4 
638 8 4 
639 8 4 
640 8 4 
641 8 4 
642 8 4 
643 8 4 
644 8 4 
645 8 4 
646 8 4 
647 8 4 
648 8 4 
649 8 4 
650 8 4 
651 8 4 
652 8 4 
653 8 4 
654 1 4 
655 1 4 
656 1 4 
657 1 4 
658 1 4 
659 1 4 
660 1 4 
661 1 4 
662 1 4 
663 1 4 
664 1 4 
665 8 4 
666 8 4 
667 8 4 
668 8 4 
669 8 4 
670 3 4 
671 3 4 
672 3 4 
673 4 4 
674 2 4 
675 3 4 
676 3 4 
677 3 4 
678 3 4 
679 3 4 
680 3 4 
681 3 4 
682 3 4 
683 3 4 
684 3 4 
685 3 4 
686 3 4 
687 3 4 
688 3 4 
689 3 4 
690 3 4 
691 3 4 
692 3 4 
693 3 4 
694 3 4 
695 3 4 
696 3 4 
697 3 4 
698 3 4 
699 3 4 
700 3 4 
701 3 4 
702 3 4 
703 3 4 
704 3 4 
705 3 4 
706 3 4 
707 3 4 
708 3 4 
709 3 4 
710 2 4 
711 7 4 
712 7 4 
713 7 4 
714 7 4 
715 7 4 
716 7 4 
717 7 4 
718 7 4 
719 8 4 
720 8 4 
721 2 4 
722 8 4 
723 6 4 
724 6 4 
725 6 4 
726 6 4 
727 6 4 
728 6 4 
729 6 4 
730 6 4 
731 6 4 
732 6 4 
733 6 4 
734 6 4 
735 6 4 
736 6 4 
737 7 4 
738 7 4 
739 7 4 
740 7 4 
741 7 4 
742 7 4 
743 7 4 
744 7 4 
745 7 4 
746 7 4 
747 7 4 
748 7 4 
749 7 4 
750 7 4 
751 7 4 
752 7 4 
753 7 4 
754 7 4 
755 7 4 
756 7 4 
757 8 4 
758 8 4 
759 8 4 
760 8 4 
761 8 4 
762 8 4 
763 7 4 
764 7 4 
765 7 4 
766 8 4 
767 8 4 
768 8 4 
769 7 4 
770 7 4 
771 7 4 
772 8 4 
773 7 4 
774 7 4 
775 7 4 
776 7 4 
777 7 4 
778 7 4 
779 7 4 
780 7 4 
781 7 4 
782 7 4 
783 7 4 
784 7 4 
785 8 4 
786 8 4 
787 8 4 
788 8 4 
789 8 4 
790 1 4 
791 1 4 
792 1 4 
793 1 4 
794 1 4 
795 4 4 
796 6 4 
797 6 4 
798 6 4 
799 6 4 
800 2 4 
801 1 4 
802 1 5 
803 1 5 
804 1 4 
805 1 4 
806 1 4 
807 1 4 
808 1 4 
809 1 4 
810 1 4 
811 1 4 
812 1 4 
813 1 4 
814 1 4 
815 1 4 
816 1 4 
817 1 4 
818 1 5 
819 1 4 
820 1 4 
821 1 4 
822 1 4 
823 1 4 
824 1 4 
825 1 4 
826 1 4 
827 1 4 
828 1 4 
829 2 5 
830 2 5 
831 2 5 
832 2 5 
833 2 5 
834 2 5 
835 3 5 
836 3 5 
837 3 5 
838 3 5 
839 3 5 
840 3 5 
841 3 5 
842 3 5 
843 3 5 
844 3 5 
845 3 5 
846 8 5 
847 5 5 
848 5 5 
849 6 5 
850 6 5 
851 6 5 
852 6 5 
853 6 5 
854 6 5 
855 6 5 
856 6 5 
857 6 5 
858 6 5 
859 6 5 
860 6 5 
861 6 5 
862 6 5 
863 6 5 
864 6 5 
865 6 5 
866 6 5 
867 6 5 
868 6 5 
869 6 5 
870 3 5 
871 3 5 
872 8 5 
873 8 5 
874 4 5 
875 8 5 
876 8 5 
877 8 5 
878 8 5 
879 8 5 
880 7 5 
881 8 5 
882 8 5 
883 8 5 
884 8 5 
885 8 5 
886 8 5 
887 8 5 
888 8 5 
889 8 5 
890 8 5 
891 8 5 
892 8 5 
893 8 5 
894 7 5 
895 7 5 
896 7 5 
897 7 5 
898 7 5 
899 7 5 
900 7 5 
901 7 5 
902 7 5 
903 7 5 
904 7 5 
905 7 5 
906 7 5 
907 7 5 
908 7 5 
909 7 5 
910 7 5 
911 8 5 
912 8 5 
913 8 5 
914 8 5 
915 7 5 
916 7 5 
917 7 5 
918 7 5 
919 8 5 
920 8 5 
921 8 5 
922 8 5 
923 8 5 
924 8 5 
925 1 5 
926 1 5 
927 1 5 
928 1 5 
929 1 5 
930 1 5 
931 1 5 
932 1 5 
933 1 5 
934 1 5 
935 1 5 
936 1 5 
937 1 5 
938 1 5 
939 1 5 
940 1 5 
941 1 5 
942 1 5 
943 1 5 
944 1 5 
945 1 5 
946 1 5 
947 1 5 
;
end;
