param S := 796;
param T := 8;
param D := 5;
param windowsize := 0;

param A := 
1 2
2 0
3 1
4 9
5 2
6 14
7 4
8 9
9 17
10 36
11 0
12 36
13 80
14 186
15 31
16 24
17 10
18 10
19 27
20 6
21 14
22 4
23 4
24 4
25 20
26 158
27 44
28 55
29 7
30 4
31 1
32 1
33 60
34 4
35 2
36 7
37 4
38 12
39 43
40 52
41 24
42 19
43 24
44 24
45 12
46 7
47 81
48 22
49 106
50 133
51 86
52 60
53 13
54 9
55 4
56 32
57 265
58 13
59 13
60 7
61 4
62 5
63 7
64 45
65 7
66 215
67 179
68 60
69 72
70 7
71 4
72 11
73 4
74 32
75 5
76 12
77 2
78 4
79 2
80 7
81 4
82 2
83 48
84 9
85 13
86 7
87 22
88 9
89 14
90 5
91 9
92 27
93 14
94 7
95 9
96 27
97 9
98 5
99 15
100 5
101 13
102 7
103 44
104 7
105 51
106 27
107 2
108 7
109 61
110 4
111 9
112 126
113 42
114 46
115 18
116 18
117 57
118 88
119 22
120 12
121 2
122 28
123 28
124 7
125 7
126 3
127 7
128 48
129 48
130 12
131 6
132 1
133 12
134 2
135 4
136 4
137 11
138 2
139 4
140 9
141 4
142 12
143 68
144 5
145 1
146 5
147 12
148 7
149 4
150 1
151 6
152 5
153 127
154 9
155 2
156 2
157 4
158 2
159 55
160 55
161 36
162 36
163 75
164 12
165 25
166 50
167 97
168 12
169 5
170 81
171 40
172 106
173 79
174 52
175 101
176 40
177 59
178 37
179 14
180 18
181 61
182 5
183 61
184 28
185 61
186 14
187 12
188 134
189 5
190 5
191 5
192 5
193 122
194 5
195 73
196 2
197 23
198 32
199 13
200 73
201 5
202 2
203 4
204 5
205 22
206 27
207 44
208 88
209 65
210 88
211 40
212 13
213 4
214 4
215 169
216 84
217 48
218 190
219 19
220 5
221 63
222 63
223 73
224 63
225 51
226 36
227 5
228 61
229 5
230 24
231 112
232 267
233 154
234 2
235 265
236 21
237 7
238 2
239 8
240 146
241 104
242 42
243 107
244 80
245 86
246 122
247 358
248 86
249 71
250 23
251 36
252 11
253 44
254 53
255 7
256 55
257 177
258 4
259 26
260 6
261 16
262 16
263 22
264 44
265 22
266 14
267 22
268 20
269 44
270 13
271 12
272 44
273 13
274 11
275 4
276 18
277 121
278 13
279 24
280 88
281 320
282 107
283 18
284 36
285 64
286 14
287 9
288 19
289 7
290 9
291 24
292 9
293 19
294 40
295 0
296 35
297 22
298 36
299 15
300 5
301 221
302 36
303 123
304 86
305 185
306 106
307 86
308 86
309 179
310 5
311 9
312 6
313 6
314 5
315 6
316 14
317 157
318 65
319 36
320 221
321 141
322 0
323 55
324 54
325 28
326 106
327 133
328 265
329 64
330 2
331 9
332 27
333 18
334 8
335 6
336 18
337 333
338 44
339 22
340 125
341 113
342 53
343 27
344 23
345 55
346 76
347 249
348 68
349 42
350 28
351 53
352 7
353 5
354 35
355 8
356 4
357 4
358 4
359 2
360 46
361 18
362 19
363 139
364 72
365 0
366 9
367 0
368 9
369 2
370 9
371 4
372 15
373 26
374 9
375 35
376 7
377 17
378 17
379 0
380 30
381 15
382 61
383 45
384 1
385 6
386 24
387 1
388 9
389 4
390 1
391 0
392 1
393 3
394 8
395 30
396 5
397 3
398 4
399 8
400 7
401 5
402 0
403 1
404 1
405 4
406 2
407 133
408 106
409 50
410 25
411 25
412 9
413 0
414 17
415 47
416 152
417 219
418 47
419 52
420 79
421 48
422 81
423 96
424 124
425 0
426 73
427 55
428 55
429 75
430 109
431 146
432 26
433 128
434 36
435 474
436 80
437 4
438 2
439 120
440 54
441 76
442 4
443 7
444 7
445 5
446 2
447 4
448 5
449 2
450 4
451 76
452 6
453 35
454 27
455 25
456 38
457 4
458 9
459 5
460 106
461 64
462 222
463 107
464 265
465 88
466 106
467 106
468 133
469 29
470 4
471 11
472 1
473 1
474 28
475 32
476 6
477 3
478 9
479 9
480 12
481 33
482 32
483 9
484 7
485 13
486 18
487 15
488 6
489 1
490 1
491 40
492 42
493 51
494 26
495 5
496 134
497 12
498 3
499 109
500 73
501 11
502 10
503 5
504 5
505 73
506 73
507 73
508 109
509 146
510 63
511 219
512 35
513 12
514 19
515 8
516 2
517 4
518 2
519 18
520 9
521 24
522 12
523 12
524 7
525 66
526 33
527 66
528 159
529 7
530 5
531 5
532 18
533 4
534 4
535 6
536 5
537 10
538 10
539 4
540 10
541 18
542 6
543 18
544 14
545 9
546 16
547 9
548 129
549 66
550 7
551 9
552 2
553 2
554 4
555 12
556 60
557 52
558 48
559 12
560 36
561 9
562 3
563 12
564 0
565 24
566 3
567 107
568 44
569 22
570 12
571 36
572 18
573 4
574 18
575 6
576 5
577 12
578 8
579 52
580 48
581 19
582 51
583 31
584 11
585 5
586 11
587 11
588 14
589 8
590 5
591 4
592 135
593 92
594 109
595 66
596 7
597 110
598 11
599 13
600 18
601 4
602 4
603 13
604 17
605 8
606 17
607 8
608 4
609 11
610 14
611 133
612 104
613 76
614 34
615 9
616 2
617 12
618 73
619 7
620 68
621 3
622 1
623 4
624 3
625 1
626 50
627 50
628 100
629 24
630 201
631 75
632 17
633 17
634 122
635 91
636 182
637 109
638 182
639 16
640 43
641 4
642 44
643 45
644 22
645 43
646 4
647 13
648 22
649 4
650 4
651 23
652 9
653 9
654 9
655 94
656 231
657 52
658 411
659 72
660 85
661 19
662 38
663 9
664 5
665 5
666 47
667 62
668 150
669 107
670 265
671 0
672 118
673 93
674 66
675 55
676 18
677 18
678 15
679 11
680 9
681 127
682 0
683 15
684 23
685 48
686 47
687 65
688 28
689 25
690 40
691 31
692 31
693 13
694 16
695 11
696 4
697 8
698 4
699 11
700 13
701 4
702 9
703 13
704 4
705 66
706 9
707 4
708 4
709 4
710 90
711 18
712 110
713 44
714 66
715 27
716 4
717 9
718 4
719 12
720 4
721 4
722 4
723 22
724 31
725 0
726 4
727 2
728 15
729 2
730 4
731 0
732 4
733 44
734 12
735 9
736 40
737 11
738 4
739 33
740 4
741 5
742 3
743 12
744 9
745 9
746 12
747 12
748 44
749 106
750 80
751 66
752 23
753 11
754 9
755 4
756 18
757 20
758 8
759 28
760 16
761 5
762 8
763 5
764 5
765 4
766 0
767 3
768 96
769 88
770 44
771 221
772 106
773 0
774 110
775 107
776 221
777 106
778 150
779 125
780 150
781 182
782 91
783 91
784 0
785 106
786 100
787 133
788 106
789 16
790 7
791 168
792 133
793 106
794 113
795 96
796 0
;

param Ttarget := 
1 1 1000
2 1 1000
3 1 1000
4 1 1000
5 1 500
6 1 500
7 1 500
8 1 500
1 2 1000
2 2 1000
3 2 1000
4 2 1000
5 2 500
6 2 500
7 2 500
8 2 500
1 3 1000
2 3 1000
3 3 1000
4 3 1000
5 3 500
6 3 500
7 3 500
8 3 500
1 4 1000
2 4 1000
3 4 1000
4 4 1000
5 4 500
6 4 500
7 4 500
8 4 500
1 5 1000
2 5 1000
3 5 1000
4 5 1000
5 5 500
6 5 500
7 5 500
8 5 500
;

set Bannlisti := 
;
set Fixlisti := 
1 1 1 
2 2 1 
3 1 1 
4 3 1 
5 1 1 
6 6 1 
7 6 1 
8 3 1 
9 3 1 
10 3 1 
11 3 1 
12 3 1 
13 3 1 
14 3 1 
15 3 1 
16 3 1 
17 3 1 
18 3 1 
19 3 1 
20 3 1 
21 8 1 
22 8 1 
23 8 1 
24 8 1 
25 8 1 
26 8 1 
27 8 1 
28 8 1 
29 8 1 
30 8 1 
31 8 1 
32 8 1 
33 8 1 
34 8 1 
35 8 1 
36 8 1 
37 8 1 
38 4 1 
39 4 1 
40 4 1 
41 4 1 
42 4 1 
43 4 1 
44 4 1 
45 4 1 
46 4 1 
47 4 1 
48 4 1 
49 4 1 
50 4 1 
51 4 1 
52 4 1 
53 4 1 
54 4 1 
55 8 1 
56 5 1 
57 5 1 
58 5 1 
59 5 1 
60 5 1 
61 5 1 
62 5 1 
63 5 1 
64 5 1 
65 5 1 
66 5 1 
67 5 1 
68 5 1 
69 5 1 
70 5 1 
71 5 1 
72 5 1 
73 5 1 
74 5 1 
75 5 1 
76 5 1 
77 5 1 
78 5 1 
79 5 1 
80 5 1 
81 5 1 
82 5 1 
83 5 1 
84 5 1 
85 5 1 
86 5 1 
87 5 1 
88 5 1 
89 7 1 
90 8 1 
91 8 1 
92 8 1 
93 8 1 
94 8 1 
95 8 1 
96 8 1 
97 8 1 
98 8 1 
99 8 1 
100 8 1 
101 7 1 
102 7 1 
103 5 1 
104 5 1 
105 5 1 
106 5 1 
107 5 1 
108 5 1 
109 8 1 
110 8 1 
111 8 1 
112 7 1 
113 7 1 
114 7 1 
115 7 1 
116 7 1 
117 7 1 
118 7 1 
119 7 1 
120 8 1 
121 8 1 
122 8 1 
123 8 1 
124 8 1 
125 8 1 
126 8 1 
127 8 1 
128 3 1 
129 3 1 
130 3 1 
131 3 1 
132 3 1 
133 3 1 
134 3 1 
135 7 1 
136 7 1 
137 7 1 
138 7 1 
139 8 1 
140 8 1 
141 8 1 
142 8 1 
143 8 1 
144 8 1 
145 8 1 
146 8 1 
147 8 1 
148 8 1 
149 8 1 
150 8 1 
151 8 1 
152 8 1 
153 3 1 
154 3 1 
155 3 1 
156 3 1 
157 1 1 
158 6 1 
159 1 1 
160 1 1 
161 1 1 
162 1 1 
163 1 1 
164 1 1 
165 1 1 
166 1 1 
167 1 1 
168 1 1 
169 1 1 
170 1 1 
171 1 1 
172 1 1 
173 1 1 
174 1 1 
175 1 1 
176 1 1 
177 1 1 
178 1 1 
179 1 1 
180 1 1 
181 1 1 
182 1 1 
183 1 1 
184 1 1 
185 1 1 
186 1 1 
187 1 1 
188 1 1 
189 1 1 
190 1 1 
191 1 1 
192 1 1 
193 1 1 
194 2 2 
195 2 2 
196 2 2 
197 2 2 
198 4 2 
199 4 2 
200 4 2 
201 2 2 
202 2 2 
203 2 2 
204 2 2 
205 2 2 
206 2 2 
207 2 2 
208 2 2 
209 2 2 
210 2 2 
211 2 2 
212 2 2 
213 2 2 
214 8 2 
215 2 2 
216 2 2 
217 2 2 
218 2 2 
219 2 2 
220 2 2 
221 2 2 
222 2 2 
223 2 2 
224 2 2 
225 2 2 
226 2 2 
227 8 2 
228 8 2 
229 8 2 
230 2 2 
231 2 2 
232 2 2 
233 2 2 
234 2 2 
235 3 2 
236 3 2 
237 3 2 
238 3 2 
239 3 2 
240 3 2 
241 3 2 
242 3 2 
243 3 2 
244 3 2 
245 3 2 
246 3 2 
247 3 2 
248 3 2 
249 3 2 
250 3 2 
251 3 2 
252 3 2 
253 3 2 
254 3 2 
255 3 2 
256 3 2 
257 3 2 
258 3 2 
259 8 2 
260 8 2 
261 8 2 
262 3 2 
263 3 2 
264 3 2 
265 3 2 
266 3 2 
267 3 2 
268 3 2 
269 3 2 
270 3 2 
271 3 2 
272 8 2 
273 8 2 
274 8 2 
275 8 2 
276 8 2 
277 8 2 
278 8 2 
279 8 2 
280 8 2 
281 8 2 
282 8 2 
283 8 2 
284 8 2 
285 8 2 
286 8 2 
287 8 2 
288 8 2 
289 8 2 
290 8 2 
291 8 2 
292 3 2 
293 8 2 
294 8 2 
295 8 2 
296 8 2 
297 3 2 
298 8 2 
299 8 2 
300 8 2 
301 6 2 
302 6 2 
303 6 2 
304 6 2 
305 6 2 
306 6 2 
307 6 2 
308 6 2 
309 6 2 
310 6 2 
311 6 2 
312 6 2 
313 6 2 
314 6 2 
315 6 2 
316 6 2 
317 6 2 
318 6 2 
319 6 2 
320 6 2 
321 6 2 
322 6 2 
323 6 2 
324 6 2 
325 6 2 
326 6 2 
327 6 2 
328 6 2 
329 6 2 
330 6 2 
331 6 2 
332 6 2 
333 6 2 
334 6 2 
335 6 2 
336 6 2 
337 6 2 
338 7 2 
339 6 2 
340 6 2 
341 6 2 
342 6 2 
343 6 2 
344 6 2 
345 6 2 
346 6 2 
347 6 2 
348 6 2 
349 6 2 
350 6 2 
351 6 2 
352 8 2 
353 8 2 
354 8 2 
355 7 2 
356 7 2 
357 7 2 
358 7 2 
359 7 2 
360 7 2 
361 7 2 
362 7 2 
363 7 2 
364 7 2 
365 7 2 
366 7 2 
367 7 2 
368 7 2 
369 1 2 
370 7 2 
371 7 2 
372 8 2 
373 7 2 
374 7 2 
375 7 2 
376 7 2 
377 7 2 
378 7 2 
379 7 2 
380 7 2 
381 7 2 
382 7 2 
383 7 2 
384 7 2 
385 7 2 
386 7 2 
387 7 2 
388 7 2 
389 7 2 
390 7 2 
391 7 2 
392 7 2 
393 7 2 
394 7 2 
395 7 2 
396 7 2 
397 7 2 
398 7 2 
399 7 2 
400 8 2 
401 7 2 
402 7 2 
403 7 2 
404 7 2 
405 7 2 
406 7 2 
407 1 2 
408 1 2 
409 1 2 
410 1 2 
411 1 2 
412 1 2 
413 1 3 
414 1 3 
415 1 3 
416 1 3 
417 1 3 
418 1 3 
419 1 3 
420 1 3 
421 1 3 
422 1 3 
423 1 3 
424 1 3 
425 1 3 
426 1 3 
427 1 3 
428 1 3 
429 1 3 
430 2 3 
431 2 3 
432 2 3 
433 2 3 
434 2 3 
435 2 3 
436 2 3 
437 8 3 
438 8 3 
439 8 3 
440 8 3 
441 8 3 
442 8 3 
443 8 3 
444 8 3 
445 8 3 
446 8 3 
447 8 3 
448 8 3 
449 8 3 
450 3 3 
451 3 3 
452 3 3 
453 3 3 
454 3 3 
455 3 3 
456 3 3 
457 3 3 
458 3 3 
459 3 3 
460 3 3 
461 3 3 
462 3 3 
463 3 3 
464 3 3 
465 3 3 
466 3 3 
467 3 3 
468 3 3 
469 3 3 
470 3 3 
471 3 3 
472 2 3 
473 2 3 
474 8 3 
475 7 3 
476 8 3 
477 8 3 
478 8 3 
479 8 3 
480 8 3 
481 8 3 
482 8 3 
483 8 3 
484 8 3 
485 8 3 
486 8 3 
487 8 3 
488 1 3 
489 1 3 
490 1 3 
491 1 3 
492 1 3 
493 1 3 
494 1 3 
495 1 3 
496 1 3 
497 1 3 
498 1 3 
499 1 3 
500 1 3 
501 1 3 
502 1 3 
503 1 3 
504 1 3 
505 1 3 
506 1 3 
507 1 3 
508 1 3 
509 1 3 
510 2 4 
511 2 4 
512 2 4 
513 2 4 
514 2 4 
515 2 4 
516 2 4 
517 2 4 
518 2 4 
519 2 4 
520 3 4 
521 3 4 
522 3 4 
523 3 4 
524 3 4 
525 3 4 
526 3 4 
527 3 4 
528 3 4 
529 8 4 
530 8 4 
531 8 4 
532 8 4 
533 8 4 
534 8 4 
535 8 4 
536 8 4 
537 8 4 
538 8 4 
539 8 4 
540 8 4 
541 8 4 
542 8 4 
543 8 4 
544 8 4 
545 8 4 
546 8 4 
547 8 4 
548 8 4 
549 8 4 
550 8 4 
551 8 4 
552 8 4 
553 8 4 
554 8 4 
555 4 4 
556 4 4 
557 4 4 
558 4 4 
559 4 4 
560 4 4 
561 4 4 
562 4 4 
563 4 4 
564 4 4 
565 4 4 
566 8 4 
567 4 4 
568 4 4 
569 4 4 
570 8 4 
571 8 4 
572 8 4 
573 8 4 
574 8 4 
575 8 4 
576 8 4 
577 8 4 
578 8 4 
579 7 4 
580 7 4 
581 7 4 
582 7 4 
583 8 4 
584 8 4 
585 8 4 
586 7 4 
587 7 4 
588 7 4 
589 7 4 
590 7 4 
591 7 4 
592 7 4 
593 7 4 
594 7 4 
595 7 4 
596 7 4 
597 7 4 
598 7 4 
599 7 4 
600 7 4 
601 7 4 
602 7 4 
603 7 4 
604 8 4 
605 8 4 
606 8 4 
607 8 4 
608 8 4 
609 7 4 
610 7 4 
611 7 4 
612 7 4 
613 6 4 
614 7 4 
615 7 4 
616 8 4 
617 8 4 
618 8 4 
619 8 4 
620 8 4 
621 8 4 
622 8 4 
623 8 4 
624 8 4 
625 1 5 
626 1 5 
627 1 5 
628 1 5 
629 1 5 
630 1 5 
631 1 5 
632 1 5 
633 1 5 
634 1 5 
635 1 5 
636 2 5 
637 2 5 
638 2 5 
639 4 5 
640 5 5 
641 5 5 
642 5 5 
643 5 5 
644 5 5 
645 5 5 
646 5 5 
647 5 5 
648 5 5 
649 1 5 
650 1 5 
651 4 5 
652 6 5 
653 6 5 
654 6 5 
655 6 5 
656 6 5 
657 6 5 
658 6 5 
659 6 5 
660 6 5 
661 6 5 
662 6 5 
663 6 5 
664 6 5 
665 6 5 
666 6 5 
667 6 5 
668 6 5 
669 6 5 
670 6 5 
671 6 5 
672 6 5 
673 6 5 
674 6 5 
675 6 5 
676 5 5 
677 5 5 
678 5 5 
679 5 5 
680 5 5 
681 8 5 
682 6 5 
683 6 5 
684 6 5 
685 6 5 
686 6 5 
687 6 5 
688 6 5 
689 6 5 
690 7 5 
691 7 5 
692 7 5 
693 7 5 
694 7 5 
695 7 5 
696 7 5 
697 8 5 
698 8 5 
699 8 5 
700 8 5 
701 8 5 
702 8 5 
703 8 5 
704 8 5 
705 8 5 
706 8 5 
707 8 5 
708 8 5 
709 8 5 
710 7 5 
711 7 5 
712 7 5 
713 7 5 
714 7 5 
715 7 5 
716 7 5 
717 7 5 
718 7 5 
719 7 5 
720 7 5 
721 7 5 
722 8 5 
723 8 5 
724 8 5 
725 8 5 
726 8 5 
727 8 5 
728 8 5 
729 8 5 
730 8 5 
731 8 5 
732 8 5 
733 8 5 
734 8 5 
735 8 5 
736 8 5 
737 8 5 
738 8 5 
739 8 5 
740 8 5 
741 8 5 
742 8 5 
743 8 5 
744 8 5 
745 8 5 
746 8 5 
747 8 5 
748 8 5 
749 8 5 
750 8 5 
751 8 5 
752 8 5 
753 8 5 
754 8 5 
755 8 5 
756 8 5 
757 8 5 
758 8 5 
759 8 5 
760 8 5 
761 8 5 
762 8 5 
763 8 5 
764 8 5 
765 8 5 
766 8 5 
767 8 5 
768 8 5 
769 1 5 
770 1 5 
771 1 5 
772 1 5 
773 1 5 
774 1 5 
775 1 5 
776 1 5 
777 1 5 
778 1 5 
779 1 5 
780 1 5 
781 1 5 
782 1 5 
783 1 5 
784 1 5 
785 1 5 
786 1 5 
787 1 5 
788 1 5 
789 1 5 
790 1 5 
791 1 5 
792 1 5 
793 1 5 
794 1 5 
795 1 5 
796 1 5 
;
end;
