param S := 479;
param T := 8;
param D := 5;
param windowsize := 0;

param A := 
1 14
2 6
3 6
4 193
5 169
6 63
7 79
8 14
9 26
10 22
11 16
12 13
13 9
14 17
15 35
16 24
17 36
18 69
19 9
20 48
21 24
22 1
23 48
24 52
25 133
26 55
27 106
28 86
29 36
30 20
31 40
32 7
33 44
34 1
35 2
36 125
37 179
38 100
39 215
40 31
41 107
42 2
43 18
44 9
45 50
46 9
47 35
48 44
49 18
50 15
51 90
52 52
53 5
54 6
55 4
56 8
57 0
58 5
59 2
60 12
61 37
62 9
63 92
64 28
65 45
66 5
67 4
68 13
69 18
70 11
71 66
72 133
73 12
74 9
75 7
76 2
77 2
78 36
79 66
80 7
81 33
82 27
83 1
84 1
85 25
86 4
87 2
88 6
89 4
90 7
91 23
92 30
93 18
94 6
95 11
96 5
97 1
98 1
99 3
100 3
101 0
102 12
103 14
104 14
105 6
106 14
107 145
108 88
109 10
110 5
111 4
112 1
113 2
114 2
115 5
116 48
117 12
118 6
119 6
120 4
121 0
122 2
123 9
124 0
125 14
126 18
127 14
128 81
129 158
130 81
131 162
132 10
133 22
134 37
135 13
136 317
137 126
138 5
139 69
140 46
141 88
142 24
143 44
144 55
145 76
146 156
147 215
148 30
149 28
150 24
151 125
152 24
153 73
154 146
155 128
156 182
157 56
158 364
159 26
160 125
161 125
162 13
163 8
164 21
165 134
166 0
167 9
168 74
169 69
170 88
171 35
172 179
173 9
174 22
175 110
176 54
177 474
178 510
179 51
180 73
181 51
182 146
183 104
184 52
185 222
186 265
187 215
188 106
189 150
190 107
191 215
192 88
193 7
194 38
195 8
196 14
197 0
198 13
199 4
200 9
201 9
202 14
203 72
204 137
205 76
206 11
207 72
208 177
209 7
210 88
211 72
212 98
213 86
214 159
215 39
216 7
217 4
218 6
219 2
220 30
221 4
222 22
223 1
224 11
225 88
226 13
227 257
228 129
229 9
230 26
231 18
232 16
233 11
234 1
235 6
236 7
237 9
238 4
239 8
240 4
241 13
242 4
243 100
244 7
245 67
246 1
247 1
248 2
249 42
250 52
251 66
252 265
253 18
254 150
255 411
256 215
257 72
258 18
259 9
260 9
261 1
262 55
263 41
264 11
265 72
266 40
267 221
268 133
269 4
270 27
271 7
272 9
273 9
274 16
275 7
276 9
277 13
278 18
279 4
280 7
281 9
282 5
283 110
284 86
285 86
286 179
287 38
288 133
289 133
290 18
291 14
292 4
293 13
294 8
295 97
296 26
297 9
298 19
299 11
300 12
301 48
302 28
303 7
304 11
305 53
306 20
307 106
308 53
309 19
310 40
311 133
312 107
313 7
314 9
315 5
316 9
317 9
318 10
319 13
320 8
321 107
322 35
323 9
324 13
325 18
326 17
327 1
328 32
329 6
330 27
331 27
332 7
333 9
334 9
335 13
336 5
337 36
338 18
339 33
340 9
341 12
342 32
343 2
344 5
345 0
346 51
347 91
348 182
349 267
350 24
351 25
352 125
353 17
354 17
355 228
356 212
357 133
358 248
359 238
360 162
361 144
362 94
363 336
364 64
365 268
366 221
367 107
368 133
369 281
370 3
371 19
372 55
373 23
374 164
375 52
376 36
377 84
378 36
379 134
380 60
381 63
382 134
383 1
384 2
385 4
386 4
387 0
388 24
389 4
390 2
391 1
392 1
393 27
394 13
395 13
396 13
397 16
398 4
399 1
400 8
401 11
402 86
403 35
404 133
405 4
406 179
407 7
408 9
409 20
410 2
411 2
412 2
413 4
414 61
415 12
416 0
417 13
418 18
419 5
420 24
421 24
422 7
423 1
424 0
425 7
426 1
427 0
428 1
429 0
430 1
431 1
432 4
433 1
434 24
435 52
436 60
437 19
438 48
439 36
440 36
441 2
442 12
443 4
444 2
445 129
446 12
447 107
448 88
449 7
450 22
451 19
452 11
453 7
454 12
455 182
456 55
457 109
458 146
459 125
460 201
461 65
462 81
463 8
464 0
465 38
466 46
467 71
468 219
469 51
470 76
471 59
472 19
473 107
474 33
475 44
476 6
477 6
478 13
479 9
;

param Ttarget := 
1 1 1000
2 1 1000
3 1 1000
4 1 1000
5 1 500
6 1 500
7 1 500
8 1 500
1 2 1000
2 2 1000
3 2 1000
4 2 1000
5 2 500
6 2 500
7 2 500
8 2 500
1 3 1000
2 3 1000
3 3 1000
4 3 1000
5 3 500
6 3 500
7 3 500
8 3 500
1 4 1000
2 4 1000
3 4 1000
4 4 1000
5 4 500
6 4 500
7 4 500
8 4 500
1 5 1000
2 5 1000
3 5 1000
4 5 1000
5 5 500
6 5 500
7 5 500
8 5 500
;

set Bannlisti := 
;
set Fixlisti := 
1 1 1 
2 1 1 
3 7 1 
4 1 1 
5 2 1 
6 2 1 
7 2 1 
8 2 1 
9 2 1 
10 3 1 
11 3 1 
12 3 1 
13 3 1 
14 3 1 
15 3 1 
16 3 1 
17 3 1 
18 4 1 
19 4 1 
20 4 1 
21 4 1 
22 4 1 
23 4 1 
24 4 1 
25 4 1 
26 4 1 
27 4 1 
28 4 1 
29 4 1 
30 4 1 
31 4 1 
32 4 1 
33 4 1 
34 4 1 
35 8 1 
36 5 1 
37 5 1 
38 5 1 
39 5 1 
40 5 1 
41 5 1 
42 5 1 
43 5 1 
44 5 1 
45 5 1 
46 5 1 
47 5 1 
48 5 1 
49 5 1 
50 5 1 
51 5 1 
52 7 1 
53 7 1 
54 7 1 
55 7 1 
56 7 1 
57 5 1 
58 8 1 
59 8 1 
60 7 1 
61 7 1 
62 7 1 
63 7 1 
64 7 1 
65 7 1 
66 7 1 
67 7 1 
68 7 1 
69 7 1 
70 7 1 
71 7 1 
72 7 1 
73 7 1 
74 7 1 
75 7 1 
76 7 1 
77 7 1 
78 5 1 
79 5 1 
80 5 1 
81 7 1 
82 7 1 
83 7 1 
84 7 1 
85 7 1 
86 7 1 
87 7 1 
88 7 1 
89 7 1 
90 7 1 
91 7 1 
92 7 1 
93 7 1 
94 8 1 
95 8 1 
96 8 1 
97 7 1 
98 7 1 
99 7 1 
100 7 1 
101 7 1 
102 8 1 
103 8 1 
104 8 1 
105 8 1 
106 8 1 
107 1 1 
108 5 1 
109 8 1 
110 8 1 
111 8 1 
112 8 1 
113 8 1 
114 8 1 
115 8 1 
116 3 1 
117 3 1 
118 3 1 
119 3 1 
120 8 1 
121 7 1 
122 6 1 
123 1 1 
124 1 1 
125 1 1 
126 1 2 
127 1 2 
128 1 2 
129 1 2 
130 1 2 
131 1 2 
132 1 2 
133 1 2 
134 1 2 
135 1 2 
136 1 2 
137 1 2 
138 1 2 
139 1 2 
140 1 2 
141 1 2 
142 1 2 
143 1 2 
144 1 2 
145 1 2 
146 1 2 
147 1 2 
148 1 2 
149 1 2 
150 1 2 
151 1 2 
152 1 2 
153 1 2 
154 1 2 
155 1 2 
156 1 2 
157 1 2 
158 1 2 
159 1 2 
160 1 2 
161 1 2 
162 2 2 
163 2 2 
164 2 2 
165 1 2 
166 2 2 
167 2 2 
168 2 2 
169 2 2 
170 2 2 
171 2 2 
172 2 2 
173 2 2 
174 2 2 
175 2 2 
176 2 2 
177 2 2 
178 2 2 
179 2 2 
180 2 2 
181 2 2 
182 3 2 
183 3 2 
184 3 2 
185 3 2 
186 3 2 
187 3 2 
188 3 2 
189 3 2 
190 3 2 
191 3 2 
192 3 2 
193 3 2 
194 3 2 
195 3 2 
196 3 2 
197 3 2 
198 3 2 
199 3 2 
200 3 2 
201 3 2 
202 3 2 
203 3 2 
204 3 2 
205 3 2 
206 3 2 
207 3 2 
208 3 2 
209 3 2 
210 3 2 
211 3 2 
212 3 2 
213 3 2 
214 3 2 
215 8 2 
216 8 2 
217 8 2 
218 8 2 
219 8 2 
220 8 2 
221 8 2 
222 8 2 
223 1 2 
224 8 2 
225 8 2 
226 8 2 
227 8 2 
228 8 2 
229 8 2 
230 8 2 
231 8 2 
232 8 2 
233 8 2 
234 8 2 
235 8 2 
236 8 2 
237 8 2 
238 8 2 
239 8 2 
240 8 2 
241 8 2 
242 8 2 
243 2 2 
244 2 2 
245 2 2 
246 7 2 
247 7 2 
248 8 2 
249 6 2 
250 6 2 
251 6 2 
252 6 2 
253 6 2 
254 6 2 
255 6 2 
256 6 2 
257 6 2 
258 6 2 
259 6 2 
260 6 2 
261 6 2 
262 6 2 
263 7 2 
264 7 2 
265 7 2 
266 7 2 
267 7 2 
268 7 2 
269 7 2 
270 7 2 
271 7 2 
272 7 2 
273 7 2 
274 7 2 
275 7 2 
276 7 2 
277 7 2 
278 7 2 
279 7 2 
280 7 2 
281 7 2 
282 7 2 
283 6 2 
284 6 2 
285 6 2 
286 6 2 
287 6 2 
288 6 2 
289 6 2 
290 8 2 
291 8 2 
292 8 2 
293 8 2 
294 8 2 
295 7 2 
296 7 2 
297 7 2 
298 7 2 
299 7 2 
300 7 2 
301 7 2 
302 7 2 
303 7 2 
304 7 2 
305 6 2 
306 6 2 
307 6 2 
308 6 2 
309 6 2 
310 6 2 
311 6 2 
312 6 2 
313 6 2 
314 6 2 
315 6 2 
316 6 2 
317 6 2 
318 6 2 
319 6 2 
320 6 2 
321 6 2 
322 8 2 
323 8 2 
324 8 2 
325 8 2 
326 8 2 
327 8 2 
328 8 2 
329 8 2 
330 8 2 
331 8 2 
332 8 2 
333 8 2 
334 8 2 
335 8 2 
336 8 2 
337 8 2 
338 8 2 
339 8 2 
340 8 2 
341 8 2 
342 8 2 
343 8 2 
344 8 2 
345 1 2 
346 1 2 
347 1 2 
348 1 2 
349 1 2 
350 1 2 
351 1 2 
352 1 2 
353 1 2 
354 1 2 
355 1 2 
356 1 2 
357 1 2 
358 1 2 
359 1 2 
360 1 2 
361 1 2 
362 1 2 
363 1 2 
364 1 2 
365 1 2 
366 1 2 
367 1 2 
368 1 2 
369 2 3 
370 2 3 
371 2 3 
372 2 3 
373 2 3 
374 2 3 
375 2 3 
376 2 3 
377 2 3 
378 2 3 
379 2 3 
380 8 3 
381 8 3 
382 2 3 
383 8 3 
384 8 3 
385 2 3 
386 2 3 
387 3 3 
388 3 3 
389 8 3 
390 8 3 
391 8 3 
392 8 3 
393 8 3 
394 8 3 
395 8 3 
396 8 3 
397 8 3 
398 8 3 
399 8 3 
400 8 3 
401 8 3 
402 5 3 
403 5 3 
404 5 3 
405 5 3 
406 5 3 
407 5 3 
408 5 3 
409 7 3 
410 8 3 
411 8 3 
412 8 3 
413 8 3 
414 7 3 
415 7 3 
416 7 3 
417 7 3 
418 7 3 
419 7 3 
420 5 3 
421 5 3 
422 7 3 
423 7 3 
424 7 3 
425 7 3 
426 7 3 
427 7 3 
428 7 3 
429 7 3 
430 7 3 
431 7 3 
432 7 3 
433 4 3 
434 4 3 
435 4 3 
436 4 3 
437 4 3 
438 4 3 
439 4 3 
440 4 3 
441 4 3 
442 4 3 
443 4 3 
444 4 3 
445 4 3 
446 4 3 
447 4 3 
448 4 3 
449 4 3 
450 7 3 
451 6 3 
452 1 3 
453 1 3 
454 1 3 
455 1 3 
456 1 3 
457 1 3 
458 1 3 
459 1 3 
460 1 3 
461 1 3 
462 1 3 
463 1 3 
464 1 3 
465 1 3 
466 1 3 
467 1 3 
468 1 3 
469 1 3 
470 1 3 
471 1 3 
472 1 3 
473 1 3 
474 1 3 
475 1 3 
476 1 3 
477 1 3 
478 1 3 
479 1 3 
;
end;
