param S := 980;
param T := 8;
param D := 5;
param windowsize := 0;

param A := 
1 73
2 2
3 1
4 1
5 6
6 12
7 24
8 52
9 52
10 17
11 48
12 12
13 20
14 13
15 5
16 15
17 9
18 10
19 44
20 110
21 110
22 56
23 10
24 5
25 8
26 22
27 13
28 18
29 4
30 9
31 25
32 18
33 26
34 9
35 11
36 13
37 4
38 11
39 9
40 4
41 13
42 4
43 11
44 12
45 7
46 12
47 1
48 7
49 1
50 4
51 8
52 3
53 2
54 6
55 48
56 0
57 12
58 3
59 12
60 2
61 107
62 47
63 12
64 12
65 26
66 24
67 6
68 2
69 22
70 44
71 4
72 7
73 21
74 7
75 13
76 22
77 2
78 2
79 2
80 44
81 14
82 44
83 40
84 13
85 18
86 88
87 22
88 11
89 44
90 7
91 13
92 7
93 7
94 6
95 16
96 133
97 7
98 13
99 28
100 13
101 18
102 7
103 9
104 4
105 8
106 3
107 9
108 11
109 13
110 103
111 17
112 251
113 12
114 25
115 12
116 267
117 100
118 201
119 251
120 125
121 292
122 50
123 5
124 61
125 11
126 30
127 23
128 46
129 42
130 219
131 9
132 18
133 18
134 4
135 3
136 42
137 143
138 40
139 101
140 95
141 20
142 15
143 8
144 113
145 8
146 39
147 13
148 146
149 36
150 40
151 217
152 2
153 16
154 40
155 90
156 265
157 22
158 177
159 15
160 35
161 18
162 24
163 88
164 88
165 9
166 146
167 93
168 2
169 17
170 3
171 3
172 4
173 9
174 4
175 18
176 28
177 4
178 2
179 2
180 9
181 9
182 9
183 8
184 2
185 253
186 73
187 28
188 146
189 16
190 2
191 64
192 65
193 106
194 107
195 265
196 212
197 106
198 141
199 150
200 133
201 35
202 11
203 53
204 177
205 14
206 28
207 28
208 110
209 72
210 44
211 106
212 98
213 179
214 86
215 129
216 186
217 86
218 133
219 22
220 24
221 4
222 9
223 4
224 2
225 8
226 9
227 35
228 24
229 4
230 4
231 59
232 60
233 13
234 7
235 4
236 80
237 129
238 152
239 257
240 0
241 21
242 7
243 2
244 4
245 40
246 71
247 76
248 34
249 54
250 36
251 9
252 22
253 18
254 4
255 40
256 22
257 22
258 4
259 7
260 9
261 9
262 13
263 9
264 4
265 32
266 4
267 0
268 10
269 11
270 9
271 22
272 11
273 40
274 7
275 5
276 5
277 13
278 11
279 2
280 4
281 0
282 9
283 9
284 13
285 17
286 34
287 8
288 17
289 5
290 24
291 52
292 52
293 48
294 36
295 1
296 2
297 5
298 18
299 11
300 15
301 22
302 129
303 55
304 44
305 86
306 18
307 16
308 69
309 35
310 9
311 4
312 56
313 4
314 4
315 0
316 13
317 4
318 0
319 7
320 0
321 30
322 18
323 4
324 9
325 88
326 9
327 31
328 0
329 179
330 90
331 16
332 6
333 6
334 9
335 7
336 36
337 10
338 76
339 157
340 55
341 65
342 27
343 76
344 84
345 18
346 137
347 123
348 231
349 221
350 185
351 133
352 85
353 86
354 110
355 9
356 12
357 9
358 20
359 42
360 43
361 110
362 46
363 57
364 28
365 42
366 3
367 265
368 31
369 9
370 76
371 55
372 46
373 65
374 4
375 11
376 52
377 9
378 18
379 32
380 44
381 24
382 97
383 7
384 16
385 22
386 15
387 12
388 8
389 5
390 9
391 5
392 36
393 11
394 18
395 35
396 19
397 1
398 1
399 26
400 97
401 135
402 55
403 110
404 86
405 45
406 22
407 11
408 33
409 133
410 22
411 2
412 2
413 6
414 7
415 7
416 5
417 36
418 61
419 33
420 22
421 27
422 6
423 23
424 2
425 28
426 46
427 91
428 18
429 14
430 4
431 9
432 30
433 9
434 18
435 69
436 104
437 47
438 107
439 14
440 15
441 6
442 11
443 0
444 4
445 2
446 3
447 9
448 90
449 5
450 13
451 2
452 12
453 11
454 27
455 4
456 11
457 2
458 7
459 24
460 13
461 4
462 4
463 17
464 14
465 2
466 7
467 11
468 30
469 82
470 126
471 102
472 86
473 3
474 4
475 5
476 19
477 16
478 5
479 18
480 5
481 8
482 28
483 8
484 2
485 8
486 9
487 7
488 9
489 10
490 98
491 1
492 28
493 134
494 221
495 168
496 124
497 107
498 47
499 96
500 162
501 162
502 158
503 238
504 94
505 109
506 73
507 73
508 73
509 109
510 109
511 27
512 50
513 100
514 100
515 170
516 24
517 182
518 78
519 73
520 18
521 84
522 63
523 14
524 9
525 15
526 7
527 19
528 22
529 9
530 44
531 12
532 27
533 44
534 9
535 7
536 13
537 4
538 22
539 5
540 4
541 9
542 2
543 14
544 21
545 27
546 8
547 18
548 0
549 107
550 107
551 106
552 107
553 358
554 250
555 133
556 3
557 76
558 11
559 27
560 72
561 67
562 18
563 22
564 7
565 6
566 39
567 18
568 9
569 39
570 36
571 24
572 52
573 36
574 48
575 48
576 36
577 24
578 37
579 107
580 14
581 94
582 1
583 1
584 21
585 2
586 5
587 7
588 4
589 4
590 28
591 16
592 4
593 21
594 8
595 26
596 11
597 9
598 11
599 22
600 9
601 18
602 9
603 1
604 6
605 30
606 1
607 0
608 16
609 3
610 4
611 4
612 18
613 22
614 79
615 13
616 16
617 11
618 11
619 5
620 61
621 11
622 72
623 66
624 133
625 212
626 44
627 13
628 17
629 38
630 5
631 9
632 18
633 113
634 28
635 80
636 52
637 42
638 28
639 46
640 14
641 62
642 62
643 137
644 44
645 66
646 81
647 59
648 14
649 12
650 12
651 7
652 12
653 13
654 10
655 2
656 21
657 24
658 4
659 4
660 2
661 2
662 5
663 4
664 26
665 5
666 2
667 12
668 23
669 2
670 16
671 4
672 1
673 3
674 7
675 4
676 129
677 36
678 34
679 36
680 26
681 18
682 72
683 76
684 179
685 60
686 50
687 9
688 37
689 365
690 14
691 1
692 2
693 18
694 7
695 12
696 2
697 7
698 1
699 8
700 18
701 24
702 31
703 4
704 8
705 8
706 2
707 1
708 7
709 18
710 12
711 21
712 30
713 5
714 129
715 12
716 13
717 13
718 13
719 36
720 52
721 52
722 48
723 36
724 3
725 9
726 18
727 18
728 18
729 18
730 9
731 16
732 4
733 36
734 107
735 129
736 129
737 159
738 106
739 106
740 86
741 32
742 36
743 4
744 88
745 50
746 177
747 44
748 44
749 90
750 265
751 79
752 0
753 66
754 27
755 14
756 9
757 11
758 9
759 2
760 0
761 29
762 14
763 14
764 0
765 78
766 35
767 17
768 36
769 12
770 16
771 84
772 139
773 18
774 18
775 133
776 42
777 90
778 25
779 18
780 4
781 12
782 9
783 7
784 66
785 18
786 9
787 2
788 1
789 14
790 3
791 30
792 305
793 3
794 7
795 4
796 4
797 4
798 4
799 7
800 29
801 18
802 5
803 5
804 9
805 5
806 7
807 59
808 54
809 122
810 49
811 61
812 1
813 175
814 13
815 7
816 6
817 4
818 146
819 146
820 73
821 73
822 146
823 17
824 150
825 45
826 44
827 18
828 4
829 6
830 84
831 148
832 73
833 28
834 169
835 63
836 140
837 11
838 72
839 71
840 91
841 5
842 23
843 88
844 88
845 9
846 9
847 33
848 4
849 44
850 7
851 44
852 11
853 13
854 3
855 4
856 88
857 76
858 18
859 44
860 80
861 122
862 7
863 8
864 34
865 72
866 88
867 7
868 7
869 18
870 18
871 7
872 25
873 64
874 107
875 113
876 88
877 88
878 87
879 122
880 221
881 66
882 186
883 11
884 22
885 84
886 22
887 31
888 22
889 27
890 6
891 9
892 13
893 6
894 5
895 9
896 10
897 53
898 38
899 53
900 20
901 133
902 13
903 42
904 90
905 95
906 265
907 150
908 106
909 34
910 86
911 179
912 86
913 133
914 107
915 7
916 9
917 7
918 9
919 4
920 4
921 4
922 9
923 36
924 4
925 35
926 55
927 9
928 8
929 40
930 18
931 13
932 5
933 4
934 22
935 11
936 27
937 4
938 4
939 4
940 11
941 74
942 5
943 5
944 9
945 13
946 18
947 7
948 9
949 18
950 13
951 7
952 8
953 16
954 9
955 11
956 7
957 133
958 12
959 18
960 11
961 13
962 12
963 9
964 7
965 20
966 11
967 13
968 9
969 2
970 20
971 13
972 9
973 24
974 1
975 2
976 2
977 12
978 9
979 27
980 21
;

param Ttarget := 
1 1 1000
2 1 1000
3 1 1000
4 1 1000
5 1 500
6 1 500
7 1 500
8 1 500
1 2 1000
2 2 1000
3 2 1000
4 2 1000
5 2 500
6 2 500
7 2 500
8 2 500
1 3 1000
2 3 1000
3 3 1000
4 3 1000
5 3 500
6 3 500
7 3 500
8 3 500
1 4 1000
2 4 1000
3 4 1000
4 4 1000
5 4 500
6 4 500
7 4 500
8 4 500
1 5 1000
2 5 1000
3 5 1000
4 5 1000
5 5 500
6 5 500
7 5 500
8 5 500
;

set Bannlisti := 
;
set Fixlisti := 
1 4 1 
2 8 1 
3 4 1 
4 4 1 
5 4 1 
6 4 1 
7 4 1 
8 4 1 
9 4 1 
10 4 1 
11 4 1 
12 4 1 
13 1 1 
14 6 1 
15 6 1 
16 6 1 
17 6 1 
18 6 1 
19 6 1 
20 6 1 
21 6 1 
22 6 1 
23 6 1 
24 6 1 
25 6 1 
26 6 1 
27 6 1 
28 6 1 
29 6 1 
30 6 1 
31 6 1 
32 6 1 
33 4 1 
34 8 1 
35 8 1 
36 8 1 
37 8 1 
38 8 1 
39 8 1 
40 8 1 
41 8 1 
42 8 1 
43 8 1 
44 8 1 
45 8 1 
46 8 1 
47 8 1 
48 8 1 
49 8 1 
50 8 1 
51 8 1 
52 8 1 
53 8 1 
54 8 1 
55 3 1 
56 3 1 
57 3 1 
58 3 1 
59 3 1 
60 3 1 
61 7 1 
62 7 1 
63 8 1 
64 8 1 
65 8 1 
66 8 1 
67 8 1 
68 8 1 
69 8 1 
70 8 1 
71 8 1 
72 8 1 
73 8 1 
74 8 1 
75 8 1 
76 8 1 
77 8 1 
78 8 1 
79 8 1 
80 8 1 
81 8 1 
82 8 1 
83 8 1 
84 8 1 
85 8 1 
86 8 1 
87 8 1 
88 8 1 
89 8 1 
90 8 1 
91 8 1 
92 8 1 
93 8 1 
94 8 1 
95 8 1 
96 8 1 
97 8 1 
98 8 1 
99 8 1 
100 8 1 
101 8 1 
102 8 1 
103 8 1 
104 8 1 
105 8 1 
106 8 1 
107 8 1 
108 8 1 
109 8 2 
110 1 1 
111 1 1 
112 1 1 
113 1 1 
114 1 1 
115 1 1 
116 1 1 
117 1 1 
118 1 1 
119 1 1 
120 1 1 
121 1 1 
122 1 1 
123 1 1 
124 1 1 
125 1 1 
126 1 1 
127 1 1 
128 1 1 
129 1 1 
130 1 1 
131 1 1 
132 1 1 
133 1 1 
134 1 1 
135 1 1 
136 1 2 
137 1 2 
138 1 2 
139 1 2 
140 1 2 
141 1 2 
142 1 2 
143 1 2 
144 1 2 
145 1 2 
146 4 2 
147 4 2 
148 4 2 
149 4 2 
150 1 1 
151 1 1 
152 1 1 
153 1 1 
154 1 1 
155 1 1 
156 1 1 
157 1 1 
158 1 2 
159 1 2 
160 2 2 
161 2 2 
162 2 2 
163 2 2 
164 2 2 
165 2 2 
166 2 2 
167 2 2 
168 1 2 
169 1 2 
170 1 2 
171 1 2 
172 1 2 
173 1 2 
174 1 2 
175 1 2 
176 1 2 
177 2 2 
178 2 2 
179 2 2 
180 1 1 
181 1 1 
182 1 1 
183 1 1 
184 1 1 
185 2 2 
186 2 2 
187 2 2 
188 2 2 
189 2 2 
190 3 2 
191 3 2 
192 3 2 
193 3 2 
194 3 2 
195 3 2 
196 3 2 
197 3 2 
198 3 2 
199 3 2 
200 3 2 
201 3 2 
202 3 2 
203 3 2 
204 3 2 
205 3 2 
206 3 2 
207 3 2 
208 3 2 
209 3 2 
210 3 2 
211 3 2 
212 3 2 
213 3 2 
214 3 2 
215 3 2 
216 3 2 
217 3 2 
218 3 2 
219 8 2 
220 8 2 
221 8 2 
222 8 2 
223 8 2 
224 8 2 
225 8 2 
226 3 2 
227 3 2 
228 3 2 
229 8 2 
230 8 2 
231 8 2 
232 8 2 
233 8 2 
234 8 2 
235 8 2 
236 8 2 
237 8 2 
238 8 2 
239 8 2 
240 8 2 
241 8 2 
242 8 2 
243 8 2 
244 8 2 
245 3 2 
246 3 2 
247 3 2 
248 3 2 
249 3 2 
250 3 2 
251 3 2 
252 3 2 
253 3 2 
254 3 2 
255 3 2 
256 3 2 
257 3 2 
258 3 2 
259 3 2 
260 3 2 
261 3 2 
262 3 2 
263 3 2 
264 3 2 
265 3 2 
266 3 2 
267 8 2 
268 8 2 
269 8 2 
270 3 2 
271 3 2 
272 3 2 
273 3 2 
274 3 2 
275 3 2 
276 3 2 
277 3 2 
278 3 2 
279 3 2 
280 3 2 
281 3 2 
282 3 2 
283 3 2 
284 3 2 
285 3 2 
286 3 2 
287 3 2 
288 3 2 
289 3 2 
290 4 2 
291 4 2 
292 4 2 
293 4 2 
294 4 2 
295 4 2 
296 4 2 
297 3 2 
298 3 2 
299 3 2 
300 4 2 
301 4 2 
302 4 2 
303 4 2 
304 4 2 
305 4 2 
306 4 2 
307 4 2 
308 5 2 
309 5 2 
310 5 2 
311 5 2 
312 5 2 
313 5 2 
314 5 2 
315 5 2 
316 5 2 
317 5 2 
318 5 2 
319 5 2 
320 5 2 
321 5 2 
322 5 2 
323 5 2 
324 5 2 
325 5 2 
326 5 2 
327 5 2 
328 5 2 
329 5 2 
330 5 2 
331 5 2 
332 6 2 
333 6 2 
334 6 2 
335 6 2 
336 6 2 
337 6 2 
338 6 2 
339 6 2 
340 6 2 
341 6 2 
342 6 2 
343 6 2 
344 6 2 
345 6 2 
346 6 2 
347 6 2 
348 6 2 
349 6 2 
350 6 2 
351 6 2 
352 6 2 
353 6 2 
354 6 2 
355 6 2 
356 6 2 
357 6 2 
358 6 2 
359 6 2 
360 6 2 
361 6 2 
362 6 2 
363 6 2 
364 6 2 
365 6 2 
366 6 2 
367 6 2 
368 6 2 
369 6 2 
370 6 2 
371 6 2 
372 6 2 
373 6 2 
374 6 2 
375 6 2 
376 6 2 
377 7 2 
378 7 2 
379 7 2 
380 8 2 
381 7 2 
382 7 2 
383 7 2 
384 7 2 
385 8 2 
386 8 2 
387 7 2 
388 7 2 
389 7 2 
390 7 2 
391 7 2 
392 7 2 
393 7 2 
394 7 2 
395 7 2 
396 8 2 
397 8 2 
398 8 2 
399 7 2 
400 7 2 
401 7 2 
402 7 2 
403 7 2 
404 7 2 
405 7 2 
406 7 2 
407 7 2 
408 7 2 
409 7 2 
410 7 2 
411 7 2 
412 7 2 
413 7 2 
414 8 2 
415 8 2 
416 7 2 
417 8 2 
418 8 2 
419 8 2 
420 8 2 
421 7 2 
422 7 2 
423 7 2 
424 7 2 
425 7 2 
426 7 2 
427 7 2 
428 7 2 
429 7 2 
430 7 2 
431 7 2 
432 7 2 
433 7 2 
434 7 2 
435 7 2 
436 1 2 
437 7 2 
438 7 2 
439 8 2 
440 8 2 
441 7 2 
442 7 2 
443 7 2 
444 7 2 
445 7 2 
446 7 2 
447 7 2 
448 7 2 
449 7 2 
450 7 2 
451 7 2 
452 7 2 
453 7 2 
454 7 2 
455 7 2 
456 8 2 
457 8 2 
458 8 2 
459 8 2 
460 7 2 
461 1 2 
462 8 2 
463 8 2 
464 8 2 
465 7 2 
466 7 2 
467 7 2 
468 7 2 
469 8 2 
470 8 2 
471 8 2 
472 8 2 
473 8 2 
474 8 2 
475 8 2 
476 8 2 
477 8 2 
478 7 2 
479 7 2 
480 7 2 
481 7 2 
482 7 2 
483 7 2 
484 7 2 
485 7 2 
486 7 2 
487 7 2 
488 3 2 
489 6 2 
490 1 2 
491 8 2 
492 1 2 
493 1 2 
494 1 2 
495 1 2 
496 1 2 
497 1 2 
498 1 2 
499 1 2 
500 1 2 
501 1 2 
502 1 2 
503 1 2 
504 1 2 
505 1 3 
506 1 3 
507 1 3 
508 1 3 
509 1 3 
510 1 3 
511 1 3 
512 1 2 
513 1 2 
514 1 2 
515 4 3 
516 8 3 
517 2 3 
518 2 3 
519 2 3 
520 2 3 
521 2 3 
522 2 3 
523 2 3 
524 3 3 
525 3 3 
526 3 3 
527 3 3 
528 3 3 
529 3 3 
530 3 3 
531 3 3 
532 3 3 
533 3 3 
534 3 3 
535 3 3 
536 3 3 
537 3 3 
538 3 3 
539 3 3 
540 3 3 
541 3 3 
542 3 3 
543 3 3 
544 3 3 
545 3 3 
546 3 3 
547 3 3 
548 8 3 
549 3 3 
550 3 3 
551 3 3 
552 3 3 
553 3 3 
554 3 3 
555 3 3 
556 3 3 
557 3 3 
558 3 3 
559 3 3 
560 3 3 
561 3 3 
562 3 3 
563 3 3 
564 3 3 
565 8 3 
566 8 3 
567 8 3 
568 8 3 
569 8 3 
570 4 3 
571 4 3 
572 4 3 
573 4 3 
574 4 3 
575 4 3 
576 4 3 
577 4 3 
578 4 3 
579 3 3 
580 3 3 
581 8 3 
582 8 3 
583 8 3 
584 3 3 
585 3 3 
586 7 3 
587 8 3 
588 8 3 
589 8 3 
590 8 3 
591 8 3 
592 8 3 
593 8 3 
594 8 3 
595 8 3 
596 8 3 
597 8 3 
598 8 3 
599 5 3 
600 5 3 
601 5 3 
602 8 3 
603 1 3 
604 1 3 
605 2 3 
606 7 3 
607 7 3 
608 8 3 
609 8 3 
610 8 3 
611 8 3 
612 8 3 
613 8 3 
614 8 3 
615 1 3 
616 1 3 
617 1 3 
618 1 3 
619 1 3 
620 1 3 
621 1 3 
622 1 3 
623 1 3 
624 1 3 
625 1 3 
626 1 3 
627 1 3 
628 1 6 
629 1 6 
630 1 6 
631 1 6 
632 1 6 
633 1 6 
634 1 3 
635 1 3 
636 1 3 
637 1 3 
638 1 3 
639 1 3 
640 1 3 
641 1 3 
642 1 3 
643 1 3 
644 1 3 
645 1 3 
646 1 3 
647 1 3 
648 1 3 
649 1 6 
650 1 3 
651 1 3 
652 1 3 
653 2 6 
654 2 6 
655 2 6 
656 2 6 
657 2 6 
658 2 6 
659 8 6 
660 8 6 
661 8 6 
662 8 6 
663 8 6 
664 2 6 
665 2 6 
666 2 6 
667 2 6 
668 2 6 
669 8 6 
670 8 6 
671 8 6 
672 8 6 
673 8 6 
674 8 6 
675 8 6 
676 8 6 
677 8 6 
678 8 6 
679 8 6 
680 8 6 
681 8 6 
682 2 6 
683 2 6 
684 2 6 
685 2 6 
686 2 6 
687 2 6 
688 2 6 
689 2 6 
690 2 6 
691 8 6 
692 8 6 
693 8 6 
694 8 6 
695 8 6 
696 8 6 
697 8 6 
698 8 6 
699 8 6 
700 8 6 
701 3 6 
702 3 6 
703 8 6 
704 8 6 
705 8 6 
706 8 6 
707 8 6 
708 8 6 
709 8 6 
710 8 6 
711 8 6 
712 8 6 
713 8 6 
714 3 6 
715 3 6 
716 3 6 
717 3 6 
718 4 6 
719 4 6 
720 4 6 
721 4 6 
722 4 6 
723 4 6 
724 4 6 
725 2 6 
726 2 6 
727 2 6 
728 2 6 
729 2 6 
730 2 6 
731 2 6 
732 8 6 
733 4 6 
734 4 6 
735 4 6 
736 4 6 
737 4 6 
738 4 6 
739 4 6 
740 4 6 
741 4 6 
742 4 6 
743 4 6 
744 5 6 
745 5 6 
746 5 6 
747 5 6 
748 5 6 
749 5 6 
750 5 6 
751 5 6 
752 5 6 
753 5 6 
754 5 6 
755 5 6 
756 5 6 
757 5 6 
758 5 6 
759 5 6 
760 5 6 
761 5 6 
762 5 6 
763 5 6 
764 8 6 
765 7 6 
766 7 6 
767 7 6 
768 7 6 
769 7 6 
770 7 6 
771 7 6 
772 7 6 
773 7 6 
774 7 6 
775 7 6 
776 7 6 
777 7 6 
778 7 6 
779 7 6 
780 7 6 
781 5 6 
782 5 6 
783 8 6 
784 8 6 
785 8 6 
786 8 6 
787 7 6 
788 7 6 
789 7 6 
790 7 6 
791 8 6 
792 8 6 
793 7 6 
794 7 6 
795 7 6 
796 7 6 
797 7 6 
798 7 6 
799 7 6 
800 7 6 
801 7 6 
802 7 6 
803 7 6 
804 7 6 
805 7 6 
806 7 6 
807 8 6 
808 8 6 
809 8 6 
810 8 6 
811 1 6 
812 8 6 
813 3 6 
814 3 6 
815 3 6 
816 3 6 
817 1 6 
818 1 6 
819 1 6 
820 1 6 
821 1 6 
822 1 6 
823 1 6 
824 1 6 
825 1 7 
826 1 7 
827 1 7 
828 1 7 
829 1 7 
830 2 7 
831 2 7 
832 2 7 
833 2 7 
834 2 7 
835 2 7 
836 2 7 
837 3 7 
838 3 7 
839 3 7 
840 3 7 
841 3 7 
842 3 7 
843 3 7 
844 3 7 
845 3 7 
846 3 7 
847 3 7 
848 3 7 
849 3 7 
850 3 7 
851 3 7 
852 3 7 
853 3 7 
854 3 7 
855 3 7 
856 3 7 
857 3 7 
858 3 7 
859 3 7 
860 3 7 
861 3 7 
862 3 7 
863 3 7 
864 3 7 
865 3 7 
866 3 7 
867 3 7 
868 3 7 
869 3 7 
870 3 7 
871 3 7 
872 3 7 
873 3 7 
874 3 7 
875 3 7 
876 3 7 
877 3 7 
878 3 7 
879 3 7 
880 3 7 
881 3 7 
882 3 7 
883 8 7 
884 8 7 
885 6 7 
886 6 7 
887 6 7 
888 6 7 
889 6 7 
890 6 7 
891 6 7 
892 6 7 
893 6 7 
894 6 7 
895 6 7 
896 6 7 
897 6 7 
898 6 7 
899 6 7 
900 6 7 
901 6 7 
902 6 7 
903 6 7 
904 6 7 
905 6 7 
906 6 7 
907 6 7 
908 6 7 
909 6 7 
910 6 7 
911 6 7 
912 6 7 
913 6 7 
914 6 7 
915 8 7 
916 8 7 
917 8 7 
918 8 7 
919 8 7 
920 8 7 
921 8 7 
922 8 7 
923 8 7 
924 8 7 
925 8 7 
926 8 7 
927 7 7 
928 7 7 
929 7 7 
930 7 7 
931 7 7 
932 7 7 
933 8 7 
934 8 7 
935 5 7 
936 8 7 
937 8 7 
938 8 7 
939 8 7 
940 8 7 
941 1 7 
942 5 7 
943 3 7 
944 8 7 
945 8 7 
946 8 7 
947 8 7 
948 8 7 
949 8 7 
950 8 7 
951 8 7 
952 8 7 
953 8 7 
954 8 7 
955 8 7 
956 8 7 
957 8 7 
958 8 7 
959 8 7 
960 8 7 
961 8 7 
962 8 7 
963 8 7 
964 8 7 
965 8 7 
966 8 7 
967 8 7 
968 8 7 
969 8 7 
970 8 7 
971 8 7 
972 8 7 
973 8 7 
974 8 7 
975 8 7 
976 8 7 
977 8 7 
978 8 7 
979 8 7 
980 8 7 
;
end;
