param S := 770;
param T := 8;
param D := 5;
param windowsize := 0;

param A := 
1 4
2 9
3 16
4 9
5 4
6 12
7 47
8 11
9 11
10 6
11 2
12 29
13 36
14 152
15 241
16 7
17 37
18 16
19 72
20 68
21 44
22 24
23 146
24 18
25 474
26 79
27 73
28 63
29 267
30 12
31 0
32 7
33 45
34 129
35 221
36 16
37 11
38 27
39 12
40 20
41 58
42 4
43 6
44 10
45 4
46 7
47 7
48 12
49 6
50 7
51 18
52 44
53 22
54 8
55 110
56 38
57 150
58 215
59 203
60 221
61 102
62 18
63 30
64 14
65 6
66 12
67 6
68 4
69 18
70 4
71 7
72 18
73 54
74 54
75 7
76 7
77 1
78 4
79 18
80 6
81 136
82 11
83 7
84 5
85 2
86 9
87 76
88 92
89 221
90 181
91 11
92 86
93 106
94 56
95 22
96 3
97 7
98 14
99 20
100 4
101 27
102 9
103 58
104 11
105 36
106 27
107 10
108 51
109 5
110 4
111 0
112 3
113 26
114 8
115 81
116 5
117 9
118 22
119 9
120 14
121 2
122 9
123 4
124 4
125 36
126 4
127 1
128 2
129 39
130 251
131 100
132 125
133 162
134 17
135 25
136 24
137 24
138 43
139 150
140 0
141 150
142 36
143 146
144 27
145 9
146 238
147 317
148 103
149 182
150 219
151 36
152 42
153 134
154 26
155 63
156 16
157 37
158 107
159 88
160 80
161 88
162 106
163 107
164 133
165 187
166 122
167 716
168 40
169 71
170 111
171 160
172 166
173 88
174 18
175 72
176 143
177 27
178 186
179 8
180 4
181 17
182 9
183 4
184 14
185 10
186 27
187 5
188 35
189 18
190 44
191 13
192 18
193 44
194 22
195 1
196 1
197 11
198 4
199 1
200 9
201 4
202 106
203 53
204 53
205 53
206 7
207 3
208 49
209 10
210 9
211 25
212 53
213 2
214 35
215 38
216 318
217 530
218 56
219 40
220 31
221 22
222 2
223 12
224 10
225 9
226 4
227 4
228 22
229 44
230 35
231 27
232 8
233 35
234 7
235 5
236 14
237 9
238 4
239 7
240 83
241 35
242 7
243 28
244 21
245 27
246 21
247 18
248 8
249 14
250 3
251 0
252 106
253 9
254 37
255 4
256 19
257 16
258 5
259 3
260 19
261 19
262 16
263 7
264 0
265 1
266 90
267 90
268 34
269 13
270 9
271 11
272 5
273 2
274 134
275 43
276 11
277 134
278 91
279 243
280 29
281 4
282 7
283 7
284 13
285 7
286 12
287 12
288 4
289 7
290 7
291 9
292 13
293 9
294 4
295 91
296 19
297 7
298 73
299 91
300 221
301 221
302 88
303 107
304 133
305 106
306 100
307 0
308 26
309 5
310 9
311 6
312 8
313 7
314 7
315 474
316 36
317 60
318 56
319 18
320 11
321 2
322 9
323 10
324 8
325 40
326 7
327 11
328 2
329 18
330 2
331 9
332 9
333 14
334 19
335 9
336 4
337 8
338 10
339 4
340 0
341 2
342 118
343 44
344 25
345 16
346 62
347 52
348 109
349 106
350 127
351 7
352 84
353 75
354 4
355 12
356 2
357 80
358 150
359 186
360 52
361 12
362 17
363 1
364 0
365 2
366 9
367 14
368 16
369 18
370 21
371 9
372 8
373 119
374 107
375 156
376 20
377 4
378 22
379 36
380 12
381 12
382 40
383 11
384 2
385 2
386 22
387 72
388 13
389 37
390 52
391 36
392 4
393 7
394 2
395 7
396 2
397 2
398 1
399 10
400 4
401 8
402 1
403 7
404 24
405 35
406 203
407 14
408 14
409 16
410 8
411 1
412 0
413 6
414 8
415 3
416 18
417 13
418 37
419 38
420 9
421 2
422 7
423 12
424 12
425 7
426 2
427 56
428 56
429 74
430 7
431 70
432 24
433 81
434 14
435 0
436 12
437 24
438 2
439 2
440 2
441 18
442 133
443 53
444 13
445 9
446 18
447 4
448 20
449 13
450 13
451 18
452 16
453 4
454 9
455 11
456 14
457 21
458 0
459 177
460 238
461 274
462 219
463 73
464 125
465 122
466 56
467 3
468 267
469 192
470 487
471 81
472 238
473 81
474 2
475 18
476 28
477 28
478 123
479 17
480 23
481 88
482 9
483 52
484 77
485 12
486 48
487 49
488 9
489 4
490 5
491 35
492 18
493 16
494 88
495 72
496 44
497 40
498 4
499 2
500 2
501 5
502 2
503 32
504 22
505 7
506 4
507 42
508 2
509 36
510 0
511 40
512 4
513 2
514 2
515 265
516 212
517 86
518 150
519 86
520 133
521 106
522 221
523 66
524 129
525 6
526 38
527 4
528 17
529 7
530 4
531 12
532 4
533 11
534 4
535 4
536 16
537 27
538 23
539 72
540 44
541 114
542 13
543 177
544 34
545 9
546 22
547 5
548 5
549 134
550 0
551 14
552 5
553 46
554 15
555 55
556 129
557 133
558 22
559 80
560 86
561 7
562 22
563 36
564 0
565 9
566 24
567 2
568 162
569 13
570 26
571 36
572 86
573 86
574 95
575 36
576 6
577 48
578 13
579 4
580 9
581 18
582 12
583 49
584 16
585 28
586 100
587 55
588 45
589 265
590 126
591 10
592 3
593 8
594 27
595 0
596 7
597 9
598 9
599 2
600 4
601 2
602 9
603 5
604 24
605 3
606 5
607 8
608 0
609 5
610 7
611 4
612 2
613 4
614 4
615 2
616 5
617 1
618 31
619 37
620 22
621 2
622 9
623 12
624 2
625 4
626 8
627 9
628 35
629 9
630 26
631 97
632 97
633 7
634 27
635 8
636 0
637 12
638 40
639 62
640 20
641 13
642 4
643 4
644 9
645 9
646 8
647 52
648 2
649 8
650 7
651 0
652 9
653 12
654 42
655 150
656 109
657 47
658 133
659 12
660 9
661 152
662 53
663 110
664 62
665 79
666 24
667 38
668 62
669 80
670 33
671 36
672 257
673 44
674 27
675 39
676 17
677 4
678 24
679 23
680 49
681 1
682 4
683 9
684 5
685 4
686 7
687 4
688 49
689 35
690 78
691 117
692 22
693 18
694 18
695 4
696 5
697 12
698 6
699 2
700 5
701 250
702 2
703 133
704 45
705 88
706 4
707 122
708 72
709 13
710 11
711 9
712 64
713 141
714 106
715 177
716 86
717 130
718 130
719 17
720 59
721 71
722 40
723 0
724 36
725 94
726 42
727 399
728 85
729 86
730 12
731 62
732 11
733 36
734 6
735 6
736 6
737 5
738 9
739 6
740 10
741 0
742 10
743 1
744 13
745 13
746 0
747 24
748 3
749 15
750 61
751 16
752 27
753 16
754 25
755 2
756 88
757 9
758 9
759 11
760 9
761 2
762 16
763 146
764 6
765 122
766 6
767 226
768 100
769 201
770 150
;

param Ttarget := 
1 1 1000
2 1 1000
3 1 1000
4 1 1000
5 1 500
6 1 500
7 1 500
8 1 500
1 2 1000
2 2 1000
3 2 1000
4 2 1000
5 2 500
6 2 500
7 2 500
8 2 500
1 3 1000
2 3 1000
3 3 1000
4 3 1000
5 3 500
6 3 500
7 3 500
8 3 500
1 4 1000
2 4 1000
3 4 1000
4 4 1000
5 4 500
6 4 500
7 4 500
8 4 500
1 5 1000
2 5 1000
3 5 1000
4 5 1000
5 5 500
6 5 500
7 5 500
8 5 500
;

set Bannlisti := 
;
set Fixlisti := 
1 8 1 
2 8 1 
3 8 1 
4 8 1 
5 2 1 
6 2 1 
7 2 1 
8 8 1 
9 8 1 
10 8 1 
11 8 1 
12 8 1 
13 8 1 
14 8 1 
15 8 1 
16 8 1 
17 2 1 
18 2 1 
19 2 1 
20 2 1 
21 2 1 
22 2 1 
23 2 1 
24 2 1 
25 2 1 
26 2 1 
27 2 1 
28 2 1 
29 2 1 
30 1 1 
31 3 1 
32 3 1 
33 3 1 
34 3 1 
35 3 1 
36 3 1 
37 3 1 
38 3 1 
39 3 1 
40 3 1 
41 8 1 
42 8 1 
43 8 1 
44 8 1 
45 8 1 
46 8 1 
47 8 1 
48 8 1 
49 8 1 
50 8 1 
51 8 1 
52 5 1 
53 5 1 
54 5 1 
55 5 1 
56 5 1 
57 5 1 
58 5 1 
59 5 1 
60 5 1 
61 5 1 
62 5 1 
63 3 1 
64 8 1 
65 8 1 
66 8 1 
67 8 1 
68 8 1 
69 8 1 
70 8 1 
71 8 1 
72 8 1 
73 8 1 
74 8 1 
75 8 1 
76 8 1 
77 8 1 
78 8 1 
79 8 1 
80 8 1 
81 7 1 
82 7 1 
83 7 1 
84 7 1 
85 7 1 
86 8 1 
87 7 1 
88 7 1 
89 7 1 
90 7 1 
91 7 1 
92 7 1 
93 7 1 
94 7 1 
95 7 1 
96 7 1 
97 7 1 
98 7 1 
99 8 1 
100 8 1 
101 8 1 
102 7 1 
103 7 1 
104 7 1 
105 7 1 
106 7 1 
107 7 1 
108 7 1 
109 7 1 
110 8 1 
111 8 1 
112 8 1 
113 7 1 
114 8 1 
115 7 1 
116 7 1 
117 7 1 
118 7 1 
119 7 1 
120 7 1 
121 7 1 
122 7 1 
123 7 1 
124 8 1 
125 8 1 
126 8 1 
127 8 1 
128 8 1 
129 8 1 
130 1 2 
131 1 2 
132 1 2 
133 1 2 
134 1 2 
135 1 2 
136 1 2 
137 1 2 
138 1 2 
139 1 2 
140 1 2 
141 1 2 
142 1 2 
143 1 2 
144 1 2 
145 1 2 
146 1 2 
147 2 2 
148 2 2 
149 2 2 
150 2 2 
151 2 2 
152 2 2 
153 2 2 
154 2 2 
155 2 2 
156 2 2 
157 3 2 
158 3 2 
159 3 2 
160 3 2 
161 3 2 
162 3 2 
163 3 2 
164 3 2 
165 3 2 
166 3 2 
167 3 2 
168 3 2 
169 3 2 
170 3 2 
171 3 2 
172 3 2 
173 3 2 
174 3 2 
175 3 2 
176 3 2 
177 3 2 
178 3 2 
179 3 2 
180 3 2 
181 3 2 
182 3 2 
183 3 2 
184 3 2 
185 3 2 
186 3 2 
187 3 2 
188 3 2 
189 3 2 
190 3 2 
191 3 2 
192 3 2 
193 3 2 
194 3 2 
195 7 2 
196 7 2 
197 1 2 
198 1 2 
199 6 2 
200 6 2 
201 6 2 
202 6 2 
203 6 2 
204 6 2 
205 6 2 
206 6 2 
207 6 2 
208 6 2 
209 6 2 
210 6 2 
211 6 2 
212 6 2 
213 6 2 
214 6 2 
215 6 2 
216 6 2 
217 6 2 
218 8 2 
219 7 2 
220 7 2 
221 7 2 
222 7 2 
223 7 2 
224 7 2 
225 8 2 
226 8 2 
227 8 2 
228 8 2 
229 8 2 
230 8 2 
231 8 2 
232 8 2 
233 8 2 
234 8 2 
235 8 2 
236 8 2 
237 8 2 
238 8 2 
239 8 2 
240 8 2 
241 8 2 
242 7 2 
243 8 2 
244 8 2 
245 5 2 
246 5 2 
247 5 2 
248 5 2 
249 5 2 
250 8 2 
251 8 2 
252 4 2 
253 3 2 
254 8 2 
255 8 2 
256 8 2 
257 8 2 
258 8 2 
259 8 2 
260 8 2 
261 8 2 
262 8 2 
263 8 2 
264 8 2 
265 8 2 
266 1 2 
267 1 2 
268 1 2 
269 1 2 
270 1 2 
271 1 2 
272 1 2 
273 1 2 
274 1 3 
275 1 3 
276 1 3 
277 1 3 
278 1 3 
279 1 3 
280 1 3 
281 1 3 
282 1 3 
283 1 3 
284 1 3 
285 1 3 
286 1 3 
287 1 3 
288 1 3 
289 1 3 
290 1 3 
291 1 3 
292 1 3 
293 1 3 
294 1 3 
295 1 3 
296 1 3 
297 1 3 
298 1 3 
299 1 3 
300 1 3 
301 1 3 
302 1 3 
303 1 3 
304 1 3 
305 1 3 
306 1 3 
307 1 3 
308 2 3 
309 2 3 
310 1 3 
311 1 3 
312 1 3 
313 1 3 
314 1 3 
315 2 3 
316 1 3 
317 1 3 
318 1 3 
319 1 3 
320 1 3 
321 1 3 
322 1 3 
323 1 3 
324 1 3 
325 1 3 
326 8 3 
327 2 3 
328 2 3 
329 2 3 
330 2 3 
331 2 3 
332 2 3 
333 2 3 
334 2 3 
335 8 3 
336 8 3 
337 8 3 
338 8 3 
339 8 3 
340 8 3 
341 8 3 
342 8 3 
343 8 3 
344 8 3 
345 8 3 
346 8 3 
347 2 3 
348 2 3 
349 2 3 
350 2 3 
351 2 3 
352 2 3 
353 3 3 
354 3 3 
355 3 3 
356 3 3 
357 3 3 
358 3 3 
359 3 3 
360 3 3 
361 3 3 
362 3 3 
363 8 3 
364 7 3 
365 7 3 
366 5 3 
367 5 3 
368 5 3 
369 5 3 
370 5 3 
371 5 3 
372 5 3 
373 5 3 
374 5 3 
375 5 3 
376 5 3 
377 5 3 
378 5 3 
379 8 3 
380 8 3 
381 8 3 
382 7 3 
383 7 3 
384 8 3 
385 8 3 
386 7 3 
387 7 3 
388 7 3 
389 8 3 
390 7 3 
391 8 3 
392 7 3 
393 7 3 
394 7 3 
395 7 3 
396 7 3 
397 7 3 
398 8 3 
399 8 3 
400 8 3 
401 8 3 
402 8 3 
403 7 3 
404 7 3 
405 7 3 
406 5 3 
407 7 3 
408 7 3 
409 7 3 
410 7 3 
411 7 3 
412 7 3 
413 7 3 
414 7 3 
415 7 3 
416 7 3 
417 7 3 
418 7 3 
419 7 3 
420 8 3 
421 8 3 
422 8 3 
423 8 3 
424 8 3 
425 8 3 
426 8 3 
427 8 3 
428 8 3 
429 8 3 
430 8 3 
431 8 3 
432 8 3 
433 8 3 
434 8 3 
435 8 3 
436 8 3 
437 8 3 
438 8 3 
439 8 3 
440 8 3 
441 8 3 
442 8 3 
443 8 3 
444 8 3 
445 8 3 
446 8 3 
447 8 3 
448 8 3 
449 8 3 
450 8 3 
451 8 3 
452 8 3 
453 8 3 
454 8 3 
455 8 3 
456 8 3 
457 8 3 
458 7 3 
459 7 3 
460 1 3 
461 1 3 
462 1 3 
463 1 3 
464 1 4 
465 1 4 
466 1 4 
467 1 4 
468 1 4 
469 1 4 
470 1 4 
471 1 4 
472 1 4 
473 1 4 
474 1 4 
475 1 4 
476 1 4 
477 1 4 
478 1 4 
479 1 4 
480 1 4 
481 1 4 
482 1 4 
483 1 4 
484 1 4 
485 1 4 
486 2 4 
487 2 4 
488 8 4 
489 8 4 
490 8 4 
491 2 4 
492 2 4 
493 2 4 
494 2 4 
495 2 4 
496 2 4 
497 2 4 
498 2 4 
499 2 4 
500 8 4 
501 8 4 
502 8 4 
503 8 4 
504 8 4 
505 8 4 
506 8 4 
507 1 4 
508 1 4 
509 2 4 
510 2 4 
511 8 4 
512 8 4 
513 8 4 
514 8 4 
515 3 4 
516 3 4 
517 3 4 
518 3 4 
519 3 4 
520 3 4 
521 3 4 
522 3 4 
523 3 4 
524 3 4 
525 3 4 
526 3 4 
527 3 4 
528 3 4 
529 3 4 
530 3 4 
531 3 4 
532 3 4 
533 3 4 
534 3 4 
535 3 4 
536 3 4 
537 3 4 
538 3 4 
539 3 4 
540 3 4 
541 3 4 
542 3 4 
543 3 4 
544 3 4 
545 3 4 
546 3 4 
547 3 4 
548 3 4 
549 2 4 
550 2 4 
551 4 4 
552 4 4 
553 4 4 
554 4 4 
555 4 4 
556 4 4 
557 4 4 
558 4 4 
559 4 4 
560 4 4 
561 4 4 
562 4 4 
563 4 4 
564 4 4 
565 4 4 
566 4 4 
567 4 4 
568 4 4 
569 4 4 
570 4 4 
571 4 4 
572 4 4 
573 4 4 
574 4 4 
575 4 4 
576 4 4 
577 4 4 
578 8 4 
579 8 4 
580 8 4 
581 8 4 
582 4 4 
583 8 4 
584 7 4 
585 7 4 
586 7 4 
587 7 4 
588 7 4 
589 7 4 
590 7 4 
591 7 4 
592 7 4 
593 7 4 
594 8 4 
595 8 4 
596 8 4 
597 8 4 
598 8 4 
599 8 4 
600 8 4 
601 7 4 
602 7 4 
603 7 4 
604 7 4 
605 7 4 
606 7 4 
607 8 4 
608 8 4 
609 8 4 
610 8 4 
611 8 4 
612 8 4 
613 8 4 
614 8 4 
615 8 4 
616 8 4 
617 7 4 
618 7 4 
619 8 4 
620 8 4 
621 7 4 
622 7 4 
623 7 4 
624 7 4 
625 7 4 
626 7 4 
627 7 4 
628 7 4 
629 7 4 
630 7 4 
631 7 4 
632 7 4 
633 7 4 
634 7 4 
635 7 4 
636 8 4 
637 8 4 
638 7 4 
639 7 4 
640 7 4 
641 7 4 
642 7 4 
643 7 4 
644 7 4 
645 7 4 
646 7 4 
647 2 4 
648 8 4 
649 8 4 
650 8 4 
651 8 4 
652 8 4 
653 8 4 
654 1 4 
655 1 4 
656 1 4 
657 1 4 
658 1 4 
659 1 4 
660 1 4 
661 1 4 
662 1 4 
663 1 4 
664 1 4 
665 1 4 
666 1 4 
667 1 4 
668 1 4 
669 8 5 
670 8 5 
671 8 5 
672 8 5 
673 8 5 
674 8 5 
675 8 5 
676 8 5 
677 8 5 
678 8 5 
679 8 5 
680 8 5 
681 8 5 
682 8 5 
683 8 5 
684 8 5 
685 8 5 
686 8 5 
687 8 5 
688 8 5 
689 8 5 
690 8 5 
691 2 5 
692 8 5 
693 8 5 
694 8 5 
695 8 5 
696 8 5 
697 3 5 
698 7 5 
699 3 5 
700 3 5 
701 3 5 
702 3 5 
703 3 5 
704 3 5 
705 3 5 
706 3 5 
707 3 5 
708 3 5 
709 3 5 
710 3 5 
711 3 5 
712 3 5 
713 3 5 
714 3 5 
715 3 5 
716 3 5 
717 3 5 
718 4 5 
719 4 5 
720 4 5 
721 4 5 
722 8 5 
723 5 5 
724 5 5 
725 6 5 
726 6 5 
727 6 5 
728 6 5 
729 6 5 
730 6 5 
731 6 5 
732 6 5 
733 6 5 
734 6 5 
735 6 5 
736 6 5 
737 6 5 
738 6 5 
739 6 5 
740 6 5 
741 8 5 
742 8 5 
743 8 5 
744 6 5 
745 6 5 
746 8 5 
747 8 5 
748 7 5 
749 8 5 
750 8 5 
751 8 5 
752 8 5 
753 8 5 
754 8 5 
755 8 5 
756 8 5 
757 8 5 
758 8 5 
759 8 5 
760 8 5 
761 1 5 
762 1 5 
763 1 5 
764 1 5 
765 1 5 
766 1 5 
767 1 5 
768 1 5 
769 1 5 
770 1 5 
;
end;
