param S := 806;
param T := 8;
param D := 5;
param windowsize := 0;

param A := 
1 109
2 182
3 43
4 73
5 63
6 26
7 32
8 106
9 219
10 56
11 128
12 24
13 20
14 39
15 9
16 9
17 2
18 9
19 6
20 17
21 2
22 2
23 2
24 2
25 2
26 7
27 2
28 2
29 12
30 7
31 0
32 0
33 0
34 2
35 3
36 0
37 59
38 36
39 26
40 24
41 31
42 24
43 13
44 12
45 24
46 12
47 60
48 7
49 106
50 172
51 9
52 1
53 9
54 1
55 44
56 80
57 133
58 161
59 24
60 24
61 96
62 37
63 4
64 43
65 6
66 6
67 9
68 10
69 6
70 6
71 6
72 58
73 221
74 129
75 137
76 231
77 86
78 215
79 106
80 86
81 86
82 212
83 133
84 265
85 133
86 53
87 4
88 30
89 21
90 4
91 76
92 111
93 55
94 106
95 100
96 179
97 221
98 110
99 38
100 55
101 92
102 53
103 54
104 86
105 44
106 106
107 9
108 168
109 59
110 7
111 36
112 5
113 9
114 7
115 13
116 11
117 22
118 4
119 18
120 200
121 221
122 4
123 36
124 44
125 16
126 44
127 18
128 17
129 7
130 9
131 14
132 12
133 9
134 9
135 110
136 4
137 55
138 18
139 9
140 18
141 9
142 13
143 7
144 3
145 2
146 1
147 5
148 8
149 27
150 11
151 21
152 4
153 32
154 32
155 3
156 32
157 65
158 1
159 12
160 1
161 12
162 12
163 12
164 14
165 4
166 28
167 21
168 27
169 0
170 4
171 8
172 50
173 40
174 32
175 9
176 6
177 9
178 17
179 12
180 3
181 61
182 9
183 5
184 1
185 4
186 3
187 5
188 5
189 5
190 4
191 80
192 44
193 44
194 33
195 7
196 13
197 2
198 4
199 12
200 46
201 221
202 21
203 64
204 193
205 106
206 48
207 81
208 29
209 5
210 14
211 376
212 182
213 73
214 73
215 50
216 36
217 17
218 12
219 104
220 32
221 73
222 78
223 328
224 10
225 48
226 73
227 134
228 54
229 12
230 1
231 13
232 54
233 21
234 147
235 17
236 24
237 48
238 71
239 20
240 13
241 1
242 44
243 40
244 4
245 7
246 7
247 13
248 18
249 20
250 12
251 43
252 18
253 31
254 8
255 8
256 65
257 8
258 8
259 3
260 4
261 3
262 182
263 109
264 109
265 5
266 50
267 5
268 109
269 11
270 50
271 17
272 122
273 12
274 55
275 32
276 140
277 52
278 152
279 41
280 23
281 101
282 42
283 26
284 50
285 109
286 150
287 47
288 259
289 95
290 38
291 62
292 70
293 5
294 8
295 3
296 26
297 5
298 23
299 4
300 4
301 4
302 18
303 2
304 2
305 70
306 134
307 81
308 4
309 7
310 31
311 32
312 146
313 72
314 21
315 42
316 63
317 5
318 1
319 42
320 5
321 4
322 5
323 2
324 86
325 52
326 398
327 212
328 86
329 122
330 358
331 177
332 129
333 186
334 133
335 221
336 72
337 43
338 13
339 5
340 2
341 186
342 12
343 2
344 610
345 44
346 72
347 83
348 177
349 106
350 257
351 27
352 104
353 88
354 13
355 15
356 80
357 46
358 86
359 1
360 72
361 44
362 21
363 203
364 110
365 265
366 107
367 90
368 16
369 44
370 18
371 88
372 44
373 44
374 44
375 150
376 179
377 22
378 44
379 44
380 22
381 53
382 31
383 20
384 34
385 9
386 22
387 9
388 4
389 2
390 9
391 4
392 13
393 11
394 19
395 29
396 7
397 34
398 40
399 2
400 18
401 35
402 4
403 28
404 7
405 7
406 4
407 0
408 2
409 0
410 44
411 27
412 90
413 88
414 9
415 14
416 122
417 16
418 35
419 97
420 26
421 22
422 7
423 7
424 4
425 2
426 9
427 1
428 27
429 13
430 11
431 4
432 9
433 0
434 9
435 9
436 2
437 5
438 5
439 27
440 8
441 37
442 46
443 46
444 2
445 22
446 18
447 14
448 5
449 24
450 0
451 5
452 61
453 61
454 100
455 182
456 50
457 164
458 6
459 73
460 109
461 73
462 25
463 5
464 182
465 100
466 97
467 9
468 5
469 122
470 211
471 109
472 109
473 23
474 4
475 924
476 621
477 2
478 52
479 112
480 17
481 59
482 11
483 11
484 5
485 96
486 12
487 4
488 21
489 6
490 47
491 52
492 88
493 265
494 53
495 265
496 107
497 6
498 42
499 38
500 6
501 6
502 5
503 5
504 28
505 11
506 18
507 125
508 88
509 27
510 70
511 90
512 72
513 169
514 37
515 4
516 53
517 133
518 18
519 24
520 24
521 10
522 8
523 35
524 72
525 12
526 17
527 13
528 13
529 6
530 9
531 4
532 9
533 15
534 135
535 61
536 12
537 1
538 27
539 9
540 25
541 226
542 73
543 130
544 376
545 274
546 16
547 73
548 96
549 158
550 7
551 27
552 22
553 8
554 4
555 6
556 4
557 7
558 4
559 13
560 2
561 7
562 304
563 94
564 60
565 18
566 88
567 7
568 55
569 22
570 3
571 72
572 33
573 13
574 7
575 4
576 13
577 4
578 30
579 1
580 0
581 9
582 9
583 7
584 2
585 16
586 58
587 5
588 146
589 127
590 127
591 112
592 13
593 133
594 110
595 40
596 18
597 18
598 13
599 20
600 27
601 7
602 129
603 107
604 88
605 106
606 106
607 265
608 187
609 221
610 66
611 250
612 96
613 2
614 9
615 10
616 34
617 8
618 17
619 11
620 14
621 3
622 44
623 66
624 19
625 8
626 36
627 31
628 13
629 1
630 4
631 53
632 0
633 0
634 9
635 18
636 16
637 26
638 25
639 12
640 17
641 4
642 9
643 9
644 5
645 3
646 7
647 9
648 22
649 18
650 22
651 17
652 2
653 2
654 4
655 7
656 18
657 9
658 13
659 9
660 9
661 22
662 44
663 107
664 22
665 60
666 4
667 107
668 36
669 107
670 44
671 11
672 4
673 9
674 13
675 11
676 9
677 9
678 4
679 4
680 0
681 36
682 22
683 51
684 18
685 4
686 18
687 11
688 6
689 133
690 18
691 84
692 4
693 1
694 5
695 12
696 0
697 1
698 1
699 0
700 13
701 2
702 2
703 18
704 8
705 13
706 23
707 55
708 30
709 30
710 2
711 1
712 3
713 5
714 73
715 0
716 12
717 88
718 7
719 11
720 7
721 33
722 21
723 32
724 32
725 1
726 32
727 1
728 18
729 9
730 4
731 7
732 2
733 1
734 5
735 20
736 9
737 7
738 11
739 2
740 20
741 1
742 20
743 4
744 28
745 42
746 14
747 10
748 4
749 14
750 6
751 6
752 10
753 48
754 48
755 20
756 2
757 133
758 304
759 0
760 78
761 255
762 7
763 16
764 16
765 1
766 5
767 0
768 5
769 2
770 9
771 62
772 9
773 5
774 8
775 4
776 1
777 7
778 2
779 13
780 61
781 23
782 46
783 28
784 47
785 168
786 98
787 46
788 9
789 23
790 12
791 50
792 36
793 212
794 54
795 80
796 398
797 212
798 133
799 133
800 107
801 18
802 18
803 5
804 2
805 2
806 2
;

param Ttarget := 
1 1 1000
2 1 1000
3 1 1000
4 1 1000
5 1 500
6 1 500
7 1 500
8 1 500
1 2 1000
2 2 1000
3 2 1000
4 2 1000
5 2 500
6 2 500
7 2 500
8 2 500
1 3 1000
2 3 1000
3 3 1000
4 3 1000
5 3 500
6 3 500
7 3 500
8 3 500
1 4 1000
2 4 1000
3 4 1000
4 4 1000
5 4 500
6 4 500
7 4 500
8 4 500
1 5 1000
2 5 1000
3 5 1000
4 5 1000
5 5 500
6 5 500
7 5 500
8 5 500
;

set Bannlisti := 
;
set Fixlisti := 
1 2 1 
2 2 1 
3 2 1 
4 2 1 
5 2 1 
6 2 1 
7 2 1 
8 2 1 
9 2 1 
10 2 1 
11 2 1 
12 8 1 
13 8 1 
14 8 1 
15 8 1 
16 8 1 
17 8 1 
18 8 1 
19 8 1 
20 8 1 
21 8 1 
22 3 1 
23 7 1 
24 8 1 
25 7 1 
26 1 1 
27 8 1 
28 3 1 
29 1 1 
30 1 1 
31 1 1 
32 1 1 
33 6 1 
34 3 1 
35 3 1 
36 8 1 
37 4 1 
38 4 1 
39 4 1 
40 4 1 
41 4 1 
42 4 1 
43 4 1 
44 4 1 
45 4 1 
46 4 1 
47 4 1 
48 4 1 
49 4 1 
50 4 1 
51 4 1 
52 4 1 
53 4 1 
54 4 1 
55 4 1 
56 4 1 
57 4 1 
58 4 1 
59 4 1 
60 4 1 
61 8 1 
62 8 1 
63 3 1 
64 8 1 
65 6 1 
66 6 1 
67 6 1 
68 6 1 
69 6 1 
70 6 1 
71 6 1 
72 6 1 
73 6 1 
74 6 1 
75 6 1 
76 6 1 
77 6 1 
78 6 1 
79 6 1 
80 6 1 
81 6 1 
82 6 1 
83 6 1 
84 6 1 
85 6 1 
86 6 1 
87 6 1 
88 6 1 
89 8 1 
90 6 1 
91 6 1 
92 6 1 
93 6 1 
94 6 1 
95 6 1 
96 6 1 
97 6 1 
98 6 1 
99 6 1 
100 7 1 
101 7 1 
102 7 1 
103 7 1 
104 7 1 
105 7 1 
106 7 1 
107 7 1 
108 7 1 
109 7 1 
110 7 1 
111 7 1 
112 7 1 
113 7 1 
114 7 1 
115 7 1 
116 7 1 
117 7 1 
118 7 1 
119 7 1 
120 7 1 
121 7 1 
122 7 1 
123 7 1 
124 7 1 
125 7 1 
126 7 1 
127 7 1 
128 7 1 
129 7 1 
130 7 1 
131 7 1 
132 7 1 
133 7 1 
134 7 1 
135 8 1 
136 8 1 
137 8 1 
138 8 1 
139 8 1 
140 8 1 
141 8 1 
142 7 1 
143 7 1 
144 7 1 
145 7 1 
146 7 1 
147 7 1 
148 7 1 
149 7 1 
150 7 1 
151 6 1 
152 7 1 
153 7 1 
154 7 1 
155 7 1 
156 7 1 
157 7 1 
158 7 1 
159 7 1 
160 7 1 
161 7 1 
162 7 1 
163 7 1 
164 7 1 
165 7 1 
166 7 1 
167 7 1 
168 7 1 
169 7 1 
170 7 1 
171 7 1 
172 8 1 
173 8 1 
174 8 1 
175 8 1 
176 8 1 
177 8 1 
178 8 1 
179 8 1 
180 8 1 
181 8 1 
182 8 1 
183 7 1 
184 7 1 
185 7 1 
186 7 1 
187 7 1 
188 7 1 
189 7 1 
190 7 1 
191 8 1 
192 8 1 
193 8 1 
194 8 1 
195 8 1 
196 8 1 
197 8 1 
198 8 1 
199 8 1 
200 7 1 
201 1 1 
202 1 1 
203 1 1 
204 1 1 
205 1 1 
206 1 1 
207 1 1 
208 1 1 
209 1 1 
210 1 1 
211 1 2 
212 1 2 
213 1 2 
214 1 2 
215 1 2 
216 1 2 
217 1 2 
218 1 2 
219 1 2 
220 4 2 
221 4 2 
222 4 2 
223 2 2 
224 2 2 
225 2 2 
226 2 2 
227 2 2 
228 2 2 
229 2 2 
230 8 2 
231 8 2 
232 8 2 
233 8 2 
234 4 2 
235 4 2 
236 4 2 
237 4 2 
238 4 2 
239 4 2 
240 4 2 
241 7 2 
242 7 2 
243 7 2 
244 7 2 
245 7 2 
246 8 2 
247 7 2 
248 7 2 
249 7 2 
250 8 2 
251 8 2 
252 8 2 
253 8 2 
254 8 2 
255 8 2 
256 7 2 
257 8 2 
258 8 2 
259 8 2 
260 8 2 
261 8 2 
262 1 2 
263 1 2 
264 1 2 
265 1 2 
266 1 2 
267 1 2 
268 1 2 
269 1 2 
270 1 2 
271 1 2 
272 1 2 
273 1 2 
274 1 2 
275 1 2 
276 1 2 
277 1 2 
278 1 2 
279 1 2 
280 1 2 
281 1 2 
282 1 2 
283 1 2 
284 1 2 
285 1 2 
286 1 2 
287 1 2 
288 1 2 
289 1 2 
290 1 2 
291 1 2 
292 1 2 
293 1 2 
294 1 2 
295 1 2 
296 2 5 
297 2 5 
298 2 5 
299 1 2 
300 1 2 
301 1 2 
302 1 2 
303 1 2 
304 1 2 
305 1 2 
306 1 2 
307 1 2 
308 1 2 
309 1 2 
310 2 5 
311 2 5 
312 2 5 
313 2 5 
314 8 5 
315 8 5 
316 8 5 
317 8 5 
318 8 5 
319 8 5 
320 8 5 
321 8 5 
322 8 5 
323 8 5 
324 7 5 
325 3 5 
326 3 5 
327 3 5 
328 3 5 
329 3 5 
330 3 5 
331 3 5 
332 3 5 
333 3 5 
334 3 5 
335 3 5 
336 3 5 
337 3 5 
338 3 5 
339 3 5 
340 3 5 
341 3 5 
342 3 5 
343 3 5 
344 3 5 
345 3 5 
346 3 5 
347 3 5 
348 3 5 
349 3 5 
350 3 5 
351 3 5 
352 3 5 
353 3 5 
354 3 5 
355 3 5 
356 8 5 
357 7 5 
358 5 5 
359 5 5 
360 5 5 
361 5 5 
362 5 5 
363 5 5 
364 5 5 
365 5 5 
366 5 5 
367 5 5 
368 5 5 
369 5 5 
370 5 5 
371 5 5 
372 5 5 
373 5 5 
374 5 5 
375 5 5 
376 5 5 
377 5 5 
378 5 5 
379 5 5 
380 5 5 
381 5 5 
382 5 5 
383 5 5 
384 5 5 
385 5 5 
386 5 5 
387 5 5 
388 5 5 
389 5 5 
390 5 5 
391 5 5 
392 5 5 
393 5 5 
394 5 5 
395 5 5 
396 5 5 
397 5 5 
398 5 5 
399 5 5 
400 5 5 
401 5 5 
402 5 5 
403 5 5 
404 5 5 
405 5 5 
406 5 5 
407 8 5 
408 8 5 
409 8 5 
410 5 5 
411 5 5 
412 5 5 
413 5 5 
414 5 5 
415 8 5 
416 8 5 
417 8 5 
418 7 5 
419 7 5 
420 7 5 
421 8 5 
422 8 5 
423 8 5 
424 8 5 
425 8 5 
426 8 5 
427 8 5 
428 7 5 
429 7 5 
430 7 5 
431 7 5 
432 7 5 
433 7 5 
434 7 5 
435 7 5 
436 7 5 
437 7 5 
438 7 5 
439 7 5 
440 7 5 
441 7 5 
442 7 5 
443 7 5 
444 8 5 
445 8 5 
446 8 5 
447 8 5 
448 1 5 
449 1 5 
450 1 5 
451 1 5 
452 1 5 
453 1 5 
454 1 5 
455 1 5 
456 1 5 
457 1 5 
458 1 5 
459 1 5 
460 1 5 
461 1 5 
462 1 5 
463 1 5 
464 1 5 
465 1 5 
466 1 5 
467 1 5 
468 1 5 
469 1 5 
470 2 5 
471 2 5 
472 2 5 
473 7 6 
474 4 6 
475 4 6 
476 4 6 
477 4 6 
478 4 6 
479 4 6 
480 4 6 
481 4 6 
482 6 6 
483 6 6 
484 6 6 
485 6 6 
486 6 6 
487 6 6 
488 6 6 
489 6 6 
490 6 6 
491 6 6 
492 6 6 
493 6 6 
494 6 6 
495 6 6 
496 6 6 
497 6 6 
498 6 6 
499 6 6 
500 6 6 
501 6 6 
502 6 6 
503 6 6 
504 6 6 
505 6 6 
506 6 6 
507 6 6 
508 6 6 
509 6 6 
510 6 6 
511 6 6 
512 6 6 
513 6 6 
514 6 6 
515 6 6 
516 8 6 
517 8 6 
518 8 6 
519 8 6 
520 8 6 
521 7 6 
522 7 6 
523 8 6 
524 8 6 
525 8 6 
526 8 6 
527 8 6 
528 8 6 
529 8 6 
530 8 6 
531 8 6 
532 8 6 
533 8 6 
534 8 6 
535 8 6 
536 8 6 
537 8 6 
538 8 6 
539 8 6 
540 1 6 
541 1 6 
542 1 6 
543 1 6 
544 1 6 
545 1 6 
546 1 6 
547 1 6 
548 1 6 
549 1 6 
550 1 6 
551 1 6 
552 8 7 
553 8 7 
554 8 7 
555 8 7 
556 8 7 
557 8 7 
558 8 7 
559 8 7 
560 8 7 
561 8 7 
562 8 7 
563 8 7 
564 8 7 
565 8 7 
566 8 7 
567 8 7 
568 8 7 
569 8 7 
570 8 7 
571 2 7 
572 2 7 
573 2 7 
574 2 7 
575 2 7 
576 2 7 
577 2 7 
578 2 7 
579 8 7 
580 8 7 
581 8 7 
582 8 7 
583 8 7 
584 8 7 
585 8 7 
586 2 7 
587 8 7 
588 2 7 
589 2 7 
590 2 7 
591 2 7 
592 3 7 
593 3 7 
594 3 7 
595 3 7 
596 3 7 
597 3 7 
598 3 7 
599 3 7 
600 3 7 
601 3 7 
602 3 7 
603 3 7 
604 3 7 
605 3 7 
606 3 7 
607 3 7 
608 3 7 
609 3 7 
610 3 7 
611 3 7 
612 3 7 
613 3 7 
614 3 7 
615 3 7 
616 3 7 
617 3 7 
618 3 7 
619 3 7 
620 3 7 
621 3 7 
622 3 7 
623 3 7 
624 3 7 
625 3 7 
626 3 7 
627 3 7 
628 3 7 
629 3 7 
630 3 7 
631 3 7 
632 3 7 
633 3 7 
634 3 7 
635 3 7 
636 3 7 
637 3 7 
638 3 7 
639 3 7 
640 3 7 
641 3 7 
642 3 7 
643 3 7 
644 3 7 
645 3 7 
646 3 7 
647 3 7 
648 4 7 
649 4 7 
650 8 6 
651 5 7 
652 5 7 
653 5 7 
654 5 7 
655 5 7 
656 5 7 
657 5 7 
658 5 7 
659 5 7 
660 5 7 
661 5 7 
662 5 7 
663 5 7 
664 5 7 
665 5 7 
666 5 7 
667 5 7 
668 5 7 
669 5 7 
670 5 7 
671 5 7 
672 5 7 
673 5 7 
674 5 7 
675 5 7 
676 5 7 
677 5 7 
678 5 7 
679 5 7 
680 5 7 
681 5 7 
682 5 7 
683 5 7 
684 5 7 
685 5 7 
686 5 7 
687 5 7 
688 5 7 
689 7 7 
690 7 7 
691 7 7 
692 8 7 
693 7 7 
694 7 7 
695 7 7 
696 7 7 
697 7 7 
698 7 7 
699 7 7 
700 8 7 
701 8 7 
702 8 7 
703 8 7 
704 8 7 
705 7 7 
706 7 7 
707 7 7 
708 7 7 
709 7 7 
710 7 7 
711 7 7 
712 7 7 
713 7 7 
714 7 7 
715 7 7 
716 7 7 
717 7 7 
718 8 7 
719 8 7 
720 8 7 
721 8 7 
722 8 7 
723 7 7 
724 7 7 
725 7 7 
726 7 7 
727 8 7 
728 8 7 
729 8 7 
730 8 7 
731 8 7 
732 8 7 
733 8 7 
734 8 7 
735 8 7 
736 8 7 
737 8 7 
738 8 7 
739 8 7 
740 8 7 
741 8 7 
742 8 7 
743 8 7 
744 8 7 
745 8 7 
746 8 7 
747 8 7 
748 8 7 
749 8 7 
750 3 7 
751 3 7 
752 3 7 
753 3 7 
754 3 7 
755 3 7 
756 3 7 
757 8 7 
758 8 7 
759 4 7 
760 4 7 
761 4 7 
762 8 7 
763 8 7 
764 8 7 
765 4 7 
766 8 7 
767 8 7 
768 8 7 
769 8 7 
770 8 7 
771 1 7 
772 1 7 
773 1 7 
774 1 7 
775 1 7 
776 1 7 
777 1 7 
778 1 7 
779 1 7 
780 1 7 
781 1 7 
782 1 7 
783 1 7 
784 1 7 
785 1 7 
786 1 7 
787 1 7 
788 1 7 
789 1 7 
790 1 7 
791 1 7 
792 1 7 
793 1 7 
794 1 7 
795 1 7 
796 1 7 
797 1 7 
798 1 7 
799 1 7 
800 1 7 
801 1 7 
802 2 7 
803 2 7 
804 2 7 
805 2 7 
806 2 7 
;
end;
