param S := 918;
param T := 8;
param D := 5;
param windowsize := 0;

param A := 
1 18
2 18
3 15
4 18
5 7
6 2
7 181
8 15
9 80
10 51
11 88
12 23
13 15
14 143
15 0
16 5
17 3
18 36
19 168
20 35
21 47
22 36
23 24
24 34
25 63
26 16
27 179
28 11
29 9
30 32
31 88
32 44
33 18
34 100
35 4
36 28
37 14
38 27
39 13
40 11
41 12
42 17
43 36
44 36
45 36
46 72
47 129
48 44
49 44
50 11
51 4
52 2
53 4
54 4
55 358
56 66
57 42
58 106
59 80
60 106
61 88
62 150
63 86
64 133
65 179
66 221
67 83
68 36
69 36
70 34
71 72
72 53
73 7
74 114
75 18
76 11
77 24
78 36
79 32
80 34
81 71
82 71
83 76
84 55
85 6
86 23
87 11
88 2
89 44
90 88
91 4
92 21
93 18
94 24
95 13
96 44
97 13
98 4
99 9
100 4
101 22
102 7
103 8
104 25
105 8
106 9
107 12
108 9
109 8
110 2
111 40
112 6
113 10
114 221
115 22
116 29
117 20
118 32
119 118
120 34
121 86
122 22
123 18
124 107
125 84
126 37
127 18
128 43
129 36
130 110
131 46
132 7
133 150
134 86
135 86
136 64
137 13
138 4
139 9
140 4
141 9
142 13
143 9
144 15
145 8
146 2
147 13
148 38
149 44
150 106
151 37
152 28
153 55
154 53
155 44
156 55
157 80
158 25
159 90
160 26
161 9
162 130
163 12
164 24
165 9
166 5
167 1
168 1
169 18
170 18
171 2
172 2
173 14
174 2
175 4
176 5
177 4
178 2
179 14
180 46
181 12
182 92
183 5
184 5
185 23
186 7
187 34
188 35
189 29
190 11
191 1
192 3
193 4
194 2
195 1
196 0
197 0
198 4
199 3
200 11
201 2
202 6
203 1
204 18
205 18
206 8
207 8
208 8
209 4
210 18
211 55
212 22
213 55
214 11
215 9
216 110
217 9
218 7
219 5
220 4
221 4
222 9
223 4
224 9
225 8
226 14
227 1
228 9
229 12
230 13
231 9
232 4
233 13
234 7
235 133
236 13
237 44
238 22
239 36
240 47
241 152
242 47
243 62
244 48
245 85
246 81
247 81
248 79
249 1
250 267
251 47
252 1
253 109
254 109
255 73
256 109
257 73
258 37
259 5
260 51
261 5
262 221
263 96
264 79
265 133
266 6
267 36
268 18
269 4
270 9
271 127
272 6
273 106
274 56
275 43
276 73
277 9
278 7
279 24
280 15
281 7
282 50
283 106
284 65
285 52
286 107
287 265
288 86
289 141
290 106
291 107
292 86
293 129
294 177
295 7
296 17
297 11
298 13
299 22
300 4
301 21
302 11
303 19
304 18
305 9
306 9
307 4
308 17
309 8
310 3
311 4
312 11
313 13
314 18
315 36
316 8
317 44
318 22
319 66
320 7
321 33
322 88
323 36
324 7
325 44
326 2
327 8
328 8
329 9
330 14
331 13
332 1
333 32
334 125
335 125
336 125
337 125
338 125
339 23
340 14
341 219
342 18
343 15
344 92
345 8
346 52
347 113
348 34
349 80
350 8
351 22
352 18
353 72
354 22
355 106
356 86
357 13
358 2
359 11
360 4
361 4
362 9
363 6
364 4
365 7
366 9
367 9
368 13
369 8
370 4
371 190
372 84
373 26
374 5
375 4
376 15
377 13
378 164
379 109
380 52
381 91
382 18
383 73
384 68
385 38
386 88
387 53
388 130
389 22
390 146
391 46
392 139
393 13
394 4
395 34
396 4
397 6
398 20
399 4
400 7
401 7
402 12
403 18
404 7
405 18
406 2
407 18
408 14
409 12
410 7
411 7
412 6
413 18
414 18
415 5
416 5
417 1
418 2
419 3
420 3
421 5
422 3
423 7
424 4
425 4
426 4
427 9
428 5
429 7
430 4
431 18
432 22
433 114
434 27
435 4
436 27
437 59
438 48
439 24
440 24
441 36
442 6
443 24
444 69
445 104
446 9
447 36
448 86
449 36
450 110
451 215
452 36
453 44
454 179
455 22
456 12
457 18
458 22
459 44
460 80
461 62
462 8
463 2
464 31
465 88
466 7
467 179
468 60
469 22
470 8
471 49
472 9
473 35
474 12
475 9
476 9
477 5
478 27
479 4
480 88
481 8
482 9
483 7
484 9
485 8
486 8
487 2
488 9
489 5
490 49
491 19
492 7
493 27
494 114
495 73
496 18
497 18
498 46
499 72
500 36
501 86
502 33
503 5
504 9
505 11
506 7
507 11
508 55
509 150
510 186
511 20
512 18
513 102
514 11
515 22
516 2
517 3
518 4
519 5
520 109
521 109
522 55
523 55
524 109
525 55
526 48
527 81
528 146
529 11
530 17
531 100
532 100
533 12
534 134
535 474
536 4
537 4
538 24
539 2
540 27
541 9
542 4
543 9
544 2
545 2
546 2
547 106
548 133
549 122
550 186
551 86
552 44
553 11
554 13
555 44
556 44
557 27
558 22
559 5
560 21
561 88
562 24
563 111
564 42
565 23
566 44
567 83
568 35
569 27
570 118
571 72
572 250
573 187
574 29
575 66
576 13
577 4
578 4
579 17
580 5
581 7
582 4
583 7
584 64
585 146
586 107
587 106
588 113
589 150
590 107
591 106
592 215
593 197
594 129
595 42
596 52
597 249
598 221
599 150
600 333
601 215
602 88
603 133
604 94
605 110
606 411
607 141
608 85
609 358
610 84
611 6
612 4
613 4
614 9
615 8
616 44
617 106
618 53
619 53
620 133
621 9
622 6
623 13
624 6
625 3
626 9
627 10
628 86
629 2
630 212
631 2
632 2
633 107
634 14
635 4
636 18
637 55
638 8
639 4
640 20
641 22
642 7
643 4
644 9
645 9
646 8
647 16
648 6
649 15
650 20
651 24
652 2
653 2
654 2
655 5
656 4
657 2
658 2
659 2
660 4
661 4
662 4
663 74
664 5
665 2
666 17
667 50
668 50
669 97
670 50
671 36
672 134
673 23
674 221
675 134
676 96
677 106
678 124
679 133
680 8
681 38
682 51
683 78
684 61
685 6
686 7
687 2
688 2
689 13
690 4
691 4
692 2
693 5
694 109
695 91
696 109
697 146
698 18
699 134
700 6
701 36
702 24
703 24
704 52
705 69
706 59
707 48
708 9
709 49
710 44
711 106
712 133
713 172
714 25
715 72
716 28
717 37
718 29
719 20
720 106
721 8
722 8
723 12
724 81
725 88
726 13
727 7
728 107
729 129
730 133
731 44
732 22
733 8
734 11
735 13
736 9
737 4
738 13
739 265
740 106
741 22
742 22
743 215
744 203
745 100
746 55
747 203
748 27
749 11
750 11
751 4
752 44
753 10
754 4
755 7
756 5
757 3
758 4
759 7
760 12
761 12
762 2
763 11
764 13
765 2
766 9
767 2
768 13
769 6
770 9
771 11
772 7
773 7
774 4
775 2
776 2
777 5
778 22
779 18
780 44
781 7
782 18
783 14
784 12
785 4
786 28
787 42
788 14
789 14
790 3
791 86
792 4
793 22
794 18
795 44
796 7
797 7
798 106
799 5
800 2
801 3
802 16
803 4
804 10
805 3
806 5
807 4
808 7
809 16
810 11
811 4
812 13
813 0
814 3
815 1
816 1
817 1
818 12
819 24
820 26
821 9
822 12
823 1
824 0
825 0
826 79
827 107
828 4
829 36
830 7
831 4
832 1
833 6
834 44
835 15
836 13
837 11
838 31
839 11
840 4
841 13
842 18
843 60
844 9
845 18
846 11
847 4
848 29
849 35
850 12
851 12
852 24
853 72
854 4
855 2
856 13
857 11
858 11
859 5
860 4
861 2
862 2
863 2
864 2
865 13
866 2
867 7
868 2
869 7
870 6
871 6
872 7
873 2
874 1
875 4
876 5
877 4
878 5
879 0
880 8
881 42
882 9
883 3
884 15
885 9
886 34
887 8
888 51
889 6
890 4
891 11
892 4
893 18
894 5
895 2
896 144
897 6
898 5
899 11
900 16
901 243
902 61
903 16
904 122
905 2
906 24
907 10
908 17
909 15
910 1
911 22
912 5
913 2
914 5
915 3
916 9
917 2
918 5
;

param Ttarget := 
1 1 1000
2 1 1000
3 1 1000
4 1 1000
5 1 500
6 1 500
7 1 500
8 1 500
1 2 1000
2 2 1000
3 2 1000
4 2 1000
5 2 500
6 2 500
7 2 500
8 2 500
1 3 1000
2 3 1000
3 3 1000
4 3 1000
5 3 500
6 3 500
7 3 500
8 3 500
1 4 1000
2 4 1000
3 4 1000
4 4 1000
5 4 500
6 4 500
7 4 500
8 4 500
1 5 1000
2 5 1000
3 5 1000
4 5 1000
5 5 500
6 5 500
7 5 500
8 5 500
;

set Bannlisti := 
;
set Fixlisti := 
1 1 1 
2 1 1 
3 1 1 
4 1 1 
5 1 1 
6 1 1 
7 1 1 
8 1 1 
9 1 1 
10 1 1 
11 1 1 
12 1 1 
13 1 1 
14 1 1 
15 8 1 
16 2 1 
17 2 1 
18 2 1 
19 4 1 
20 2 1 
21 2 1 
22 4 1 
23 4 1 
24 4 1 
25 4 1 
26 2 1 
27 2 1 
28 2 1 
29 2 1 
30 2 1 
31 2 1 
32 2 1 
33 2 1 
34 2 1 
35 2 1 
36 2 1 
37 2 1 
38 2 1 
39 2 1 
40 8 1 
41 8 1 
42 8 1 
43 8 1 
44 8 1 
45 8 1 
46 8 1 
47 8 1 
48 8 1 
49 8 1 
50 8 1 
51 8 1 
52 8 1 
53 8 1 
54 8 1 
55 3 1 
56 3 1 
57 3 1 
58 3 1 
59 3 1 
60 3 1 
61 3 1 
62 3 1 
63 3 1 
64 3 1 
65 3 1 
66 3 1 
67 3 1 
68 3 1 
69 3 1 
70 3 1 
71 3 1 
72 3 1 
73 3 1 
74 3 1 
75 3 1 
76 3 1 
77 3 1 
78 3 1 
79 3 1 
80 3 1 
81 3 1 
82 3 1 
83 3 1 
84 3 1 
85 3 1 
86 3 1 
87 3 1 
88 3 1 
89 3 1 
90 3 1 
91 3 1 
92 3 1 
93 3 1 
94 3 1 
95 3 1 
96 3 1 
97 3 1 
98 3 1 
99 3 1 
100 3 1 
101 3 1 
102 3 1 
103 3 1 
104 3 1 
105 3 1 
106 3 1 
107 3 1 
108 3 1 
109 3 1 
110 3 1 
111 4 1 
112 6 1 
113 6 1 
114 6 1 
115 6 1 
116 6 1 
117 6 1 
118 6 1 
119 6 1 
120 6 1 
121 6 1 
122 6 1 
123 6 1 
124 6 1 
125 6 1 
126 6 1 
127 6 1 
128 6 1 
129 6 1 
130 6 1 
131 6 1 
132 6 1 
133 6 1 
134 6 1 
135 6 1 
136 6 1 
137 6 1 
138 6 1 
139 6 1 
140 6 1 
141 6 1 
142 6 1 
143 6 1 
144 6 1 
145 6 1 
146 6 1 
147 6 1 
148 6 1 
149 6 1 
150 6 1 
151 6 1 
152 6 1 
153 6 1 
154 6 1 
155 6 1 
156 6 1 
157 6 1 
158 6 1 
159 6 1 
160 7 1 
161 7 1 
162 7 1 
163 7 1 
164 7 1 
165 7 1 
166 7 1 
167 7 1 
168 8 1 
169 7 1 
170 7 1 
171 7 1 
172 7 1 
173 7 1 
174 7 1 
175 7 1 
176 7 1 
177 7 1 
178 7 1 
179 7 1 
180 7 1 
181 7 1 
182 7 1 
183 7 1 
184 7 1 
185 7 1 
186 7 1 
187 7 1 
188 3 1 
189 3 1 
190 7 1 
191 7 1 
192 7 1 
193 7 1 
194 7 1 
195 7 1 
196 7 1 
197 7 1 
198 7 1 
199 7 1 
200 7 1 
201 7 1 
202 7 1 
203 7 1 
204 7 1 
205 7 1 
206 7 1 
207 7 1 
208 7 1 
209 7 1 
210 7 1 
211 7 1 
212 7 1 
213 7 1 
214 7 1 
215 7 1 
216 7 1 
217 7 1 
218 7 1 
219 7 1 
220 8 1 
221 8 1 
222 8 1 
223 8 1 
224 8 1 
225 8 1 
226 8 1 
227 7 1 
228 8 1 
229 8 1 
230 8 1 
231 8 1 
232 8 1 
233 8 1 
234 8 1 
235 8 1 
236 8 1 
237 8 1 
238 8 1 
239 8 1 
240 1 1 
241 1 1 
242 1 1 
243 1 1 
244 1 1 
245 1 1 
246 1 1 
247 1 1 
248 1 1 
249 1 1 
250 1 1 
251 1 1 
252 1 1 
253 1 1 
254 1 1 
255 1 1 
256 1 1 
257 1 1 
258 1 1 
259 1 1 
260 1 1 
261 1 1 
262 1 1 
263 1 1 
264 1 1 
265 1 1 
266 1 1 
267 1 1 
268 1 1 
269 1 1 
270 2 2 
271 2 2 
272 2 2 
273 2 2 
274 2 2 
275 2 2 
276 2 2 
277 8 2 
278 2 2 
279 8 2 
280 8 2 
281 8 2 
282 8 2 
283 3 2 
284 3 2 
285 3 2 
286 3 2 
287 3 2 
288 3 2 
289 3 2 
290 3 2 
291 3 2 
292 3 2 
293 3 2 
294 3 2 
295 3 2 
296 3 2 
297 3 2 
298 3 2 
299 3 2 
300 3 2 
301 3 2 
302 3 2 
303 3 2 
304 3 2 
305 3 2 
306 3 2 
307 3 2 
308 3 2 
309 3 2 
310 3 2 
311 3 2 
312 3 2 
313 3 2 
314 3 2 
315 3 2 
316 3 2 
317 3 2 
318 3 2 
319 3 2 
320 3 2 
321 3 2 
322 3 2 
323 8 2 
324 8 2 
325 8 2 
326 8 2 
327 8 2 
328 8 2 
329 8 2 
330 8 2 
331 8 2 
332 8 2 
333 1 2 
334 1 2 
335 1 2 
336 1 2 
337 1 2 
338 1 2 
339 1 2 
340 1 2 
341 1 2 
342 1 2 
343 1 2 
344 1 2 
345 1 2 
346 1 2 
347 1 2 
348 1 2 
349 1 2 
350 1 2 
351 1 2 
352 1 2 
353 1 2 
354 1 2 
355 1 2 
356 1 2 
357 1 2 
358 1 2 
359 1 2 
360 1 2 
361 1 2 
362 1 2 
363 1 2 
364 1 2 
365 1 3 
366 1 3 
367 1 3 
368 1 3 
369 1 3 
370 1 3 
371 2 3 
372 2 3 
373 2 3 
374 2 3 
375 2 3 
376 2 3 
377 2 3 
378 2 3 
379 2 3 
380 2 3 
381 2 3 
382 2 3 
383 2 3 
384 2 3 
385 2 3 
386 2 3 
387 2 3 
388 2 3 
389 2 3 
390 2 3 
391 2 3 
392 2 3 
393 2 3 
394 2 3 
395 2 3 
396 8 3 
397 8 3 
398 8 3 
399 8 3 
400 8 3 
401 8 3 
402 8 3 
403 8 3 
404 8 3 
405 8 3 
406 8 3 
407 8 3 
408 8 3 
409 8 3 
410 8 3 
411 8 3 
412 8 3 
413 8 3 
414 8 3 
415 8 3 
416 8 3 
417 8 3 
418 8 3 
419 8 3 
420 8 3 
421 8 3 
422 8 3 
423 8 3 
424 8 3 
425 8 3 
426 8 3 
427 8 3 
428 8 3 
429 8 3 
430 8 3 
431 8 3 
432 8 3 
433 8 3 
434 8 3 
435 8 3 
436 8 3 
437 4 3 
438 4 3 
439 4 3 
440 4 3 
441 4 3 
442 4 3 
443 4 3 
444 4 3 
445 4 3 
446 4 3 
447 4 3 
448 5 3 
449 5 3 
450 5 3 
451 5 3 
452 5 3 
453 5 3 
454 5 3 
455 5 3 
456 5 3 
457 5 3 
458 5 3 
459 5 3 
460 5 3 
461 5 3 
462 5 3 
463 5 3 
464 5 3 
465 5 3 
466 5 3 
467 5 3 
468 5 3 
469 5 3 
470 8 3 
471 3 3 
472 3 3 
473 3 3 
474 3 3 
475 3 3 
476 8 3 
477 8 3 
478 8 3 
479 7 3 
480 7 3 
481 7 3 
482 7 3 
483 7 3 
484 7 3 
485 7 3 
486 7 3 
487 8 3 
488 8 3 
489 8 3 
490 3 3 
491 7 3 
492 7 3 
493 7 3 
494 7 3 
495 7 3 
496 7 3 
497 7 3 
498 7 3 
499 7 3 
500 7 3 
501 7 3 
502 7 3 
503 7 3 
504 7 3 
505 7 3 
506 3 3 
507 3 3 
508 3 3 
509 3 3 
510 3 3 
511 3 3 
512 5 3 
513 5 3 
514 5 3 
515 5 3 
516 5 3 
517 8 3 
518 8 3 
519 8 3 
520 1 3 
521 1 3 
522 1 3 
523 1 3 
524 1 3 
525 1 3 
526 1 3 
527 1 3 
528 1 3 
529 1 3 
530 1 3 
531 1 3 
532 1 3 
533 1 3 
534 1 3 
535 2 4 
536 8 4 
537 8 4 
538 8 4 
539 8 4 
540 8 4 
541 8 4 
542 8 4 
543 8 4 
544 8 4 
545 8 4 
546 8 4 
547 3 4 
548 3 4 
549 3 4 
550 3 4 
551 3 4 
552 3 4 
553 3 4 
554 3 4 
555 3 4 
556 3 4 
557 3 4 
558 3 4 
559 3 4 
560 3 4 
561 3 4 
562 3 4 
563 3 4 
564 3 4 
565 3 4 
566 3 4 
567 3 4 
568 3 4 
569 3 4 
570 3 4 
571 3 4 
572 3 4 
573 3 4 
574 3 4 
575 3 4 
576 3 4 
577 3 4 
578 3 4 
579 3 4 
580 3 4 
581 3 4 
582 3 4 
583 3 4 
584 3 4 
585 3 4 
586 3 4 
587 3 4 
588 3 4 
589 3 4 
590 3 4 
591 3 4 
592 3 4 
593 3 4 
594 6 4 
595 6 4 
596 6 4 
597 6 4 
598 6 4 
599 6 4 
600 6 4 
601 6 4 
602 6 4 
603 6 4 
604 6 4 
605 6 4 
606 6 4 
607 6 4 
608 6 4 
609 6 4 
610 6 4 
611 6 4 
612 6 4 
613 6 4 
614 6 4 
615 6 4 
616 6 4 
617 6 4 
618 6 4 
619 6 4 
620 6 4 
621 6 4 
622 6 4 
623 6 4 
624 6 4 
625 6 4 
626 6 4 
627 6 4 
628 6 4 
629 6 4 
630 6 4 
631 6 4 
632 6 4 
633 6 4 
634 8 4 
635 8 4 
636 8 4 
637 8 4 
638 8 4 
639 7 4 
640 7 4 
641 7 4 
642 7 4 
643 7 4 
644 7 4 
645 7 4 
646 7 4 
647 8 4 
648 7 4 
649 7 4 
650 8 4 
651 8 4 
652 8 4 
653 8 4 
654 8 4 
655 8 4 
656 8 4 
657 8 4 
658 8 4 
659 8 4 
660 8 4 
661 8 4 
662 8 4 
663 8 4 
664 8 4 
665 8 4 
666 1 4 
667 1 4 
668 1 4 
669 1 4 
670 1 4 
671 1 4 
672 1 4 
673 1 4 
674 1 4 
675 1 4 
676 1 4 
677 1 4 
678 1 4 
679 1 4 
680 1 4 
681 1 4 
682 1 4 
683 4 5 
684 8 5 
685 1 5 
686 1 5 
687 1 5 
688 1 5 
689 1 5 
690 1 5 
691 1 5 
692 1 5 
693 1 5 
694 2 5 
695 2 5 
696 2 5 
697 2 5 
698 2 5 
699 2 5 
700 4 5 
701 4 5 
702 4 5 
703 4 5 
704 4 5 
705 4 5 
706 4 5 
707 4 5 
708 4 5 
709 4 5 
710 4 5 
711 4 5 
712 4 5 
713 4 5 
714 4 5 
715 4 5 
716 4 5 
717 4 5 
718 4 5 
719 4 5 
720 4 5 
721 7 5 
722 7 5 
723 4 5 
724 4 5 
725 4 5 
726 4 5 
727 4 5 
728 4 5 
729 4 5 
730 4 5 
731 4 5 
732 5 5 
733 5 5 
734 5 5 
735 5 5 
736 5 5 
737 5 5 
738 5 5 
739 5 5 
740 5 5 
741 5 5 
742 5 5 
743 5 5 
744 5 5 
745 5 5 
746 5 5 
747 5 5 
748 5 5 
749 5 5 
750 6 5 
751 7 5 
752 7 5 
753 8 5 
754 8 5 
755 7 5 
756 7 5 
757 7 5 
758 7 5 
759 7 5 
760 8 5 
761 8 5 
762 1 5 
763 8 5 
764 8 5 
765 8 5 
766 8 5 
767 7 5 
768 7 5 
769 7 5 
770 7 5 
771 7 5 
772 7 5 
773 7 5 
774 7 5 
775 7 5 
776 7 5 
777 7 5 
778 3 5 
779 3 5 
780 8 5 
781 8 5 
782 8 5 
783 8 5 
784 8 5 
785 8 5 
786 8 5 
787 8 5 
788 8 5 
789 8 5 
790 8 5 
791 7 5 
792 7 5 
793 7 5 
794 7 5 
795 7 5 
796 7 5 
797 7 5 
798 7 5 
799 7 5 
800 7 5 
801 8 5 
802 8 5 
803 8 5 
804 8 5 
805 8 5 
806 8 5 
807 8 5 
808 8 5 
809 8 5 
810 8 5 
811 8 5 
812 8 5 
813 8 5 
814 8 5 
815 8 5 
816 8 5 
817 8 5 
818 8 5 
819 8 5 
820 8 5 
821 8 5 
822 8 5 
823 8 5 
824 8 5 
825 8 5 
826 8 5 
827 8 5 
828 8 5 
829 8 5 
830 8 5 
831 8 5 
832 8 5 
833 8 5 
834 8 5 
835 8 5 
836 8 5 
837 8 5 
838 8 5 
839 8 5 
840 8 5 
841 8 5 
842 8 5 
843 8 5 
844 8 5 
845 8 5 
846 8 5 
847 8 5 
848 8 5 
849 8 5 
850 3 5 
851 3 5 
852 3 5 
853 3 5 
854 3 5 
855 3 5 
856 8 5 
857 8 5 
858 8 5 
859 8 5 
860 8 5 
861 8 5 
862 8 5 
863 8 5 
864 8 5 
865 8 5 
866 8 5 
867 8 5 
868 8 5 
869 8 5 
870 8 5 
871 8 5 
872 8 5 
873 8 5 
874 8 5 
875 6 5 
876 6 5 
877 1 5 
878 1 5 
879 2 5 
880 1 5 
881 1 5 
882 1 5 
883 1 5 
884 1 5 
885 1 5 
886 1 5 
887 1 5 
888 1 5 
889 1 5 
890 1 5 
891 1 5 
892 1 5 
893 1 5 
894 1 5 
895 1 5 
896 1 5 
897 1 5 
898 1 5 
899 1 5 
900 1 5 
901 1 5 
902 1 5 
903 1 5 
904 1 5 
905 1 5 
906 1 5 
907 1 5 
908 1 5 
909 1 5 
910 1 5 
911 1 5 
912 1 5 
913 1 5 
914 1 5 
915 1 5 
916 1 5 
917 1 5 
918 8 5 
;
end;
