param S := 564;
param T := 8;
param D := 5;
param windowsize := 0;

param A := 
1 189
2 6
3 73
4 18
5 86
6 88
7 86
8 13
9 74
10 11
11 11
12 83
13 88
14 13
15 44
16 44
17 18
18 27
19 2
20 106
21 88
22 122
23 8
24 44
25 9
26 9
27 18
28 8
29 8
30 20
31 22
32 4
33 18
34 4
35 4
36 2
37 2
38 2
39 20
40 36
41 10
42 34
43 24
44 63
45 52
46 12
47 12
48 80
49 21
50 6
51 20
52 0
53 1
54 9
55 11
56 7
57 2
58 2
59 2
60 2
61 2
62 2
63 2
64 4
65 2
66 3
67 3
68 1
69 7
70 11
71 3
72 3
73 11
74 54
75 13
76 9
77 9
78 88
79 22
80 1
81 2
82 9
83 4
84 9
85 13
86 2
87 20
88 12
89 2
90 73
91 133
92 29
93 47
94 5
95 5
96 55
97 15
98 62
99 15
100 18
101 30
102 58
103 25
104 7
105 7
106 9
107 9
108 9
109 6
110 8
111 2
112 34
113 110
114 36
115 13
116 31
117 13
118 11
119 30
120 46
121 28
122 84
123 51
124 18
125 28
126 101
127 57
128 3
129 73
130 11
131 2
132 8
133 1
134 54
135 18
136 7
137 7
138 3
139 2
140 2
141 6
142 2
143 43
144 24
145 129
146 36
147 22
148 66
149 190
150 18
151 13
152 46
153 68
154 18
155 11
156 26
157 72
158 18
159 40
160 50
161 4
162 3
163 38
164 4
165 2
166 5
167 7
168 4
169 4
170 4
171 6
172 10
173 2
174 7
175 18
176 6
177 18
178 7
179 12
180 7
181 5
182 2
183 14
184 6
185 12
186 52
187 52
188 48
189 24
190 36
191 12
192 27
193 66
194 75
195 50
196 44
197 107
198 33
199 27
200 18
201 52
202 24
203 17
204 35
205 12
206 24
207 12
208 12
209 8
210 24
211 0
212 59
213 12
214 8
215 13
216 9
217 4
218 4
219 11
220 9
221 14
222 7
223 23
224 7
225 4
226 44
227 11
228 13
229 5
230 11
231 7
232 6
233 4
234 14
235 11
236 9
237 22
238 44
239 186
240 4
241 12
242 44
243 94
244 44
245 13
246 9
247 5
248 9
249 8
250 11
251 4
252 20
253 54
254 74
255 12
256 53
257 32
258 5
259 6
260 73
261 1
262 8
263 3
264 8
265 0
266 1
267 2
268 146
269 182
270 36
271 73
272 146
273 100
274 125
275 100
276 47
277 47
278 48
279 81
280 81
281 79
282 23
283 51
284 24
285 18
286 63
287 22
288 27
289 74
290 146
291 109
292 43
293 109
294 18
295 11
296 64
297 133
298 107
299 88
300 86
301 122
302 186
303 38
304 35
305 44
306 53
307 59
308 36
309 9
310 18
311 35
312 28
313 4
314 11
315 5
316 44
317 22
318 8
319 7
320 2
321 22
322 13
323 7
324 17
325 9
326 42
327 90
328 265
329 222
330 72
331 72
332 106
333 115
334 222
335 133
336 18
337 53
338 53
339 133
340 6
341 6
342 9
343 36
344 84
345 107
346 85
347 107
348 106
349 86
350 133
351 110
352 265
353 14
354 4
355 4
356 4
357 9
358 8
359 18
360 44
361 66
362 8
363 12
364 8
365 7
366 9
367 44
368 28
369 44
370 8
371 31
372 9
373 4
374 7
375 9
376 9
377 2
378 9
379 22
380 18
381 7
382 18
383 8
384 1
385 2
386 7
387 18
388 7
389 18
390 18
391 9
392 4
393 9
394 4
395 2
396 8
397 26
398 9
399 1
400 18
401 22
402 14
403 20
404 36
405 12
406 15
407 4
408 4
409 4
410 13
411 18
412 14
413 12
414 29
415 34
416 44
417 59
418 97
419 4
420 0
421 49
422 122
423 9
424 75
425 100
426 50
427 25
428 134
429 88
430 133
431 134
432 221
433 106
434 168
435 4
436 2
437 4
438 4
439 9
440 4
441 100
442 265
443 212
444 5
445 4
446 42
447 22
448 28
449 22
450 18
451 166
452 36
453 18
454 80
455 22
456 474
457 23
458 11
459 2
460 32
461 69
462 6
463 73
464 4
465 24
466 52
467 52
468 37
469 36
470 36
471 9
472 36
473 129
474 107
475 55
476 129
477 129
478 133
479 159
480 22
481 44
482 36
483 27
484 106
485 80
486 86
487 18
488 44
489 64
490 88
491 22
492 18
493 3
494 14
495 12
496 107
497 39
498 16
499 44
500 46
501 61
502 26
503 7
504 33
505 18
506 20
507 36
508 44
509 90
510 54
511 18
512 107
513 9
514 11
515 18
516 11
517 7
518 9
519 22
520 7
521 27
522 21
523 4
524 33
525 11
526 7
527 2
528 7
529 14
530 12
531 7
532 12
533 2
534 28
535 7
536 6
537 4
538 8
539 12
540 12
541 12
542 48
543 48
544 6
545 2
546 28
547 7
548 88
549 22
550 8
551 7
552 5
553 11
554 5
555 122
556 61
557 201
558 17
559 29
560 9
561 9
562 8
563 23
564 7
;

param Ttarget := 
1 1 1000
2 1 1000
3 1 1000
4 1 1000
5 1 500
6 1 500
7 1 500
8 1 500
1 2 1000
2 2 1000
3 2 1000
4 2 1000
5 2 500
6 2 500
7 2 500
8 2 500
1 3 1000
2 3 1000
3 3 1000
4 3 1000
5 3 500
6 3 500
7 3 500
8 3 500
1 4 1000
2 4 1000
3 4 1000
4 4 1000
5 4 500
6 4 500
7 4 500
8 4 500
1 5 1000
2 5 1000
3 5 1000
4 5 1000
5 5 500
6 5 500
7 5 500
8 5 500
;

set Bannlisti := 
;
set Fixlisti := 
1 2 1 
2 2 1 
3 2 1 
4 2 1 
5 3 1 
6 3 1 
7 3 1 
8 3 1 
9 3 1 
10 3 1 
11 3 1 
12 3 1 
13 3 1 
14 3 1 
15 3 1 
16 3 1 
17 3 1 
18 3 1 
19 3 1 
20 3 1 
21 3 1 
22 3 1 
23 3 1 
24 3 1 
25 3 1 
26 3 1 
27 3 1 
28 3 1 
29 3 1 
30 8 1 
31 8 1 
32 8 1 
33 8 1 
34 8 1 
35 8 1 
36 8 1 
37 8 1 
38 8 1 
39 7 1 
40 4 1 
41 4 1 
42 4 1 
43 4 1 
44 4 1 
45 4 1 
46 4 1 
47 4 1 
48 6 1 
49 6 1 
50 4 1 
51 1 1 
52 2 1 
53 8 1 
54 7 1 
55 7 1 
56 7 1 
57 7 1 
58 7 1 
59 7 1 
60 7 1 
61 7 1 
62 7 1 
63 7 1 
64 7 1 
65 7 1 
66 7 1 
67 7 1 
68 7 1 
69 7 1 
70 7 1 
71 8 1 
72 8 1 
73 8 1 
74 7 1 
75 5 1 
76 8 1 
77 8 1 
78 5 1 
79 5 1 
80 8 1 
81 8 1 
82 8 1 
83 8 1 
84 8 1 
85 8 1 
86 8 1 
87 8 1 
88 7 1 
89 8 1 
90 8 1 
91 8 1 
92 1 1 
93 1 1 
94 1 1 
95 1 1 
96 1 1 
97 1 1 
98 1 1 
99 1 1 
100 1 1 
101 1 1 
102 1 1 
103 1 1 
104 1 1 
105 1 1 
106 1 1 
107 1 1 
108 1 1 
109 1 1 
110 1 1 
111 1 1 
112 1 1 
113 1 1 
114 1 1 
115 1 1 
116 1 1 
117 1 1 
118 1 1 
119 1 1 
120 1 1 
121 1 1 
122 1 1 
123 1 1 
124 1 1 
125 1 1 
126 1 1 
127 1 1 
128 8 4 
129 4 4 
130 2 4 
131 8 4 
132 8 4 
133 8 4 
134 8 4 
135 8 4 
136 8 4 
137 8 4 
138 8 4 
139 8 4 
140 8 4 
141 8 4 
142 8 4 
143 8 4 
144 8 4 
145 8 4 
146 8 4 
147 8 4 
148 8 4 
149 8 4 
150 8 4 
151 2 4 
152 2 4 
153 2 4 
154 2 4 
155 2 4 
156 2 4 
157 2 4 
158 2 4 
159 2 4 
160 2 4 
161 2 4 
162 8 4 
163 8 4 
164 8 4 
165 8 4 
166 8 4 
167 8 4 
168 8 4 
169 8 4 
170 8 1 
171 8 1 
172 8 1 
173 8 1 
174 8 1 
175 8 1 
176 8 1 
177 8 1 
178 8 1 
179 8 1 
180 8 4 
181 8 4 
182 8 4 
183 8 4 
184 4 4 
185 4 4 
186 4 4 
187 4 4 
188 4 4 
189 4 4 
190 4 4 
191 4 4 
192 5 4 
193 5 4 
194 5 4 
195 5 4 
196 5 4 
197 5 4 
198 5 4 
199 5 4 
200 5 4 
201 7 4 
202 7 4 
203 3 4 
204 3 4 
205 3 4 
206 3 4 
207 3 4 
208 3 4 
209 3 4 
210 3 4 
211 3 4 
212 3 4 
213 3 4 
214 8 4 
215 8 4 
216 8 4 
217 7 4 
218 7 4 
219 7 4 
220 7 4 
221 5 4 
222 5 4 
223 7 4 
224 7 4 
225 7 4 
226 7 4 
227 7 4 
228 7 4 
229 7 4 
230 7 4 
231 7 4 
232 8 4 
233 3 4 
234 7 4 
235 7 4 
236 7 4 
237 3 4 
238 3 4 
239 3 4 
240 3 4 
241 3 4 
242 8 4 
243 8 4 
244 8 4 
245 8 4 
246 8 4 
247 8 4 
248 8 4 
249 8 4 
250 8 4 
251 8 4 
252 8 4 
253 8 4 
254 8 4 
255 4 4 
256 3 4 
257 3 4 
258 2 4 
259 1 4 
260 8 4 
261 8 4 
262 8 4 
263 8 4 
264 8 4 
265 1 4 
266 1 4 
267 1 4 
268 1 4 
269 1 4 
270 1 4 
271 1 4 
272 1 4 
273 1 4 
274 1 4 
275 1 4 
276 1 4 
277 1 4 
278 1 4 
279 1 4 
280 1 4 
281 1 4 
282 2 5 
283 2 5 
284 2 5 
285 2 5 
286 2 5 
287 1 4 
288 2 5 
289 3 4 
290 2 5 
291 2 5 
292 2 5 
293 2 5 
294 2 5 
295 1 5 
296 3 5 
297 3 5 
298 3 5 
299 3 5 
300 3 5 
301 3 5 
302 3 5 
303 3 5 
304 3 5 
305 3 5 
306 3 5 
307 3 5 
308 3 5 
309 3 5 
310 3 5 
311 3 5 
312 3 5 
313 3 5 
314 3 5 
315 3 5 
316 3 5 
317 3 5 
318 3 5 
319 3 5 
320 3 5 
321 3 5 
322 3 5 
323 3 5 
324 3 5 
325 3 5 
326 6 5 
327 6 5 
328 6 5 
329 6 5 
330 6 5 
331 6 5 
332 6 5 
333 6 5 
334 6 5 
335 6 5 
336 6 5 
337 6 5 
338 6 5 
339 6 5 
340 6 5 
341 6 5 
342 6 5 
343 6 5 
344 6 5 
345 6 5 
346 6 5 
347 6 5 
348 6 5 
349 6 5 
350 6 5 
351 6 5 
352 6 5 
353 6 5 
354 6 5 
355 6 5 
356 6 5 
357 8 5 
358 8 5 
359 8 5 
360 8 5 
361 8 5 
362 8 5 
363 7 5 
364 7 5 
365 7 5 
366 7 5 
367 8 5 
368 7 5 
369 7 5 
370 7 5 
371 7 5 
372 8 5 
373 8 5 
374 8 5 
375 8 5 
376 8 5 
377 8 5 
378 8 5 
379 8 5 
380 8 5 
381 8 5 
382 8 5 
383 7 5 
384 7 5 
385 8 5 
386 8 5 
387 8 5 
388 8 5 
389 8 5 
390 8 5 
391 8 5 
392 8 5 
393 8 5 
394 8 5 
395 8 5 
396 8 5 
397 8 5 
398 8 5 
399 8 5 
400 8 5 
401 8 5 
402 8 5 
403 8 5 
404 8 5 
405 8 5 
406 8 5 
407 8 5 
408 8 5 
409 8 5 
410 8 5 
411 8 5 
412 8 5 
413 8 5 
414 8 5 
415 8 5 
416 8 5 
417 8 5 
418 8 5 
419 8 5 
420 8 5 
421 8 5 
422 3 5 
423 1 5 
424 1 5 
425 1 5 
426 1 5 
427 1 5 
428 1 5 
429 1 5 
430 1 5 
431 1 5 
432 1 5 
433 1 5 
434 1 5 
435 1 5 
436 1 5 
437 1 5 
438 1 5 
439 1 5 
440 1 5 
441 1 5 
442 1 5 
443 1 5 
444 1 5 
445 1 5 
446 1 5 
447 1 5 
448 1 5 
449 1 5 
450 1 5 
451 1 5 
452 1 5 
453 1 5 
454 1 5 
455 1 5 
456 2 5 
457 1 6 
458 1 6 
459 1 6 
460 6 6 
461 8 6 
462 4 6 
463 4 6 
464 4 6 
465 4 6 
466 4 6 
467 4 6 
468 4 6 
469 4 6 
470 4 6 
471 4 6 
472 4 6 
473 4 6 
474 4 6 
475 4 6 
476 4 6 
477 4 6 
478 4 6 
479 4 6 
480 4 6 
481 4 6 
482 4 6 
483 4 6 
484 4 6 
485 4 6 
486 4 6 
487 4 6 
488 4 6 
489 4 6 
490 4 6 
491 4 6 
492 4 6 
493 8 6 
494 8 6 
495 8 6 
496 8 6 
497 8 6 
498 8 6 
499 8 6 
500 8 6 
501 8 6 
502 5 6 
503 5 6 
504 5 6 
505 5 6 
506 5 6 
507 5 6 
508 5 6 
509 5 6 
510 5 6 
511 5 6 
512 5 6 
513 5 6 
514 5 6 
515 5 6 
516 8 6 
517 8 6 
518 8 6 
519 8 6 
520 8 6 
521 8 6 
522 8 6 
523 8 6 
524 3 6 
525 8 6 
526 8 6 
527 8 6 
528 8 6 
529 3 6 
530 8 6 
531 8 6 
532 8 6 
533 8 6 
534 8 6 
535 8 6 
536 8 6 
537 8 6 
538 8 6 
539 3 6 
540 3 6 
541 3 6 
542 3 6 
543 3 6 
544 3 6 
545 3 6 
546 8 6 
547 8 6 
548 1 6 
549 1 6 
550 1 6 
551 1 6 
552 1 6 
553 1 6 
554 1 6 
555 1 6 
556 1 6 
557 1 6 
558 1 6 
559 1 6 
560 1 6 
561 1 6 
562 1 6 
563 1 6 
564 1 6 
;
end;
