param S := 891;
param T := 8;
param D := 5;
param windowsize := 0;

param A := 
1 182
2 146
3 6
4 22
5 3
6 13
7 13
8 13
9 13
10 13
11 11
12 13
13 13
14 64
15 81
16 212
17 172
18 4
19 9
20 4
21 61
22 48
23 36
24 95
25 12
26 86
27 97
28 24
29 19
30 1
31 17
32 9
33 2
34 2
35 164
36 0
37 9
38 322
39 22
40 133
41 7
42 2
43 2
44 74
45 44
46 55
47 66
48 4
49 51
50 40
51 9
52 40
53 9
54 30
55 6
56 7
57 119
58 53
59 2
60 2
61 3
62 133
63 27
64 3
65 18
66 12
67 2
68 28
69 30
70 38
71 106
72 40
73 76
74 70
75 257
76 20
77 3
78 11
79 49
80 10
81 9
82 9
83 13
84 6
85 6
86 4
87 100
88 93
89 221
90 36
91 65
92 88
93 161
94 24
95 22
96 13
97 12
98 44
99 29
100 20
101 60
102 16
103 5
104 8
105 9
106 13
107 12
108 4
109 2
110 0
111 33
112 66
113 4
114 4
115 9
116 9
117 9
118 2
119 9
120 6
121 1
122 7
123 4
124 4
125 13
126 13
127 11
128 11
129 7
130 0
131 9
132 12
133 194
134 15
135 2
136 5
137 8
138 21
139 0
140 12
141 24
142 4
143 6
144 6
145 133
146 8
147 11
148 20
149 99
150 11
151 18
152 48
153 7
154 4
155 5
156 13
157 4
158 13
159 7
160 7
161 9
162 5
163 44
164 44
165 44
166 44
167 13
168 13
169 18
170 35
171 53
172 97
173 13
174 36
175 11
176 27
177 9
178 61
179 28
180 61
181 267
182 5
183 24
184 144
185 162
186 162
187 52
188 158
189 7
190 73
191 109
192 18
193 5
194 73
195 36
196 12
197 10
198 61
199 128
200 75
201 91
202 50
203 91
204 386
205 386
206 88
207 8
208 48
209 72
210 23
211 23
212 61
213 88
214 65
215 146
216 28
217 80
218 18
219 4
220 4
221 64
222 107
223 106
224 115
225 88
226 86
227 106
228 371
229 88
230 133
231 121
232 74
233 52
234 14
235 143
236 9
237 72
238 21
239 66
240 69
241 12
242 1
243 4
244 7
245 150
246 110
247 36
248 39
249 9
250 8
251 2
252 18
253 7
254 3
255 18
256 22
257 9
258 9
259 22
260 9
261 4
262 9
263 11
264 2
265 13
266 18
267 2
268 18
269 7
270 8
271 11
272 4
273 2
274 5
275 4
276 257
277 129
278 107
279 9
280 53
281 133
282 398
283 53
284 85
285 53
286 53
287 53
288 133
289 86
290 106
291 133
292 62
293 66
294 12
295 169
296 11
297 28
298 110
299 27
300 18
301 40
302 13
303 2
304 301
305 42
306 18
307 5
308 4
309 4
310 9
311 22
312 11
313 135
314 18
315 13
316 1
317 2
318 1
319 40
320 2
321 1
322 12
323 1
324 0
325 7
326 7
327 22
328 7
329 4
330 4
331 6
332 9
333 7
334 2
335 4
336 4
337 8
338 44
339 7
340 18
341 9
342 9
343 9
344 14
345 36
346 28
347 24
348 14
349 3
350 28
351 28
352 28
353 20
354 12
355 24
356 24
357 48
358 96
359 24
360 12
361 2
362 4
363 2
364 8
365 14
366 33
367 18
368 5
369 14
370 20
371 7
372 4
373 4
374 18
375 22
376 29
377 23
378 9
379 11
380 40
381 1
382 5
383 1
384 1
385 4
386 27
387 13
388 32
389 6
390 32
391 3
392 3
393 37
394 3
395 1
396 1
397 9
398 9
399 9
400 4
401 8
402 9
403 6
404 17
405 24
406 9
407 28
408 28
409 9
410 8
411 17
412 14
413 9
414 13
415 42
416 28
417 9
418 37
419 9
420 5
421 9
422 44
423 124
424 133
425 424
426 133
427 107
428 61
429 37
430 47
431 94
432 152
433 76
434 51
435 219
436 28
437 46
438 27
439 30
440 42
441 16
442 80
443 12
444 12
445 62
446 80
447 84
448 79
449 49
450 51
451 21
452 8
453 70
454 73
455 474
456 19
457 6
458 65
459 39
460 4
461 24
462 18
463 36
464 0
465 10
466 12
467 9
468 4
469 18
470 152
471 24
472 4
473 9
474 152
475 76
476 80
477 133
478 386
479 10
480 0
481 55
482 1
483 11
484 39
485 12
486 17
487 5
488 129
489 12
490 20
491 40
492 8
493 33
494 22
495 11
496 59
497 12
498 134
499 13
500 11
501 7
502 64
503 44
504 107
505 97
506 14
507 19
508 69
509 43
510 17
511 36
512 59
513 59
514 52
515 8
516 74
517 30
518 16
519 2
520 36
521 43
522 17
523 15
524 18
525 2
526 60
527 7
528 27
529 22
530 22
531 82
532 53
533 0
534 9
535 36
536 88
537 21
538 48
539 7
540 108
541 126
542 2
543 7
544 7
545 3
546 3
547 14
548 46
549 9
550 18
551 28
552 9
553 23
554 18
555 39
556 16
557 19
558 4
559 4
560 13
561 13
562 4
563 10
564 2
565 14
566 9
567 3
568 35
569 152
570 42
571 66
572 15
573 27
574 51
575 45
576 4
577 30
578 326
579 4
580 4
581 8
582 17
583 121
584 24
585 4
586 5
587 8
588 17
589 2
590 86
591 13
592 44
593 13
594 42
595 4
596 200
597 5
598 875
599 134
600 182
601 26
602 78
603 35
604 24
605 7
606 32
607 1
608 6
609 8
610 61
611 6
612 133
613 4
614 4
615 5
616 4
617 21
618 5
619 13
620 4
621 4
622 13
623 23
624 9
625 12
626 4
627 5
628 37
629 37
630 9
631 9
632 5
633 9
634 20
635 110
636 14
637 13
638 7
639 8
640 4
641 7
642 14
643 3
644 20
645 15
646 31
647 22
648 2
649 7
650 11
651 46
652 7
653 9
654 4
655 6
656 0
657 4
658 16
659 8
660 3
661 13
662 4
663 9
664 9
665 24
666 1
667 35
668 14
669 13
670 0
671 2
672 1
673 4
674 0
675 2
676 27
677 13
678 13
679 27
680 21
681 21
682 2
683 2
684 4
685 6
686 4
687 21
688 76
689 134
690 24
691 16
692 219
693 91
694 11
695 50
696 146
697 11
698 474
699 4
700 100
701 9
702 9
703 9
704 9
705 110
706 30
707 7
708 100
709 55
710 11
711 27
712 172
713 34
714 18
715 2
716 11
717 13
718 4
719 0
720 27
721 4
722 49
723 107
724 4
725 18
726 10
727 10
728 6
729 10
730 4
731 32
732 3
733 3
734 3
735 18
736 9
737 106
738 74
739 4
740 22
741 9
742 4
743 5
744 7
745 4
746 60
747 10
748 30
749 28
750 34
751 14
752 15
753 12
754 90
755 129
756 106
757 53
758 53
759 53
760 106
761 106
762 333
763 150
764 4
765 4
766 2
767 9
768 2
769 44
770 44
771 13
772 18
773 107
774 88
775 150
776 133
777 35
778 106
779 106
780 88
781 222
782 38
783 43
784 94
785 231
786 52
787 50
788 5
789 3
790 11
791 9
792 22
793 9
794 5
795 13
796 6
797 5
798 173
799 13
800 33
801 18
802 5
803 19
804 7
805 19
806 11
807 43
808 4
809 66
810 5
811 49
812 4
813 13
814 44
815 65
816 65
817 2
818 88
819 68
820 20
821 9
822 8
823 9
824 13
825 7
826 7
827 13
828 9
829 7
830 11
831 11
832 9
833 9
834 8
835 12
836 8
837 0
838 24
839 28
840 42
841 14
842 7
843 9
844 194
845 26
846 43
847 11
848 182
849 36
850 134
851 9
852 100
853 55
854 146
855 46
856 13
857 73
858 1
859 1
860 1
861 0
862 0
863 13
864 22
865 4
866 13
867 31
868 22
869 4
870 6
871 3
872 3
873 3
874 32
875 12
876 3
877 1
878 0
879 0
880 0
881 0
882 3
883 24
884 4
885 14
886 127
887 109
888 6
889 146
890 63
891 51
;

param Ttarget := 
1 1 1000
2 1 1000
3 1 1000
4 1 1000
5 1 500
6 1 500
7 1 500
8 1 500
1 2 1000
2 2 1000
3 2 1000
4 2 1000
5 2 500
6 2 500
7 2 500
8 2 500
1 3 1000
2 3 1000
3 3 1000
4 3 1000
5 3 500
6 3 500
7 3 500
8 3 500
1 4 1000
2 4 1000
3 4 1000
4 4 1000
5 4 500
6 4 500
7 4 500
8 4 500
1 5 1000
2 5 1000
3 5 1000
4 5 1000
5 5 500
6 5 500
7 5 500
8 5 500
;

set Bannlisti := 
;
set Fixlisti := 
1 2 1 
2 2 1 
3 2 1 
4 7 1 
5 8 1 
6 8 1 
7 8 1 
8 8 1 
9 8 1 
10 8 1 
11 8 1 
12 8 1 
13 8 1 
14 4 1 
15 4 1 
16 4 1 
17 4 1 
18 4 1 
19 4 1 
20 4 1 
21 4 1 
22 4 1 
23 4 1 
24 4 1 
25 4 1 
26 4 1 
27 4 1 
28 4 1 
29 4 1 
30 4 1 
31 4 1 
32 4 1 
33 8 1 
34 8 1 
35 4 1 
36 4 1 
37 4 1 
38 4 1 
39 4 1 
40 4 1 
41 4 1 
42 8 1 
43 8 1 
44 6 1 
45 6 1 
46 6 1 
47 6 1 
48 6 1 
49 6 1 
50 6 1 
51 6 1 
52 6 1 
53 6 1 
54 6 1 
55 6 1 
56 6 1 
57 6 1 
58 6 1 
59 6 1 
60 6 1 
61 6 1 
62 6 1 
63 6 1 
64 6 1 
65 6 1 
66 6 1 
67 6 1 
68 6 1 
69 6 1 
70 6 1 
71 6 1 
72 6 1 
73 6 1 
74 6 1 
75 6 1 
76 6 1 
77 6 1 
78 6 1 
79 6 1 
80 6 1 
81 6 1 
82 6 1 
83 6 1 
84 6 1 
85 6 1 
86 3 1 
87 6 1 
88 6 1 
89 6 1 
90 6 1 
91 6 1 
92 6 1 
93 7 1 
94 7 1 
95 7 1 
96 7 1 
97 6 1 
98 8 1 
99 3 1 
100 8 1 
101 7 1 
102 7 1 
103 7 1 
104 7 1 
105 7 1 
106 7 1 
107 6 1 
108 8 1 
109 8 1 
110 8 1 
111 8 1 
112 8 1 
113 8 1 
114 8 1 
115 8 1 
116 8 1 
117 8 1 
118 8 1 
119 8 1 
120 7 1 
121 7 1 
122 7 1 
123 8 1 
124 8 1 
125 8 1 
126 8 1 
127 8 1 
128 8 1 
129 8 1 
130 7 1 
131 8 1 
132 8 1 
133 8 1 
134 8 1 
135 8 1 
136 8 1 
137 8 1 
138 8 1 
139 8 1 
140 8 1 
141 8 1 
142 8 1 
143 8 1 
144 8 1 
145 8 1 
146 8 1 
147 8 1 
148 8 1 
149 8 1 
150 8 1 
151 8 1 
152 8 1 
153 8 1 
154 8 1 
155 8 1 
156 8 1 
157 8 1 
158 8 1 
159 8 1 
160 8 1 
161 8 1 
162 8 1 
163 8 1 
164 8 1 
165 8 1 
166 8 1 
167 8 1 
168 8 1 
169 8 1 
170 8 1 
171 8 1 
172 8 1 
173 8 1 
174 8 1 
175 8 1 
176 8 1 
177 8 1 
178 1 1 
179 1 1 
180 1 1 
181 1 1 
182 1 1 
183 1 1 
184 1 1 
185 1 1 
186 1 1 
187 1 1 
188 1 1 
189 1 1 
190 1 1 
191 1 1 
192 1 1 
193 1 1 
194 1 1 
195 1 1 
196 1 1 
197 1 1 
198 1 1 
199 1 1 
200 1 1 
201 1 1 
202 1 1 
203 1 1 
204 1 1 
205 1 1 
206 1 1 
207 8 2 
208 2 2 
209 2 2 
210 2 2 
211 2 2 
212 8 2 
213 2 2 
214 2 2 
215 2 2 
216 2 2 
217 2 2 
218 2 2 
219 2 2 
220 2 2 
221 3 2 
222 3 2 
223 3 2 
224 3 2 
225 3 2 
226 3 2 
227 3 2 
228 3 2 
229 3 2 
230 3 2 
231 3 2 
232 3 2 
233 3 2 
234 3 2 
235 3 2 
236 3 2 
237 3 2 
238 3 2 
239 3 2 
240 3 2 
241 3 2 
242 3 2 
243 3 2 
244 3 2 
245 3 2 
246 3 2 
247 3 2 
248 3 2 
249 3 2 
250 3 2 
251 3 2 
252 3 2 
253 3 2 
254 3 2 
255 3 2 
256 3 2 
257 3 2 
258 3 2 
259 3 2 
260 3 2 
261 3 2 
262 3 2 
263 3 2 
264 3 2 
265 3 2 
266 3 2 
267 3 2 
268 3 2 
269 3 2 
270 3 2 
271 3 2 
272 3 2 
273 3 2 
274 3 2 
275 3 2 
276 4 2 
277 4 2 
278 6 2 
279 6 2 
280 6 2 
281 6 2 
282 6 2 
283 6 2 
284 6 2 
285 6 2 
286 6 2 
287 6 2 
288 6 2 
289 6 2 
290 6 2 
291 6 2 
292 6 2 
293 6 2 
294 6 2 
295 6 2 
296 6 2 
297 6 2 
298 6 2 
299 6 2 
300 6 2 
301 6 2 
302 8 2 
303 5 2 
304 5 2 
305 8 2 
306 6 2 
307 6 2 
308 8 2 
309 8 2 
310 8 2 
311 8 2 
312 8 2 
313 7 2 
314 8 2 
315 8 2 
316 8 2 
317 8 2 
318 8 2 
319 7 2 
320 7 2 
321 8 2 
322 8 2 
323 8 2 
324 8 2 
325 8 2 
326 8 2 
327 8 2 
328 8 2 
329 8 2 
330 8 2 
331 8 2 
332 8 2 
333 8 2 
334 8 2 
335 8 2 
336 8 2 
337 7 2 
338 8 2 
339 7 2 
340 7 2 
341 7 2 
342 7 2 
343 7 2 
344 8 2 
345 8 2 
346 8 2 
347 8 2 
348 8 2 
349 8 2 
350 8 2 
351 8 2 
352 8 2 
353 8 2 
354 3 2 
355 3 2 
356 3 2 
357 3 2 
358 3 2 
359 3 2 
360 3 2 
361 3 2 
362 3 2 
363 7 2 
364 7 2 
365 8 2 
366 7 2 
367 8 2 
368 8 2 
369 8 2 
370 8 2 
371 8 2 
372 8 2 
373 8 2 
374 7 2 
375 7 2 
376 6 2 
377 6 2 
378 8 2 
379 5 2 
380 8 2 
381 8 2 
382 8 2 
383 8 2 
384 8 2 
385 8 2 
386 8 2 
387 8 2 
388 8 2 
389 8 2 
390 8 2 
391 8 2 
392 8 2 
393 8 2 
394 8 2 
395 8 2 
396 8 2 
397 8 2 
398 8 2 
399 8 2 
400 8 2 
401 8 2 
402 8 2 
403 8 2 
404 8 2 
405 8 2 
406 1 2 
407 1 2 
408 1 2 
409 1 2 
410 1 2 
411 1 2 
412 1 2 
413 1 2 
414 1 3 
415 1 3 
416 1 3 
417 1 3 
418 1 3 
419 1 3 
420 1 3 
421 1 3 
422 1 2 
423 1 2 
424 1 2 
425 1 2 
426 1 2 
427 1 2 
428 1 2 
429 1 2 
430 1 2 
431 1 2 
432 1 2 
433 1 2 
434 1 2 
435 1 2 
436 1 2 
437 1 2 
438 1 2 
439 1 2 
440 1 2 
441 1 2 
442 1 2 
443 1 2 
444 1 2 
445 1 2 
446 1 2 
447 1 2 
448 1 2 
449 1 2 
450 1 2 
451 1 2 
452 1 2 
453 1 2 
454 1 2 
455 2 3 
456 4 3 
457 4 3 
458 4 3 
459 4 3 
460 2 3 
461 8 3 
462 8 3 
463 8 3 
464 8 3 
465 8 3 
466 8 3 
467 8 3 
468 8 3 
469 8 3 
470 8 3 
471 8 3 
472 8 3 
473 8 3 
474 8 3 
475 8 3 
476 8 3 
477 8 3 
478 8 3 
479 8 3 
480 8 3 
481 8 3 
482 8 3 
483 8 3 
484 8 3 
485 8 3 
486 8 3 
487 8 3 
488 3 3 
489 3 3 
490 3 3 
491 3 3 
492 3 3 
493 3 3 
494 3 3 
495 3 3 
496 4 3 
497 4 3 
498 4 3 
499 4 3 
500 4 3 
501 4 3 
502 4 3 
503 4 3 
504 4 3 
505 4 3 
506 4 3 
507 4 3 
508 4 3 
509 4 3 
510 4 3 
511 4 3 
512 4 3 
513 4 3 
514 4 3 
515 4 3 
516 4 3 
517 4 3 
518 4 3 
519 4 3 
520 4 3 
521 5 3 
522 5 3 
523 5 3 
524 5 3 
525 5 3 
526 5 3 
527 5 3 
528 5 3 
529 5 3 
530 5 3 
531 5 3 
532 5 3 
533 5 3 
534 5 3 
535 5 3 
536 5 3 
537 8 3 
538 8 3 
539 8 3 
540 8 3 
541 8 3 
542 8 3 
543 8 3 
544 8 3 
545 8 3 
546 8 3 
547 7 3 
548 7 3 
549 7 3 
550 7 3 
551 7 3 
552 7 3 
553 7 3 
554 7 3 
555 7 3 
556 7 3 
557 7 3 
558 7 3 
559 7 3 
560 7 3 
561 7 3 
562 7 3 
563 7 3 
564 7 3 
565 7 3 
566 7 3 
567 7 3 
568 7 3 
569 7 3 
570 7 3 
571 7 3 
572 7 3 
573 7 3 
574 7 3 
575 7 3 
576 7 3 
577 7 3 
578 1 3 
579 7 3 
580 7 3 
581 7 3 
582 7 3 
583 7 3 
584 7 3 
585 7 3 
586 7 3 
587 7 3 
588 7 3 
589 7 3 
590 7 3 
591 7 3 
592 7 3 
593 7 3 
594 7 3 
595 7 3 
596 7 3 
597 7 3 
598 1 3 
599 1 3 
600 1 3 
601 1 3 
602 7 3 
603 7 3 
604 7 3 
605 7 3 
606 7 3 
607 7 3 
608 7 3 
609 8 3 
610 8 3 
611 7 3 
612 7 3 
613 7 3 
614 7 3 
615 7 3 
616 7 3 
617 7 3 
618 7 3 
619 7 3 
620 7 3 
621 7 3 
622 8 3 
623 7 3 
624 7 3 
625 7 3 
626 7 3 
627 7 3 
628 7 3 
629 7 3 
630 7 3 
631 7 3 
632 7 3 
633 7 3 
634 7 3 
635 7 3 
636 7 3 
637 7 3 
638 7 3 
639 7 3 
640 7 3 
641 7 3 
642 7 3 
643 8 3 
644 8 3 
645 8 3 
646 8 3 
647 8 3 
648 8 3 
649 8 3 
650 8 3 
651 7 3 
652 7 3 
653 7 3 
654 7 3 
655 7 3 
656 7 3 
657 7 3 
658 7 3 
659 7 3 
660 7 3 
661 8 3 
662 8 3 
663 8 3 
664 8 3 
665 8 3 
666 8 3 
667 8 3 
668 8 3 
669 8 3 
670 8 3 
671 8 3 
672 8 3 
673 8 3 
674 8 3 
675 8 3 
676 8 3 
677 8 3 
678 8 3 
679 8 3 
680 8 3 
681 8 3 
682 7 3 
683 7 3 
684 7 3 
685 7 3 
686 7 3 
687 8 3 
688 1 3 
689 1 3 
690 1 3 
691 1 3 
692 1 3 
693 1 3 
694 1 3 
695 1 3 
696 1 3 
697 1 3 
698 2 4 
699 8 4 
700 3 4 
701 3 4 
702 3 4 
703 3 4 
704 3 4 
705 3 4 
706 3 4 
707 3 4 
708 3 4 
709 3 4 
710 3 4 
711 3 4 
712 3 4 
713 3 4 
714 3 4 
715 8 4 
716 8 4 
717 8 4 
718 8 4 
719 8 4 
720 8 4 
721 8 4 
722 5 4 
723 5 4 
724 5 4 
725 5 4 
726 8 4 
727 8 4 
728 8 4 
729 8 3 
730 8 4 
731 5 4 
732 8 4 
733 8 4 
734 8 4 
735 6 4 
736 8 4 
737 6 4 
738 6 4 
739 6 4 
740 6 4 
741 6 4 
742 6 4 
743 6 4 
744 6 4 
745 6 4 
746 8 4 
747 8 4 
748 8 4 
749 8 4 
750 8 4 
751 8 4 
752 8 4 
753 8 4 
754 8 4 
755 6 4 
756 6 4 
757 6 4 
758 6 4 
759 6 4 
760 6 4 
761 6 4 
762 6 4 
763 6 4 
764 6 4 
765 6 4 
766 6 4 
767 6 4 
768 6 4 
769 6 4 
770 6 4 
771 6 4 
772 6 4 
773 6 4 
774 6 4 
775 6 4 
776 6 4 
777 6 4 
778 6 4 
779 6 4 
780 6 4 
781 6 4 
782 6 4 
783 6 4 
784 6 4 
785 6 4 
786 6 4 
787 6 4 
788 6 4 
789 7 4 
790 7 4 
791 6 4 
792 6 4 
793 6 4 
794 6 4 
795 6 4 
796 6 4 
797 8 4 
798 4 4 
799 8 4 
800 8 4 
801 8 4 
802 8 4 
803 8 4 
804 8 4 
805 8 4 
806 7 4 
807 6 4 
808 7 4 
809 5 4 
810 8 4 
811 8 4 
812 8 4 
813 8 4 
814 7 4 
815 8 4 
816 8 4 
817 8 4 
818 8 4 
819 8 4 
820 8 4 
821 8 4 
822 8 4 
823 8 4 
824 8 4 
825 8 4 
826 8 4 
827 8 4 
828 8 4 
829 8 4 
830 8 4 
831 8 4 
832 8 4 
833 8 4 
834 8 4 
835 8 4 
836 8 4 
837 8 4 
838 8 4 
839 8 4 
840 8 4 
841 8 4 
842 8 4 
843 3 4 
844 1 4 
845 1 4 
846 1 4 
847 1 4 
848 1 4 
849 1 4 
850 1 4 
851 1 4 
852 1 4 
853 1 4 
854 1 4 
855 1 4 
856 1 4 
857 1 4 
858 1 5 
859 2 5 
860 2 5 
861 2 5 
862 1 5 
863 1 5 
864 1 5 
865 5 5 
866 1 5 
867 3 5 
868 1 5 
869 5 5 
870 2 5 
871 2 5 
872 4 5 
873 8 5 
874 8 5 
875 8 5 
876 1 5 
877 8 5 
878 1 5 
879 2 5 
880 1 5 
881 1 5 
882 2 5 
883 6 5 
884 6 5 
885 3 5 
886 2 5 
887 2 5 
888 2 5 
889 2 5 
890 2 5 
891 2 5 
;
end;
