param S := 805;
param T := 8;
param D := 5;
param windowsize := 0;

param A := 
1 61
2 9
3 7
4 4
5 5
6 18
7 144
8 88
9 31
10 18
11 66
12 54
13 40
14 146
15 146
16 35
17 109
18 63
19 62
20 33
21 23
22 6
23 22
24 18
25 438
26 2
27 0
28 3
29 39
30 3
31 28
32 14
33 9
34 24
35 0
36 54
37 54
38 1
39 12
40 4
41 6
42 14
43 2
44 12
45 2
46 5
47 5
48 6
49 4
50 3
51 2
52 4
53 7
54 7
55 12
56 2
57 2
58 18
59 1
60 4
61 1
62 2
63 4
64 6
65 8
66 4
67 11
68 22
69 9
70 19
71 96
72 43
73 80
74 186
75 29
76 72
77 31
78 32
79 32
80 29
81 4
82 11
83 96
84 9
85 7
86 15
87 22
88 22
89 33
90 26
91 12
92 6
93 59
94 52
95 9
96 48
97 36
98 11
99 257
100 54
101 129
102 35
103 24
104 24
105 66
106 44
107 106
108 44
109 88
110 150
111 100
112 22
113 179
114 20
115 22
116 88
117 59
118 107
119 129
120 88
121 106
122 106
123 86
124 30
125 12
126 9
127 2
128 20
129 9
130 13
131 18
132 18
133 4
134 27
135 15
136 15
137 16
138 2
139 11
140 4
141 53
142 27
143 102
144 14
145 12
146 4
147 11
148 35
149 4
150 11
151 18
152 22
153 88
154 53
155 36
156 139
157 40
158 106
159 9
160 43
161 21
162 265
163 7
164 72
165 66
166 12
167 13
168 4
169 9
170 27
171 20
172 2
173 4
174 2
175 5
176 22
177 0
178 27
179 14
180 36
181 14
182 11
183 21
184 20
185 13
186 13
187 2
188 32
189 12
190 0
191 1
192 81
193 158
194 2
195 15
196 157
197 36
198 11
199 109
200 91
201 73
202 91
203 109
204 109
205 122
206 100
207 75
208 75
209 12
210 134
211 40
212 43
213 80
214 21
215 27
216 43
217 27
218 2
219 11
220 80
221 13
222 13
223 11
224 7
225 2
226 13
227 11
228 11
229 11
230 11
231 11
232 13
233 6
234 211
235 84
236 79
237 219
238 134
239 9
240 7
241 18
242 4
243 12
244 4
245 12
246 42
247 88
248 150
249 88
250 86
251 107
252 358
253 186
254 250
255 159
256 11
257 5
258 10
259 10
260 53
261 14
262 143
263 61
264 71
265 91
266 6
267 25
268 26
269 72
270 72
271 36
272 88
273 18
274 76
275 9
276 23
277 13
278 177
279 110
280 34
281 38
282 25
283 13
284 7
285 16
286 143
287 88
288 27
289 44
290 5
291 13
292 18
293 7
294 14
295 66
296 221
297 106
298 133
299 265
300 18
301 9
302 4
303 55
304 6
305 3
306 14
307 2
308 2
309 44
310 9
311 2
312 2
313 8
314 12
315 25
316 50
317 107
318 107
319 107
320 143
321 86
322 133
323 86
324 110
325 179
326 48
327 222
328 55
329 55
330 115
331 106
332 221
333 150
334 231
335 107
336 67
337 121
338 2
339 35
340 35
341 9
342 44
343 11
344 53
345 4
346 66
347 22
348 40
349 16
350 5
351 18
352 13
353 4
354 4
355 11
356 2
357 27
358 14
359 14
360 11
361 5
362 8
363 5
364 4
365 3
366 3
367 5
368 0
369 1
370 2
371 7
372 1
373 0
374 18
375 13
376 11
377 44
378 36
379 11
380 36
381 1
382 2
383 13
384 4
385 9
386 40
387 4
388 9
389 44
390 11
391 27
392 11
393 13
394 5
395 32
396 23
397 5
398 8
399 6
400 6
401 0
402 14
403 7
404 33
405 99
406 27
407 110
408 33
409 22
410 21
411 22
412 133
413 72
414 38
415 74
416 3
417 15
418 25
419 2
420 7
421 4
422 64
423 221
424 133
425 193
426 133
427 66
428 107
429 44
430 27
431 73
432 73
433 125
434 150
435 125
436 97
437 26
438 80
439 37
440 88
441 113
442 40
443 212
444 21
445 10
446 91
447 128
448 36
449 146
450 146
451 43
452 91
453 59
454 18
455 18
456 16
457 30
458 11
459 94
460 69
461 6
462 52
463 48
464 36
465 48
466 24
467 12
468 16
469 129
470 129
471 265
472 0
473 88
474 24
475 0
476 1
477 1
478 36
479 7
480 21
481 27
482 36
483 21
484 43
485 155
486 54
487 12
488 18
489 50
490 9
491 11
492 1
493 53
494 66
495 110
496 88
497 215
498 40
499 119
500 215
501 36
502 203
503 4
504 13
505 9
506 7
507 2
508 110
509 90
510 11
511 91
512 33
513 86
514 7
515 14
516 12
517 7
518 1
519 14
520 2
521 2
522 8
523 12
524 12
525 12
526 48
527 48
528 12
529 1
530 2
531 1
532 0
533 9
534 9
535 1
536 8
537 14
538 8
539 40
540 24
541 8
542 25
543 7
544 12
545 2
546 40
547 16
548 5
549 109
550 109
551 36
552 73
553 238
554 81
555 49
556 6
557 1
558 5
559 134
560 51
561 5
562 11
563 122
564 56
565 10
566 182
567 11
568 26
569 5
570 24
571 10
572 9
573 9
574 3
575 84
576 40
577 38
578 37
579 317
580 36
581 100
582 18
583 1
584 14
585 16
586 46
587 136
588 179
589 177
590 28
591 146
592 72
593 33
594 11
595 9
596 22
597 22
598 12
599 11
600 19
601 54
602 27
603 44
604 21
605 18
606 2
607 1
608 2
609 2
610 2
611 106
612 127
613 73
614 63
615 154
616 267
617 19
618 8
619 24
620 24
621 71
622 76
623 34
624 72
625 133
626 44
627 88
628 22
629 11
630 36
631 31
632 38
633 8
634 4
635 5
636 13
637 4
638 106
639 398
640 106
641 88
642 106
643 106
644 133
645 122
646 179
647 86
648 27
649 7
650 9
651 12
652 88
653 88
654 106
655 22
656 13
657 18
658 53
659 29
660 36
661 44
662 129
663 44
664 12
665 133
666 2
667 8
668 6
669 51
670 4
671 5
672 37
673 36
674 94
675 129
676 137
677 265
678 150
679 213
680 106
681 86
682 118
683 68
684 44
685 10
686 53
687 84
688 36
689 27
690 38
691 43
692 107
693 85
694 86
695 106
696 86
697 122
698 265
699 11
700 2
701 5
702 13
703 9
704 12
705 31
706 21
707 8
708 20
709 90
710 18
711 22
712 5
713 12
714 2
715 36
716 86
717 100
718 18
719 43
720 33
721 13
722 6
723 18
724 9
725 27
726 8
727 9
728 7
729 2
730 43
731 43
732 59
733 23
734 97
735 32
736 6
737 5
738 12
739 4
740 8
741 11
742 25
743 30
744 4
745 3
746 1
747 5
748 9
749 18
750 7
751 5
752 12
753 12
754 12
755 9
756 26
757 4
758 5
759 3
760 0
761 0
762 18
763 17
764 29
765 9
766 73
767 55
768 9
769 176
770 50
771 75
772 100
773 133
774 133
775 215
776 88
777 268
778 106
779 336
780 109
781 182
782 91
783 73
784 73
785 55
786 17
787 17
788 12
789 75
790 75
791 97
792 17
793 24
794 134
795 2
796 9
797 33
798 107
799 95
800 48
801 88
802 67
803 4
804 5
805 0
;

param Ttarget := 
1 1 1000
2 1 1000
3 1 1000
4 1 1000
5 1 500
6 1 500
7 1 500
8 1 500
1 2 1000
2 2 1000
3 2 1000
4 2 1000
5 2 500
6 2 500
7 2 500
8 2 500
1 3 1000
2 3 1000
3 3 1000
4 3 1000
5 3 500
6 3 500
7 3 500
8 3 500
1 4 1000
2 4 1000
3 4 1000
4 4 1000
5 4 500
6 4 500
7 4 500
8 4 500
1 5 1000
2 5 1000
3 5 1000
4 5 1000
5 5 500
6 5 500
7 5 500
8 5 500
;

set Bannlisti := 
;
set Fixlisti := 
1 4 1 
2 2 1 
3 2 1 
4 2 1 
5 2 1 
6 2 1 
7 2 1 
8 2 1 
9 2 1 
10 2 1 
11 2 1 
12 2 1 
13 2 1 
14 2 1 
15 2 1 
16 2 1 
17 2 1 
18 1 1 
19 1 1 
20 1 1 
21 1 1 
22 1 1 
23 1 1 
24 1 1 
25 2 1 
26 8 1 
27 2 1 
28 8 1 
29 8 1 
30 8 1 
31 2 1 
32 2 1 
33 3 1 
34 3 1 
35 3 1 
36 8 1 
37 8 1 
38 8 1 
39 8 1 
40 8 1 
41 8 1 
42 8 1 
43 8 1 
44 8 1 
45 8 1 
46 8 1 
47 8 1 
48 8 1 
49 8 1 
50 8 1 
51 8 1 
52 8 1 
53 8 1 
54 8 1 
55 8 1 
56 8 1 
57 8 1 
58 8 1 
59 8 1 
60 8 1 
61 8 1 
62 8 1 
63 8 1 
64 8 1 
65 8 1 
66 8 1 
67 8 1 
68 8 1 
69 8 1 
70 8 1 
71 3 1 
72 3 1 
73 3 1 
74 3 1 
75 3 1 
76 3 1 
77 3 1 
78 3 1 
79 3 1 
80 3 1 
81 3 1 
82 3 1 
83 3 1 
84 3 1 
85 3 1 
86 8 1 
87 8 1 
88 8 1 
89 4 1 
90 4 1 
91 4 1 
92 4 1 
93 4 1 
94 4 1 
95 4 1 
96 4 1 
97 4 1 
98 8 1 
99 8 1 
100 8 1 
101 8 1 
102 5 1 
103 8 1 
104 8 1 
105 5 1 
106 5 1 
107 5 1 
108 5 1 
109 5 1 
110 5 1 
111 5 1 
112 5 1 
113 5 1 
114 5 1 
115 4 1 
116 4 1 
117 4 1 
118 4 1 
119 4 1 
120 4 1 
121 4 1 
122 4 1 
123 4 1 
124 4 1 
125 5 1 
126 5 1 
127 5 1 
128 5 1 
129 5 1 
130 5 1 
131 5 1 
132 5 1 
133 5 1 
134 7 1 
135 8 1 
136 8 1 
137 8 1 
138 8 1 
139 7 1 
140 8 1 
141 5 1 
142 5 1 
143 5 1 
144 5 1 
145 8 1 
146 5 1 
147 5 1 
148 8 1 
149 8 1 
150 8 1 
151 8 1 
152 8 1 
153 7 1 
154 7 1 
155 7 1 
156 7 1 
157 7 1 
158 7 1 
159 7 1 
160 7 1 
161 7 1 
162 7 1 
163 7 1 
164 7 1 
165 7 1 
166 7 1 
167 7 1 
168 7 1 
169 8 1 
170 7 1 
171 7 1 
172 7 1 
173 7 1 
174 7 1 
175 7 1 
176 8 1 
177 7 1 
178 7 1 
179 7 1 
180 7 1 
181 8 1 
182 8 1 
183 8 1 
184 8 1 
185 7 1 
186 7 1 
187 8 1 
188 8 1 
189 8 1 
190 8 1 
191 8 1 
192 1 1 
193 1 1 
194 7 2 
195 7 2 
196 3 2 
197 2 2 
198 3 1 
199 1 1 
200 1 1 
201 1 1 
202 1 1 
203 1 1 
204 1 1 
205 1 1 
206 1 1 
207 1 1 
208 1 1 
209 1 1 
210 1 1 
211 1 1 
212 6 2 
213 6 2 
214 5 2 
215 5 2 
216 1 2 
217 1 2 
218 7 2 
219 3 2 
220 8 2 
221 8 2 
222 8 2 
223 8 2 
224 8 2 
225 8 2 
226 8 2 
227 8 2 
228 8 2 
229 8 2 
230 8 2 
231 8 2 
232 8 2 
233 2 2 
234 2 2 
235 2 2 
236 2 2 
237 2 2 
238 2 2 
239 2 2 
240 3 2 
241 3 2 
242 3 2 
243 3 2 
244 3 2 
245 3 2 
246 3 2 
247 3 2 
248 3 2 
249 3 2 
250 3 2 
251 3 2 
252 3 2 
253 3 2 
254 3 2 
255 3 2 
256 3 2 
257 3 2 
258 3 2 
259 3 2 
260 5 2 
261 3 2 
262 3 2 
263 3 2 
264 3 2 
265 3 2 
266 3 2 
267 3 2 
268 3 2 
269 3 2 
270 3 2 
271 3 2 
272 3 2 
273 3 2 
274 3 2 
275 3 2 
276 3 2 
277 3 2 
278 3 2 
279 3 2 
280 3 2 
281 3 2 
282 3 2 
283 3 2 
284 3 2 
285 3 2 
286 3 2 
287 3 2 
288 3 2 
289 3 2 
290 3 2 
291 3 2 
292 3 2 
293 3 2 
294 3 2 
295 6 2 
296 6 2 
297 6 2 
298 6 2 
299 6 2 
300 6 2 
301 6 2 
302 6 2 
303 6 2 
304 6 2 
305 6 2 
306 6 2 
307 6 2 
308 6 2 
309 6 2 
310 6 2 
311 6 2 
312 6 2 
313 6 2 
314 6 2 
315 6 2 
316 6 2 
317 6 2 
318 6 2 
319 6 2 
320 6 2 
321 6 2 
322 6 2 
323 6 2 
324 6 2 
325 6 2 
326 6 2 
327 6 2 
328 6 2 
329 6 2 
330 6 2 
331 6 2 
332 6 2 
333 6 2 
334 6 2 
335 6 2 
336 6 2 
337 6 2 
338 6 2 
339 8 2 
340 8 2 
341 8 2 
342 8 2 
343 8 2 
344 8 2 
345 8 2 
346 7 2 
347 7 2 
348 7 2 
349 7 2 
350 8 2 
351 8 2 
352 8 2 
353 8 2 
354 8 2 
355 8 2 
356 8 2 
357 7 2 
358 7 2 
359 7 2 
360 7 2 
361 8 2 
362 8 2 
363 8 2 
364 7 2 
365 7 2 
366 7 2 
367 7 2 
368 7 2 
369 7 2 
370 7 2 
371 7 2 
372 7 2 
373 7 2 
374 8 2 
375 8 2 
376 8 2 
377 8 2 
378 8 2 
379 8 2 
380 8 2 
381 8 2 
382 8 2 
383 8 2 
384 8 2 
385 8 2 
386 8 2 
387 8 2 
388 8 2 
389 8 2 
390 8 2 
391 8 2 
392 8 2 
393 8 2 
394 8 2 
395 8 2 
396 8 2 
397 8 2 
398 8 2 
399 8 2 
400 8 2 
401 8 2 
402 8 2 
403 8 2 
404 8 2 
405 8 2 
406 8 2 
407 8 2 
408 8 2 
409 8 2 
410 8 2 
411 8 2 
412 8 2 
413 8 2 
414 8 2 
415 8 2 
416 8 2 
417 7 2 
418 7 2 
419 7 2 
420 1 2 
421 1 2 
422 1 2 
423 1 2 
424 1 2 
425 1 2 
426 1 2 
427 1 2 
428 1 2 
429 1 2 
430 1 2 
431 1 2 
432 1 2 
433 1 2 
434 1 2 
435 1 2 
436 1 2 
437 1 3 
438 1 2 
439 1 2 
440 1 2 
441 1 2 
442 1 2 
443 1 2 
444 1 2 
445 1 2 
446 1 2 
447 1 2 
448 1 2 
449 2 3 
450 2 3 
451 2 3 
452 2 3 
453 8 3 
454 8 3 
455 8 3 
456 8 3 
457 8 3 
458 8 3 
459 8 3 
460 4 3 
461 4 3 
462 4 3 
463 4 3 
464 4 3 
465 4 3 
466 4 3 
467 4 3 
468 4 3 
469 4 3 
470 4 3 
471 4 3 
472 4 3 
473 4 3 
474 4 3 
475 4 3 
476 4 3 
477 3 3 
478 5 3 
479 5 3 
480 5 3 
481 5 3 
482 5 3 
483 5 3 
484 5 3 
485 4 3 
486 5 3 
487 5 3 
488 5 3 
489 5 3 
490 5 3 
491 5 3 
492 8 3 
493 5 3 
494 5 3 
495 5 3 
496 5 3 
497 5 3 
498 5 3 
499 5 3 
500 5 3 
501 5 3 
502 5 3 
503 5 3 
504 8 3 
505 8 3 
506 8 3 
507 8 3 
508 5 3 
509 5 3 
510 5 3 
511 8 3 
512 8 3 
513 8 3 
514 8 3 
515 8 3 
516 8 3 
517 8 3 
518 8 3 
519 8 3 
520 8 3 
521 8 3 
522 8 3 
523 3 3 
524 3 3 
525 3 3 
526 3 3 
527 3 3 
528 3 3 
529 7 3 
530 7 3 
531 7 3 
532 7 3 
533 8 3 
534 8 3 
535 8 3 
536 8 3 
537 8 3 
538 8 3 
539 8 3 
540 8 3 
541 8 3 
542 8 3 
543 8 3 
544 8 3 
545 8 3 
546 8 3 
547 1 3 
548 1 3 
549 1 3 
550 1 3 
551 1 3 
552 1 3 
553 1 3 
554 1 3 
555 1 3 
556 1 4 
557 1 4 
558 1 4 
559 1 4 
560 1 4 
561 1 4 
562 1 4 
563 1 4 
564 1 4 
565 1 4 
566 1 4 
567 1 4 
568 2 4 
569 2 4 
570 2 4 
571 2 4 
572 8 4 
573 1 4 
574 1 4 
575 1 4 
576 1 4 
577 1 4 
578 1 4 
579 1 4 
580 1 4 
581 2 4 
582 2 4 
583 2 4 
584 2 4 
585 2 4 
586 2 4 
587 2 4 
588 2 4 
589 2 4 
590 2 4 
591 2 4 
592 2 4 
593 2 4 
594 8 4 
595 8 4 
596 8 4 
597 8 4 
598 8 4 
599 8 4 
600 8 4 
601 8 4 
602 8 4 
603 8 4 
604 8 4 
605 8 4 
606 1 4 
607 2 4 
608 3 4 
609 3 4 
610 7 4 
611 2 4 
612 2 4 
613 2 4 
614 2 4 
615 2 4 
616 2 4 
617 2 4 
618 8 4 
619 8 4 
620 8 4 
621 3 4 
622 3 4 
623 3 4 
624 3 4 
625 3 4 
626 3 4 
627 3 4 
628 3 4 
629 3 4 
630 3 4 
631 3 4 
632 3 4 
633 3 4 
634 3 4 
635 3 4 
636 3 4 
637 3 4 
638 3 4 
639 3 4 
640 3 4 
641 3 4 
642 3 4 
643 3 4 
644 3 4 
645 3 4 
646 3 4 
647 3 4 
648 3 4 
649 3 4 
650 3 4 
651 3 4 
652 3 4 
653 3 4 
654 3 4 
655 3 4 
656 3 4 
657 3 4 
658 3 4 
659 3 4 
660 3 4 
661 3 4 
662 3 4 
663 3 4 
664 3 4 
665 3 4 
666 3 4 
667 6 4 
668 6 4 
669 6 4 
670 6 4 
671 6 4 
672 6 4 
673 6 4 
674 6 4 
675 6 4 
676 6 4 
677 6 4 
678 6 4 
679 6 4 
680 6 4 
681 6 4 
682 6 4 
683 6 4 
684 6 4 
685 6 4 
686 6 4 
687 6 4 
688 6 4 
689 6 4 
690 6 4 
691 6 4 
692 6 4 
693 6 4 
694 6 4 
695 6 4 
696 6 4 
697 6 4 
698 6 4 
699 6 4 
700 6 4 
701 6 4 
702 6 4 
703 6 4 
704 6 4 
705 7 4 
706 8 4 
707 8 4 
708 8 4 
709 7 4 
710 7 4 
711 7 4 
712 7 4 
713 7 4 
714 7 4 
715 7 4 
716 7 4 
717 7 4 
718 7 4 
719 7 4 
720 7 4 
721 7 4 
722 7 4 
723 7 4 
724 7 4 
725 7 4 
726 7 4 
727 8 4 
728 8 4 
729 8 4 
730 7 4 
731 7 4 
732 7 4 
733 7 4 
734 7 4 
735 7 4 
736 7 4 
737 7 4 
738 7 4 
739 7 4 
740 7 4 
741 7 4 
742 7 4 
743 7 4 
744 7 4 
745 7 4 
746 7 4 
747 8 4 
748 6 4 
749 7 4 
750 7 4 
751 8 4 
752 8 4 
753 8 4 
754 8 4 
755 8 4 
756 8 4 
757 8 4 
758 8 4 
759 8 4 
760 8 4 
761 8 4 
762 7 4 
763 7 4 
764 7 4 
765 7 4 
766 1 4 
767 1 4 
768 1 4 
769 1 4 
770 1 4 
771 1 4 
772 1 4 
773 1 4 
774 1 4 
775 1 4 
776 1 4 
777 1 4 
778 1 4 
779 1 4 
780 1 4 
781 1 4 
782 1 4 
783 1 4 
784 1 4 
785 1 4 
786 1 4 
787 1 4 
788 1 4 
789 1 4 
790 1 4 
791 1 4 
792 1 4 
793 1 4 
794 1 4 
795 1 4 
796 1 4 
797 1 4 
798 1 4 
799 1 4 
800 1 4 
801 1 4 
802 1 4 
803 1 4 
804 1 4 
805 1 4 
;
end;
