param S := 932;
param T := 8;
param D := 5;
param windowsize := 0;

param A := 
1 211
2 63
3 73
4 134
5 51
6 24
7 8
8 11
9 60
10 146
11 104
12 42
13 86
14 358
15 133
16 177
17 187
18 11
19 9
20 3
21 9
22 9
23 9
24 44
25 21
26 18
27 44
28 7
29 9
30 21
31 18
32 11
33 7
34 12
35 71
36 44
37 36
38 22
39 27
40 54
41 44
42 10
43 27
44 5
45 9
46 53
47 9
48 6
49 9
50 10
51 9
52 13
53 159
54 107
55 141
56 133
57 179
58 106
59 265
60 221
61 61
62 65
63 76
64 110
65 160
66 36
67 21
68 18
69 46
70 28
71 106
72 79
73 37
74 9
75 45
76 45
77 11
78 27
79 15
80 28
81 32
82 12
83 28
84 68
85 5
86 9
87 9
88 7
89 1
90 40
91 46
92 61
93 44
94 101
95 1
96 44
97 13
98 7
99 2
100 5
101 17
102 22
103 5
104 7
105 2
106 9
107 2
108 18
109 44
110 40
111 18
112 14
113 4
114 3
115 33
116 221
117 88
118 221
119 193
120 212
121 100
122 265
123 212
124 47
125 94
126 152
127 47
128 84
129 62
130 144
131 0
132 162
133 81
134 48
135 2
136 73
137 63
138 109
139 164
140 52
141 73
142 18
143 1
144 97
145 1602
146 25
147 9
148 61
149 106
150 86
151 88
152 1
153 6
154 24
155 24
156 52
157 86
158 48
159 48
160 36
161 1
162 0
163 134
164 24
165 111
166 17
167 3
168 4
169 2
170 8
171 3
172 7
173 7
174 6
175 7
176 18
177 18
178 1
179 18
180 6
181 7
182 2
183 3
184 5
185 18
186 1
187 1
188 24
189 18
190 31
191 22
192 129
193 2
194 16
195 86
196 11
197 16
198 2
199 3
200 4
201 18
202 4
203 2
204 2
205 6
206 11
207 5
208 9
209 13
210 14
211 3
212 1
213 8
214 3
215 4
216 6
217 9
218 75
219 81
220 52
221 60
222 18
223 22
224 11
225 4
226 11
227 18
228 11
229 9
230 6
231 9
232 9
233 6
234 21
235 9
236 5
237 45
238 6
239 90
240 22
241 14
242 9
243 10
244 203
245 90
246 40
247 61
248 101
249 44
250 9
251 9
252 9
253 158
254 109
255 146
256 55
257 19
258 55
259 91
260 125
261 73
262 40
263 16
264 11
265 40
266 90
267 268
268 22
269 54
270 97
271 42
272 40
273 30
274 10
275 4
276 4
277 11
278 36
279 60
280 12
281 42
282 50
283 9
284 474
285 7
286 5
287 9
288 6
289 112
290 13
291 18
292 18
293 37
294 46
295 44
296 18
297 72
298 18
299 46
300 5
301 9
302 37
303 9
304 4
305 4
306 34
307 9
308 11
309 21
310 7
311 9
312 10
313 16
314 8
315 25
316 18
317 9
318 12
319 25
320 7
321 8
322 4
323 4
324 7
325 12
326 5
327 88
328 18
329 5
330 9
331 36
332 22
333 6
334 7
335 13
336 106
337 64
338 133
339 106
340 150
341 106
342 122
343 98
344 122
345 221
346 66
347 86
348 129
349 86
350 42
351 106
352 43
353 12
354 9
355 30
356 14
357 18
358 29
359 33
360 64
361 88
362 27
363 186
364 20
365 187
366 3
367 11
368 18
369 2
370 18
371 18
372 27
373 18
374 13
375 4
376 9
377 0
378 4
379 9
380 9
381 3
382 29
383 9
384 9
385 24
386 91
387 76
388 5
389 34
390 23
391 22
392 44
393 72
394 22
395 10
396 11
397 44
398 27
399 11
400 68
401 88
402 9
403 107
404 50
405 265
406 47
407 11
408 11
409 4
410 7
411 11
412 4
413 86
414 16
415 18
416 40
417 6
418 13
419 6
420 9
421 10
422 53
423 53
424 133
425 15
426 53
427 96
428 85
429 106
430 137
431 123
432 231
433 52
434 150
435 199
436 185
437 107
438 399
439 5
440 56
441 51
442 21
443 8
444 2
445 8
446 22
447 31
448 18
449 9
450 1
451 15
452 9
453 7
454 8
455 0
456 4
457 18
458 20
459 55
460 86
461 8
462 33
463 133
464 15
465 3
466 9
467 2
468 10
469 24
470 9
471 7
472 11
473 2
474 1
475 1
476 8
477 18
478 4
479 14
480 2
481 7
482 18
483 35
484 35
485 24
486 14
487 7
488 7
489 8
490 4
491 9
492 9
493 3
494 40
495 61
496 101
497 44
498 18
499 14
500 9
501 18
502 9
503 14
504 14
505 25
506 18
507 3
508 18
509 18
510 22
511 66
512 12
513 1
514 27
515 2
516 55
517 1
518 0
519 0
520 8
521 2
522 4
523 9
524 18
525 13
526 7
527 7
528 9
529 4
530 4
531 4
532 1
533 0
534 9
535 18
536 4
537 11
538 12
539 4
540 9
541 4
542 1
543 3
544 14
545 0
546 9
547 2
548 2
549 12
550 22
551 11
552 18
553 18
554 22
555 8
556 22
557 4
558 12
559 3
560 2
561 3
562 4
563 21
564 34
565 17
566 17
567 75
568 97
569 9
570 25
571 36
572 267
573 110
574 133
575 106
576 107
577 88
578 221
579 106
580 168
581 31
582 109
583 164
584 43
585 109
586 13
587 2
588 2
589 2
590 2
591 2
592 18
593 13
594 9
595 33
596 27
597 5
598 7
599 18
600 22
601 2
602 4
603 2
604 4
605 4
606 4
607 4
608 13
609 20
610 66
611 27
612 4
613 7
614 20
615 18
616 4
617 0
618 5
619 5
620 5
621 24
622 52
623 86
624 37
625 36
626 358
627 8
628 11
629 18
630 7
631 9
632 46
633 81
634 129
635 22
636 106
637 64
638 32
639 22
640 8
641 22
642 2
643 21
644 85
645 71
646 7
647 27
648 7
649 13
650 35
651 7
652 1
653 26
654 4
655 2
656 18
657 4
658 22
659 5
660 66
661 7
662 5
663 6
664 18
665 4
666 8
667 7
668 10
669 6
670 14
671 12
672 12
673 42
674 6
675 2
676 3
677 3
678 8
679 5
680 27
681 13
682 12
683 48
684 48
685 3
686 5
687 5
688 11
689 56
690 134
691 71
692 7
693 91
694 55
695 55
696 73
697 55
698 73
699 55
700 73
701 6
702 11
703 17
704 5
705 28
706 37
707 40
708 21
709 25
710 21
711 24
712 35
713 93
714 44
715 40
716 9
717 25
718 100
719 11
720 127
721 19
722 106
723 32
724 219
725 51
726 29
727 36
728 36
729 9
730 36
731 30
732 29
733 7
734 14
735 7
736 14
737 4
738 11
739 9
740 257
741 71
742 4
743 22
744 31
745 106
746 86
747 141
748 115
749 88
750 86
751 107
752 106
753 537
754 166
755 20
756 111
757 74
758 17
759 44
760 44
761 44
762 72
763 44
764 18
765 44
766 5
767 4
768 7
769 6
770 36
771 9
772 44
773 53
774 11
775 9
776 13
777 53
778 22
779 7
780 68
781 13
782 22
783 62
784 54
785 44
786 9
787 17
788 0
789 16
790 8
791 17
792 9
793 33
794 4
795 20
796 8
797 52
798 22
799 4
800 2
801 4
802 2
803 11
804 42
805 150
806 86
807 221
808 6
809 3
810 15
811 172
812 129
813 20
814 9
815 14
816 21
817 2
818 37
819 53
820 7
821 55
822 48
823 49
824 90
825 90
826 305
827 100
828 46
829 32
830 4
831 31
832 23
833 118
834 68
835 11
836 55
837 79
838 46
839 65
840 7
841 9
842 4
843 9
844 4
845 9
846 14
847 4
848 4
849 9
850 4
851 9
852 42
853 46
854 8
855 36
856 18
857 66
858 11
859 16
860 9
861 16
862 10
863 9
864 39
865 29
866 12
867 11
868 2
869 51
870 46
871 11
872 11
873 4
874 18
875 8
876 61
877 0
878 0
879 14
880 44
881 7
882 22
883 22
884 7
885 4
886 14
887 36
888 9
889 49
890 27
891 4
892 5
893 24
894 2
895 2
896 17
897 9
898 5
899 36
900 13
901 12
902 6
903 14
904 9
905 12
906 9
907 6
908 90
909 18
910 47
911 47
912 62
913 84
914 192
915 244
916 244
917 79
918 158
919 88
920 72
921 129
922 168
923 96
924 176
925 73
926 36
927 73
928 55
929 109
930 73
931 11
932 75
;

param Ttarget := 
1 1 1000
2 1 1000
3 1 1000
4 1 1000
5 1 500
6 1 500
7 1 500
8 1 500
1 2 1000
2 2 1000
3 2 1000
4 2 1000
5 2 500
6 2 500
7 2 500
8 2 500
1 3 1000
2 3 1000
3 3 1000
4 3 1000
5 3 500
6 3 500
7 3 500
8 3 500
1 4 1000
2 4 1000
3 4 1000
4 4 1000
5 4 500
6 4 500
7 4 500
8 4 500
1 5 1000
2 5 1000
3 5 1000
4 5 1000
5 5 500
6 5 500
7 5 500
8 5 500
;

set Bannlisti := 
;
set Fixlisti := 
1 2 1 
2 2 1 
3 2 1 
4 2 1 
5 2 1 
6 2 1 
7 2 1 
8 8 1 
9 8 1 
10 3 1 
11 3 1 
12 3 1 
13 3 1 
14 3 1 
15 3 1 
16 3 1 
17 3 1 
18 3 1 
19 3 1 
20 3 1 
21 3 1 
22 3 1 
23 3 1 
24 3 1 
25 3 1 
26 3 1 
27 3 1 
28 3 1 
29 3 1 
30 3 1 
31 3 1 
32 3 1 
33 3 1 
34 3 1 
35 3 1 
36 3 1 
37 3 1 
38 3 1 
39 3 1 
40 3 1 
41 3 1 
42 3 1 
43 3 1 
44 3 1 
45 1 1 
46 6 1 
47 6 1 
48 6 1 
49 6 1 
50 6 1 
51 6 1 
52 6 1 
53 6 1 
54 6 1 
55 6 1 
56 6 1 
57 6 1 
58 6 1 
59 6 1 
60 6 1 
61 6 1 
62 6 1 
63 6 1 
64 6 1 
65 6 1 
66 6 1 
67 6 1 
68 6 1 
69 6 1 
70 6 1 
71 6 1 
72 6 1 
73 6 1 
74 6 1 
75 6 1 
76 6 1 
77 6 1 
78 6 1 
79 7 1 
80 7 1 
81 7 1 
82 7 1 
83 7 1 
84 7 1 
85 7 1 
86 8 1 
87 8 1 
88 8 1 
89 7 1 
90 7 1 
91 7 1 
92 7 1 
93 7 1 
94 7 1 
95 7 1 
96 8 1 
97 8 1 
98 8 1 
99 8 1 
100 8 1 
101 8 1 
102 8 1 
103 8 1 
104 8 1 
105 8 1 
106 8 1 
107 8 1 
108 8 1 
109 8 1 
110 8 1 
111 8 1 
112 8 1 
113 2 1 
114 2 1 
115 1 1 
116 1 1 
117 1 1 
118 1 1 
119 1 1 
120 1 1 
121 1 1 
122 1 1 
123 1 1 
124 1 1 
125 1 1 
126 1 1 
127 1 1 
128 1 1 
129 1 1 
130 1 1 
131 1 1 
132 1 1 
133 1 1 
134 2 1 
135 2 1 
136 2 1 
137 2 2 
138 2 2 
139 2 2 
140 2 2 
141 2 2 
142 2 2 
143 8 2 
144 2 2 
145 2 2 
146 3 2 
147 5 2 
148 4 2 
149 4 2 
150 4 2 
151 4 2 
152 4 2 
153 4 2 
154 4 2 
155 4 2 
156 4 2 
157 4 2 
158 4 2 
159 4 2 
160 4 2 
161 4 2 
162 4 2 
163 4 2 
164 4 2 
165 4 2 
166 6 2 
167 8 2 
168 8 2 
169 8 2 
170 8 2 
171 8 2 
172 8 2 
173 8 2 
174 8 2 
175 8 2 
176 8 2 
177 8 2 
178 8 2 
179 8 2 
180 8 2 
181 8 2 
182 8 2 
183 8 2 
184 8 2 
185 8 2 
186 8 2 
187 8 2 
188 8 2 
189 8 2 
190 8 2 
191 8 2 
192 8 2 
193 8 2 
194 8 2 
195 8 2 
196 8 2 
197 8 2 
198 7 2 
199 8 2 
200 8 2 
201 8 2 
202 8 2 
203 8 2 
204 8 2 
205 8 2 
206 8 2 
207 8 2 
208 8 2 
209 8 2 
210 7 2 
211 7 2 
212 8 2 
213 8 2 
214 8 2 
215 8 2 
216 8 2 
217 8 2 
218 3 2 
219 3 2 
220 3 2 
221 8 2 
222 8 2 
223 8 2 
224 8 2 
225 8 2 
226 8 2 
227 8 2 
228 8 2 
229 8 2 
230 8 2 
231 8 2 
232 8 2 
233 8 2 
234 8 2 
235 8 2 
236 7 2 
237 7 2 
238 7 2 
239 7 2 
240 7 2 
241 7 2 
242 7 2 
243 7 2 
244 5 2 
245 5 2 
246 7 2 
247 7 2 
248 7 2 
249 7 2 
250 8 2 
251 8 2 
252 8 2 
253 1 2 
254 1 2 
255 1 2 
256 1 2 
257 1 2 
258 1 2 
259 1 2 
260 1 3 
261 1 3 
262 1 3 
263 1 3 
264 1 3 
265 1 3 
266 1 3 
267 1 3 
268 1 3 
269 1 3 
270 1 3 
271 1 3 
272 1 3 
273 1 3 
274 1 3 
275 1 3 
276 1 3 
277 2 3 
278 2 3 
279 2 3 
280 2 3 
281 2 3 
282 2 3 
283 2 3 
284 2 3 
285 1 3 
286 1 3 
287 2 3 
288 2 3 
289 2 3 
290 1 3 
291 2 3 
292 2 3 
293 2 3 
294 2 3 
295 2 3 
296 2 3 
297 2 3 
298 2 3 
299 2 3 
300 1 3 
301 1 3 
302 1 3 
303 1 3 
304 1 3 
305 1 3 
306 1 3 
307 1 3 
308 1 3 
309 1 3 
310 1 3 
311 1 3 
312 1 3 
313 1 3 
314 8 3 
315 8 3 
316 8 3 
317 8 3 
318 8 3 
319 8 3 
320 8 3 
321 3 3 
322 3 3 
323 3 3 
324 3 3 
325 3 3 
326 3 3 
327 3 3 
328 3 3 
329 3 3 
330 3 3 
331 3 3 
332 3 3 
333 3 3 
334 3 3 
335 3 3 
336 3 3 
337 3 3 
338 3 3 
339 3 3 
340 3 3 
341 3 3 
342 3 3 
343 3 3 
344 3 3 
345 3 3 
346 3 3 
347 3 3 
348 3 3 
349 3 3 
350 3 3 
351 3 3 
352 3 3 
353 3 3 
354 3 3 
355 3 3 
356 3 3 
357 3 3 
358 3 3 
359 3 3 
360 3 3 
361 3 3 
362 3 3 
363 3 3 
364 3 3 
365 3 3 
366 3 3 
367 3 3 
368 3 3 
369 3 3 
370 3 3 
371 3 3 
372 3 3 
373 3 3 
374 3 3 
375 3 3 
376 3 3 
377 3 3 
378 3 3 
379 3 3 
380 3 3 
381 3 3 
382 3 3 
383 3 3 
384 3 3 
385 3 3 
386 3 3 
387 3 3 
388 3 3 
389 3 3 
390 3 3 
391 3 3 
392 3 3 
393 3 3 
394 3 3 
395 5 3 
396 5 3 
397 5 3 
398 5 3 
399 5 3 
400 5 3 
401 5 3 
402 5 3 
403 5 3 
404 5 3 
405 5 3 
406 5 3 
407 5 3 
408 5 3 
409 5 3 
410 5 3 
411 5 3 
412 5 3 
413 6 3 
414 5 3 
415 6 3 
416 6 3 
417 6 3 
418 6 3 
419 6 3 
420 6 3 
421 6 3 
422 6 3 
423 6 3 
424 6 3 
425 6 3 
426 6 3 
427 6 3 
428 6 3 
429 6 3 
430 6 3 
431 6 3 
432 6 3 
433 6 3 
434 6 3 
435 6 3 
436 6 3 
437 6 3 
438 6 3 
439 6 3 
440 6 3 
441 6 3 
442 8 3 
443 6 3 
444 6 3 
445 6 3 
446 6 3 
447 6 3 
448 6 3 
449 6 3 
450 8 3 
451 8 3 
452 8 3 
453 6 3 
454 6 3 
455 6 3 
456 8 3 
457 8 3 
458 8 3 
459 7 3 
460 7 3 
461 7 3 
462 7 3 
463 7 3 
464 7 3 
465 7 3 
466 7 3 
467 8 3 
468 7 3 
469 7 3 
470 7 3 
471 7 3 
472 7 3 
473 8 3 
474 8 3 
475 7 3 
476 5 3 
477 5 3 
478 5 3 
479 5 3 
480 8 3 
481 5 3 
482 5 3 
483 5 3 
484 5 3 
485 8 3 
486 7 3 
487 7 3 
488 7 3 
489 7 3 
490 7 3 
491 7 3 
492 7 3 
493 6 3 
494 7 3 
495 7 3 
496 7 3 
497 7 3 
498 7 3 
499 7 3 
500 7 3 
501 7 3 
502 7 3 
503 7 3 
504 5 3 
505 5 3 
506 5 3 
507 8 3 
508 5 3 
509 5 3 
510 5 3 
511 5 3 
512 8 3 
513 8 3 
514 8 3 
515 8 3 
516 8 3 
517 2 3 
518 4 3 
519 4 3 
520 8 3 
521 8 3 
522 5 3 
523 7 3 
524 7 3 
525 7 3 
526 7 3 
527 7 3 
528 7 3 
529 8 3 
530 8 3 
531 8 3 
532 8 3 
533 8 3 
534 8 3 
535 8 3 
536 8 3 
537 8 3 
538 8 3 
539 8 3 
540 8 3 
541 8 3 
542 8 3 
543 8 3 
544 8 3 
545 8 3 
546 8 3 
547 8 3 
548 8 3 
549 8 3 
550 8 3 
551 8 3 
552 8 3 
553 8 3 
554 8 3 
555 8 3 
556 8 3 
557 8 3 
558 8 3 
559 8 3 
560 8 3 
561 8 3 
562 8 3 
563 8 3 
564 1 3 
565 1 3 
566 1 3 
567 1 3 
568 1 3 
569 1 3 
570 1 3 
571 1 3 
572 1 3 
573 1 3 
574 1 3 
575 1 3 
576 1 3 
577 1 3 
578 1 3 
579 1 3 
580 1 3 
581 1 3 
582 2 4 
583 2 4 
584 2 4 
585 2 4 
586 8 4 
587 8 4 
588 8 4 
589 8 4 
590 8 4 
591 8 4 
592 8 4 
593 8 4 
594 8 4 
595 8 4 
596 8 4 
597 8 4 
598 8 4 
599 8 4 
600 8 4 
601 8 4 
602 8 4 
603 8 4 
604 8 4 
605 8 4 
606 8 4 
607 8 4 
608 6 4 
609 3 4 
610 3 4 
611 4 4 
612 3 4 
613 4 4 
614 4 4 
615 4 4 
616 4 4 
617 4 4 
618 4 4 
619 4 4 
620 4 4 
621 4 4 
622 4 4 
623 4 4 
624 4 4 
625 4 4 
626 5 4 
627 5 4 
628 5 4 
629 5 4 
630 5 4 
631 5 4 
632 4 4 
633 4 4 
634 4 4 
635 4 4 
636 4 4 
637 4 4 
638 4 4 
639 4 4 
640 4 4 
641 7 4 
642 8 4 
643 8 4 
644 1 4 
645 4 4 
646 4 4 
647 8 4 
648 8 4 
649 8 4 
650 8 4 
651 8 4 
652 8 4 
653 8 4 
654 7 4 
655 7 4 
656 7 4 
657 7 4 
658 7 4 
659 7 4 
660 7 4 
661 7 4 
662 7 4 
663 7 4 
664 7 4 
665 7 4 
666 7 4 
667 7 4 
668 8 4 
669 8 4 
670 8 4 
671 8 4 
672 8 4 
673 8 4 
674 8 4 
675 8 4 
676 8 4 
677 8 4 
678 8 4 
679 8 4 
680 8 4 
681 8 4 
682 3 4 
683 3 4 
684 3 4 
685 8 4 
686 1 4 
687 1 4 
688 1 4 
689 1 4 
690 1 5 
691 4 5 
692 4 5 
693 1 5 
694 1 5 
695 1 5 
696 1 5 
697 1 5 
698 1 5 
699 1 5 
700 1 5 
701 1 5 
702 1 5 
703 1 5 
704 1 5 
705 1 5 
706 1 5 
707 1 5 
708 1 5 
709 1 5 
710 1 5 
711 1 5 
712 2 5 
713 2 5 
714 2 5 
715 2 5 
716 2 5 
717 2 5 
718 1 5 
719 1 5 
720 2 5 
721 2 5 
722 2 5 
723 2 5 
724 2 5 
725 2 5 
726 8 5 
727 8 5 
728 8 5 
729 8 5 
730 8 5 
731 8 5 
732 8 5 
733 8 5 
734 8 5 
735 8 5 
736 8 5 
737 8 5 
738 8 5 
739 8 5 
740 8 5 
741 8 5 
742 8 5 
743 8 5 
744 8 5 
745 3 5 
746 3 5 
747 3 5 
748 3 5 
749 3 5 
750 3 5 
751 3 5 
752 3 5 
753 3 5 
754 3 5 
755 3 5 
756 3 5 
757 3 5 
758 3 5 
759 3 5 
760 3 5 
761 3 5 
762 3 5 
763 3 5 
764 3 5 
765 3 5 
766 3 5 
767 3 5 
768 3 5 
769 3 5 
770 3 5 
771 3 5 
772 3 5 
773 3 5 
774 3 5 
775 3 5 
776 3 5 
777 3 5 
778 3 5 
779 3 5 
780 3 5 
781 3 5 
782 3 5 
783 3 5 
784 3 5 
785 3 5 
786 3 5 
787 3 5 
788 8 5 
789 8 5 
790 8 5 
791 8 5 
792 8 5 
793 8 5 
794 4 5 
795 4 5 
796 8 5 
797 3 5 
798 3 5 
799 8 5 
800 8 5 
801 8 5 
802 8 5 
803 8 5 
804 6 5 
805 6 5 
806 6 5 
807 6 5 
808 6 5 
809 6 5 
810 6 5 
811 6 5 
812 6 5 
813 6 5 
814 6 5 
815 6 5 
816 6 5 
817 6 5 
818 6 5 
819 6 5 
820 6 5 
821 6 5 
822 6 5 
823 6 5 
824 6 5 
825 6 5 
826 6 5 
827 6 5 
828 6 5 
829 6 5 
830 6 5 
831 6 5 
832 6 5 
833 6 5 
834 6 5 
835 6 5 
836 6 5 
837 6 5 
838 6 5 
839 6 5 
840 6 5 
841 6 5 
842 6 5 
843 6 5 
844 6 5 
845 6 5 
846 7 5 
847 6 5 
848 7 5 
849 7 5 
850 7 5 
851 7 5 
852 7 5 
853 7 5 
854 7 5 
855 7 5 
856 7 5 
857 7 5 
858 7 5 
859 7 5 
860 7 5 
861 7 5 
862 7 5 
863 7 5 
864 7 5 
865 7 5 
866 7 5 
867 7 5 
868 7 5 
869 7 5 
870 8 5 
871 8 5 
872 8 5 
873 8 5 
874 8 5 
875 7 5 
876 7 5 
877 7 5 
878 7 5 
879 8 5 
880 8 5 
881 8 5 
882 8 5 
883 8 5 
884 8 5 
885 8 5 
886 8 5 
887 8 5 
888 8 5 
889 8 5 
890 7 5 
891 7 5 
892 8 5 
893 8 5 
894 8 5 
895 8 5 
896 8 5 
897 8 5 
898 8 5 
899 8 5 
900 8 5 
901 8 5 
902 8 5 
903 8 5 
904 8 5 
905 8 5 
906 8 5 
907 4 5 
908 1 5 
909 1 5 
910 1 5 
911 1 5 
912 1 5 
913 1 5 
914 1 5 
915 1 5 
916 1 5 
917 1 5 
918 1 5 
919 1 5 
920 1 5 
921 1 5 
922 1 5 
923 1 5 
924 1 5 
925 1 5 
926 1 5 
927 1 5 
928 1 5 
929 1 5 
930 1 5 
931 1 5 
932 1 5 
;
end;
