param S := 729;
param T := 8;
param D := 5;
param windowsize := 0;

param A := 
1 9
2 7
3 15
4 200
5 5
6 5
7 16
8 3
9 36
10 474
11 134
12 18
13 4
14 7
15 7
16 4
17 4
18 4
19 8
20 6
21 61
22 4
23 7
24 64
25 107
26 265
27 107
28 106
29 88
30 159
31 177
32 250
33 18
34 8
35 160
36 45
37 22
38 122
39 19
40 10
41 64
42 17
43 44
44 7
45 22
46 19
47 9
48 4
49 4
50 9
51 17
52 19
53 43
54 49
55 24
56 104
57 26
58 24
59 9
60 24
61 18
62 24
63 22
64 7
65 4
66 22
67 18
68 90
69 107
70 22
71 44
72 43
73 22
74 131
75 9
76 110
77 44
78 82
79 322
80 11
81 9
82 9
83 2
84 11
85 4
86 7
87 36
88 8
89 0
90 25
91 2
92 51
93 2
94 4
95 44
96 20
97 7
98 9
99 39
100 13
101 8
102 3
103 3
104 15
105 13
106 9
107 7
108 4
109 23
110 15
111 4
112 15
113 3
114 2
115 3
116 23
117 9
118 9
119 3
120 1
121 24
122 7
123 1
124 3
125 1
126 1
127 14
128 3
129 9
130 2
131 0
132 16
133 4
134 130
135 7
136 0
137 5
138 22
139 125
140 100
141 150
142 24
143 226
144 50
145 100
146 158
147 8
148 40
149 8
150 40
151 42
152 9
153 30
154 52
155 46
156 51
157 5
158 52
159 72
160 101
161 18
162 8
163 6
164 6
165 4
166 2
167 2
168 1
169 3
170 4
171 53
172 133
173 39
174 150
175 91
176 146
177 35
178 109
179 63
180 2
181 4
182 4
183 18
184 2
185 0
186 0
187 18
188 44
189 16
190 22
191 2
192 2
193 2
194 9
195 4
196 2
197 5
198 2
199 8
200 2
201 4
202 2
203 11
204 2
205 6
206 2
207 2
208 2
209 0
210 13
211 4
212 34
213 20
214 6
215 16
216 2
217 0
218 2
219 2
220 3
221 29
222 2
223 80
224 16
225 12
226 24
227 1
228 16
229 36
230 39
231 69
232 86
233 88
234 13
235 44
236 44
237 59
238 24
239 24
240 13
241 24
242 24
243 52
244 52
245 36
246 48
247 36
248 5
249 3
250 5
251 8
252 10
253 2
254 18
255 6
256 18
257 24
258 36
259 18
260 7
261 1
262 2
263 4
264 18
265 2
266 14
267 3
268 12
269 3
270 3
271 2
272 2
273 100
274 7
275 6
276 6
277 6
278 9
279 10
280 12
281 52
282 106
283 95
284 265
285 411
286 333
287 215
288 55
289 115
290 86
291 110
292 212
293 33
294 110
295 265
296 9
297 4
298 8
299 4
300 22
301 13
302 13
303 13
304 2
305 4
306 22
307 7
308 84
309 53
310 38
311 53
312 133
313 265
314 9
315 18
316 9
317 7
318 40
319 12
320 18
321 7
322 0
323 9
324 4
325 8
326 12
327 3
328 39
329 29
330 48
331 32
332 35
333 13
334 6
335 4
336 4
337 265
338 1
339 13
340 4
341 20
342 9
343 29
344 46
345 4
346 36
347 44
348 106
349 2
350 18
351 4
352 0
353 9
354 7
355 9
356 7
357 9
358 8
359 7
360 9
361 2
362 27
363 5
364 46
365 4
366 5
367 4
368 7
369 4
370 4
371 2
372 27
373 7
374 17
375 42
376 33
377 0
378 7
379 4
380 4
381 7
382 7
383 21
384 13
385 8
386 8
387 9
388 4
389 13
390 18
391 76
392 129
393 2
394 0
395 1
396 2
397 8
398 13
399 3
400 7
401 18
402 318
403 134
404 38
405 90
406 36
407 44
408 44
409 4
410 48
411 182
412 182
413 182
414 97
415 26
416 100
417 50
418 75
419 75
420 17
421 36
422 12
423 38
424 221
425 168
426 133
427 66
428 133
429 133
430 8
431 44
432 113
433 4
434 4
435 4
436 7
437 9
438 9
439 4
440 9
441 5
442 4
443 4
444 4
445 5
446 296
447 63
448 292
449 112
450 73
451 84
452 0
453 0
454 3
455 18
456 11
457 7
458 8
459 2
460 2
461 21
462 2
463 2
464 2
465 2
466 4
467 13
468 27
469 11
470 7
471 1
472 1
473 11
474 2
475 4
476 2
477 44
478 4
479 44
480 4
481 31
482 22
483 13
484 29
485 18
486 13
487 7
488 22
489 22
490 12
491 12
492 48
493 48
494 6
495 2
496 12
497 14
498 7
499 2
500 42
501 28
502 1
503 10
504 4
505 6
506 14
507 9
508 18
509 44
510 18
511 7
512 20
513 8
514 14
515 40
516 9
517 44
518 22
519 44
520 18
521 22
522 22
523 15
524 4
525 11
526 9
527 4
528 4
529 2
530 2
531 134
532 24
533 12
534 17
535 9
536 474
537 0
538 35
539 11
540 73
541 4
542 47
543 75
544 25
545 1
546 27
547 73
548 146
549 73
550 146
551 16
552 26
553 18
554 221
555 358
556 86
557 186
558 133
559 16
560 20
561 83
562 118
563 67
564 76
565 27
566 8
567 18
568 110
569 7
570 158
571 52
572 88
573 222
574 88
575 80
576 150
577 107
578 107
579 133
580 9
581 4
582 8
583 8
584 21
585 4
586 72
587 72
588 27
589 8
590 21
591 7
592 44
593 9
594 17
595 6
596 4
597 3
598 2
599 2
600 11
601 5
602 16
603 12
604 42
605 5
606 22
607 2
608 3
609 52
610 52
611 9
612 36
613 36
614 9
615 9
616 4
617 4
618 4
619 12
620 4
621 2
622 11
623 14
624 25
625 9
626 9
627 4
628 2
629 4
630 4
631 62
632 90
633 4
634 8
635 36
636 107
637 46
638 86
639 59
640 40
641 177
642 4
643 2
644 2
645 7
646 4
647 7
648 11
649 2
650 27
651 80
652 9
653 3
654 23
655 8
656 17
657 24
658 12
659 11
660 5
661 3
662 7
663 40
664 14
665 14
666 20
667 5
668 4
669 0
670 4
671 5
672 2
673 9
674 4
675 4
676 4
677 13
678 7
679 4
680 4
681 11
682 4
683 52
684 1
685 2
686 4
687 9
688 12
689 2
690 6
691 4
692 44
693 22
694 54
695 66
696 66
697 4
698 13
699 2
700 4
701 4
702 2
703 2
704 2
705 2
706 2
707 4
708 2
709 2
710 18
711 64
712 3
713 5
714 0
715 3
716 91
717 91
718 91
719 27
720 88
721 134
722 96
723 47
724 47
725 62
726 79
727 81
728 158
729 100
;

param Ttarget := 
1 1 1000
2 1 1000
3 1 1000
4 1 1000
5 1 500
6 1 500
7 1 500
8 1 500
1 2 1000
2 2 1000
3 2 1000
4 2 1000
5 2 500
6 2 500
7 2 500
8 2 500
1 3 1000
2 3 1000
3 3 1000
4 3 1000
5 3 500
6 3 500
7 3 500
8 3 500
1 4 1000
2 4 1000
3 4 1000
4 4 1000
5 4 500
6 4 500
7 4 500
8 4 500
1 5 1000
2 5 1000
3 5 1000
4 5 1000
5 5 500
6 5 500
7 5 500
8 5 500
;

set Bannlisti := 
;
set Fixlisti := 
1 1 1 
2 1 1 
3 1 1 
4 8 1 
5 1 1 
6 2 1 
7 2 1 
8 2 1 
9 2 1 
10 2 1 
11 2 1 
12 8 1 
13 8 1 
14 8 1 
15 8 1 
16 8 1 
17 8 1 
18 8 1 
19 8 1 
20 8 1 
21 8 1 
22 8 1 
23 8 1 
24 3 1 
25 3 1 
26 3 1 
27 3 1 
28 3 1 
29 3 1 
30 3 1 
31 3 1 
32 3 1 
33 3 1 
34 3 1 
35 3 1 
36 3 1 
37 3 1 
38 3 1 
39 3 1 
40 3 1 
41 3 1 
42 3 1 
43 3 1 
44 3 1 
45 3 1 
46 3 1 
47 3 1 
48 3 1 
49 3 1 
50 3 1 
51 3 1 
52 3 1 
53 8 1 
54 8 1 
55 8 1 
56 5 1 
57 5 1 
58 4 1 
59 4 1 
60 4 1 
61 5 1 
62 5 1 
63 5 1 
64 5 1 
65 5 1 
66 5 1 
67 5 1 
68 5 1 
69 5 1 
70 5 1 
71 5 1 
72 5 1 
73 5 1 
74 5 1 
75 5 1 
76 5 1 
77 5 1 
78 5 1 
79 5 1 
80 8 1 
81 8 1 
82 8 1 
83 8 1 
84 8 1 
85 8 1 
86 8 1 
87 8 1 
88 8 1 
89 6 1 
90 6 1 
91 7 1 
92 7 1 
93 7 1 
94 8 1 
95 7 1 
96 8 1 
97 8 1 
98 5 1 
99 8 1 
100 8 1 
101 8 1 
102 8 1 
103 7 1 
104 7 1 
105 7 1 
106 7 1 
107 7 1 
108 7 1 
109 7 1 
110 7 1 
111 7 1 
112 7 1 
113 7 1 
114 7 1 
115 7 1 
116 7 1 
117 7 1 
118 7 1 
119 7 1 
120 7 1 
121 7 1 
122 7 1 
123 7 1 
124 7 1 
125 7 1 
126 7 1 
127 7 1 
128 7 1 
129 8 1 
130 8 1 
131 8 1 
132 8 1 
133 8 1 
134 6 1 
135 8 1 
136 3 1 
137 3 1 
138 1 1 
139 1 1 
140 1 1 
141 1 1 
142 1 1 
143 1 1 
144 1 1 
145 1 1 
146 1 2 
147 1 2 
148 1 2 
149 1 2 
150 1 2 
151 1 2 
152 1 2 
153 1 2 
154 1 2 
155 1 2 
156 1 2 
157 1 2 
158 1 2 
159 1 2 
160 1 2 
161 1 2 
162 1 2 
163 1 2 
164 1 2 
165 1 2 
166 1 2 
167 1 2 
168 1 2 
169 1 2 
170 1 2 
171 1 2 
172 1 2 
173 2 2 
174 2 2 
175 2 2 
176 2 2 
177 2 2 
178 2 2 
179 2 2 
180 8 2 
181 8 2 
182 8 2 
183 8 2 
184 8 2 
185 8 2 
186 8 2 
187 8 2 
188 8 2 
189 8 2 
190 8 2 
191 8 2 
192 8 2 
193 8 2 
194 8 2 
195 8 2 
196 8 2 
197 8 2 
198 8 2 
199 8 2 
200 8 2 
201 8 2 
202 8 2 
203 8 2 
204 8 2 
205 8 2 
206 8 2 
207 8 2 
208 8 2 
209 8 2 
210 8 2 
211 8 2 
212 8 2 
213 8 2 
214 3 2 
215 3 2 
216 3 2 
217 3 2 
218 3 2 
219 3 2 
220 3 2 
221 3 2 
222 3 2 
223 3 2 
224 3 2 
225 3 2 
226 3 2 
227 3 2 
228 3 2 
229 3 2 
230 3 2 
231 3 2 
232 4 2 
233 4 2 
234 4 2 
235 4 2 
236 5 2 
237 4 2 
238 4 2 
239 4 2 
240 4 2 
241 4 2 
242 4 2 
243 4 2 
244 4 2 
245 4 2 
246 4 2 
247 4 2 
248 8 2 
249 8 2 
250 8 2 
251 8 2 
252 8 2 
253 8 2 
254 8 2 
255 8 2 
256 8 2 
257 8 2 
258 8 2 
259 8 2 
260 8 2 
261 8 2 
262 8 2 
263 8 2 
264 8 2 
265 8 2 
266 8 2 
267 8 2 
268 8 2 
269 8 2 
270 8 2 
271 8 2 
272 8 2 
273 8 2 
274 6 2 
275 6 2 
276 6 2 
277 6 2 
278 6 2 
279 6 2 
280 6 2 
281 6 2 
282 6 2 
283 6 2 
284 6 2 
285 6 2 
286 6 2 
287 6 2 
288 6 2 
289 6 2 
290 6 2 
291 6 2 
292 6 2 
293 6 2 
294 6 2 
295 6 2 
296 6 2 
297 6 2 
298 6 2 
299 6 2 
300 6 2 
301 6 2 
302 6 2 
303 6 2 
304 6 2 
305 6 2 
306 6 2 
307 6 2 
308 6 2 
309 6 2 
310 6 2 
311 6 2 
312 6 2 
313 6 2 
314 6 2 
315 6 2 
316 6 2 
317 6 2 
318 7 2 
319 7 2 
320 7 2 
321 7 2 
322 7 2 
323 7 2 
324 7 2 
325 7 2 
326 7 2 
327 8 2 
328 7 2 
329 7 2 
330 7 2 
331 7 2 
332 7 2 
333 7 2 
334 8 2 
335 8 2 
336 8 2 
337 7 2 
338 7 2 
339 7 2 
340 7 2 
341 7 2 
342 7 2 
343 7 2 
344 7 2 
345 7 2 
346 7 2 
347 7 2 
348 7 2 
349 7 2 
350 7 2 
351 7 2 
352 7 2 
353 7 2 
354 7 2 
355 7 2 
356 7 2 
357 7 2 
358 7 2 
359 7 2 
360 7 2 
361 7 2 
362 7 2 
363 7 2 
364 7 2 
365 7 2 
366 7 2 
367 8 2 
368 8 2 
369 8 2 
370 8 2 
371 8 2 
372 8 2 
373 8 2 
374 7 2 
375 7 2 
376 7 2 
377 7 2 
378 4 2 
379 7 2 
380 7 2 
381 7 2 
382 7 2 
383 7 2 
384 7 2 
385 7 2 
386 7 2 
387 7 2 
388 7 2 
389 8 2 
390 8 2 
391 8 2 
392 8 2 
393 7 2 
394 7 2 
395 7 2 
396 7 2 
397 7 2 
398 8 2 
399 8 2 
400 4 2 
401 1 2 
402 1 2 
403 1 2 
404 1 2 
405 1 2 
406 1 2 
407 1 2 
408 1 2 
409 1 2 
410 1 2 
411 1 2 
412 1 2 
413 1 2 
414 1 2 
415 1 2 
416 1 2 
417 1 2 
418 1 2 
419 1 2 
420 1 2 
421 1 2 
422 1 2 
423 1 2 
424 1 2 
425 1 2 
426 1 2 
427 1 2 
428 1 2 
429 1 2 
430 1 2 
431 1 2 
432 1 2 
433 1 2 
434 1 2 
435 1 2 
436 1 2 
437 1 2 
438 1 2 
439 1 2 
440 1 2 
441 1 2 
442 1 2 
443 1 2 
444 1 2 
445 1 3 
446 2 3 
447 2 3 
448 2 3 
449 2 3 
450 2 3 
451 2 3 
452 1 3 
453 1 3 
454 1 3 
455 7 3 
456 7 3 
457 7 3 
458 7 3 
459 8 3 
460 8 3 
461 8 3 
462 8 3 
463 8 3 
464 8 3 
465 8 3 
466 8 3 
467 8 3 
468 8 3 
469 8 3 
470 8 3 
471 8 3 
472 8 3 
473 8 3 
474 8 3 
475 8 3 
476 8 3 
477 8 3 
478 8 3 
479 8 3 
480 8 3 
481 8 3 
482 8 3 
483 8 3 
484 8 3 
485 8 3 
486 8 3 
487 8 3 
488 8 3 
489 8 3 
490 3 3 
491 3 3 
492 3 3 
493 3 3 
494 3 3 
495 3 3 
496 8 3 
497 8 3 
498 8 3 
499 8 3 
500 8 3 
501 8 3 
502 8 3 
503 8 3 
504 8 3 
505 8 3 
506 8 3 
507 8 3 
508 8 3 
509 8 3 
510 8 3 
511 8 3 
512 8 3 
513 8 3 
514 8 3 
515 8 3 
516 8 3 
517 8 3 
518 8 3 
519 8 3 
520 8 3 
521 8 3 
522 8 3 
523 8 3 
524 8 3 
525 8 3 
526 8 3 
527 8 3 
528 8 3 
529 8 3 
530 8 3 
531 8 3 
532 8 3 
533 8 3 
534 8 3 
535 8 3 
536 2 4 
537 1 4 
538 2 4 
539 2 4 
540 2 4 
541 2 4 
542 2 4 
543 1 4 
544 1 4 
545 1 4 
546 1 4 
547 1 4 
548 1 4 
549 1 4 
550 1 4 
551 1 4 
552 1 4 
553 1 4 
554 3 4 
555 3 4 
556 3 4 
557 3 4 
558 3 4 
559 3 4 
560 3 4 
561 3 4 
562 3 4 
563 3 4 
564 3 4 
565 3 4 
566 3 4 
567 3 4 
568 3 4 
569 3 4 
570 3 4 
571 3 4 
572 3 4 
573 3 4 
574 3 4 
575 3 4 
576 3 4 
577 3 4 
578 3 4 
579 3 4 
580 3 4 
581 3 4 
582 3 4 
583 3 4 
584 3 4 
585 3 4 
586 3 4 
587 3 4 
588 3 4 
589 3 4 
590 3 4 
591 3 4 
592 3 4 
593 3 4 
594 3 4 
595 3 4 
596 3 4 
597 3 4 
598 3 4 
599 3 4 
600 3 4 
601 3 4 
602 3 4 
603 4 4 
604 8 4 
605 4 4 
606 4 4 
607 4 4 
608 4 4 
609 4 4 
610 4 4 
611 4 4 
612 4 4 
613 4 4 
614 3 4 
615 5 4 
616 5 4 
617 5 4 
618 5 4 
619 5 4 
620 5 4 
621 5 4 
622 5 4 
623 5 4 
624 5 4 
625 5 4 
626 5 4 
627 5 4 
628 5 4 
629 5 4 
630 5 4 
631 5 4 
632 5 4 
633 5 4 
634 4 4 
635 4 4 
636 4 4 
637 4 4 
638 4 4 
639 4 4 
640 4 4 
641 4 4 
642 8 4 
643 8 4 
644 8 4 
645 8 4 
646 8 4 
647 8 4 
648 8 4 
649 8 4 
650 8 4 
651 8 4 
652 8 4 
653 8 4 
654 8 4 
655 8 4 
656 8 4 
657 8 4 
658 8 4 
659 8 4 
660 8 4 
661 7 4 
662 7 4 
663 7 4 
664 7 4 
665 7 4 
666 7 4 
667 8 4 
668 8 4 
669 8 4 
670 8 4 
671 8 4 
672 8 4 
673 8 4 
674 8 4 
675 5 4 
676 5 4 
677 5 4 
678 5 4 
679 8 4 
680 5 4 
681 8 4 
682 8 4 
683 7 4 
684 8 4 
685 8 4 
686 8 4 
687 8 4 
688 7 4 
689 7 4 
690 7 4 
691 7 4 
692 7 4 
693 7 4 
694 7 4 
695 7 4 
696 7 4 
697 7 4 
698 7 4 
699 7 4 
700 7 4 
701 7 4 
702 7 4 
703 7 4 
704 7 4 
705 7 4 
706 7 4 
707 7 4 
708 7 4 
709 7 4 
710 7 4 
711 8 4 
712 8 4 
713 8 4 
714 1 4 
715 1 4 
716 1 4 
717 1 4 
718 1 4 
719 1 4 
720 1 4 
721 1 4 
722 1 4 
723 1 4 
724 1 4 
725 1 4 
726 1 4 
727 1 4 
728 1 4 
729 1 4 
;
end;
