param S := 884;
param T := 8;
param D := 5;
param windowsize := 0;

param A := 
1 73
2 109
3 182
4 146
5 36
6 10
7 5
8 26
9 47
10 13
11 122
12 73
13 52
14 59
15 104
16 55
17 88
18 88
19 106
20 22
21 221
22 221
23 175
24 215
25 203
26 119
27 215
28 90
29 27
30 90
31 55
32 265
33 18
34 7
35 12
36 12
37 12
38 13
39 13
40 103
41 134
42 84
43 10
44 2
45 2
46 13
47 36
48 2
49 9
50 2
51 8
52 11
53 11
54 3
55 8
56 0
57 9
58 4
59 4
60 22
61 13
62 22
63 15
64 16
65 3
66 90
67 88
68 53
69 5
70 4
71 4
72 5
73 7
74 4
75 11
76 11
77 122
78 38
79 137
80 44
81 52
82 44
83 71
84 23
85 7
86 9
87 4
88 12
89 13
90 2
91 6
92 40
93 22
94 133
95 66
96 14
97 66
98 33
99 33
100 11
101 26
102 126
103 152
104 143
105 95
106 32
107 58
108 20
109 101
110 186
111 221
112 72
113 46
114 68
115 13
116 72
117 60
118 4
119 328
120 52
121 36
122 18
123 29
124 71
125 179
126 29
127 18
128 40
129 16
130 18
131 76
132 22
133 6
134 5
135 7
136 16
137 6
138 20
139 12
140 13
141 52
142 52
143 9
144 36
145 36
146 8
147 16
148 6
149 17
150 0
151 17
152 52
153 36
154 11
155 36
156 18
157 2
158 45
159 129
160 186
161 13
162 12
163 26
164 24
165 1
166 55
167 44
168 106
169 59
170 64
171 8
172 18
173 36
174 18
175 7
176 7
177 2
178 1
179 18
180 2
181 6
182 18
183 1
184 3
185 3
186 3
187 6
188 18
189 5
190 7
191 7
192 12
193 6
194 18
195 14
196 5
197 12
198 3
199 2
200 32
201 9
202 18
203 27
204 30
205 11
206 9
207 5
208 27
209 22
210 76
211 37
212 46
213 143
214 83
215 46
216 54
217 86
218 55
219 55
220 8
221 5
222 43
223 65
224 29
225 24
226 48
227 32
228 24
229 36
230 13
231 7
232 14
233 5
234 12
235 9
236 22
237 27
238 13
239 32
240 106
241 63
242 33
243 110
244 13
245 18
246 398
247 55
248 45
249 8
250 12
251 2
252 9
253 12
254 0
255 3
256 38
257 1
258 9
259 4
260 1
261 4
262 5
263 9
264 1
265 3
266 2
267 0
268 1
269 2
270 2
271 1
272 97
273 13
274 14
275 27
276 83
277 36
278 30
279 5
280 0
281 7
282 8
283 25
284 109
285 128
286 219
287 73
288 17
289 17
290 100
291 75
292 150
293 12
294 50
295 201
296 50
297 97
298 106
299 63
300 127
301 5
302 0
303 3
304 2
305 8
306 2
307 40
308 22
309 9
310 4
311 18
312 4
313 4
314 2
315 11
316 31
317 64
318 146
319 52
320 106
321 107
322 133
323 107
324 80
325 106
326 115
327 88
328 107
329 106
330 107
331 106
332 221
333 358
334 66
335 86
336 129
337 186
338 52
339 177
340 250
341 4
342 4
343 13
344 5
345 18
346 18
347 0
348 36
349 20
350 71
351 111
352 23
353 66
354 125
355 62
356 72
357 44
358 30
359 110
360 44
361 44
362 88
363 37
364 36
365 22
366 13
367 34
368 38
369 7
370 44
371 72
372 11
373 35
374 35
375 18
376 35
377 18
378 16
379 14
380 18
381 94
382 42
383 88
384 106
385 150
386 215
387 68
388 106
389 222
390 27
391 53
392 53
393 53
394 133
395 56
396 4
397 22
398 31
399 22
400 18
401 80
402 14
403 44
404 106
405 86
406 2
407 110
408 265
409 13
410 12
411 106
412 27
413 20
414 9
415 18
416 4
417 7
418 53
419 9
420 10
421 22
422 13
423 73
424 16
425 20
426 31
427 12
428 22
429 1
430 7
431 5
432 7
433 7
434 18
435 27
436 13
437 18
438 9
439 14
440 20
441 25
442 4
443 7
444 7
445 7
446 12
447 26
448 9
449 12
450 2
451 12
452 26
453 18
454 11
455 9
456 14
457 9
458 66
459 133
460 8
461 4
462 9
463 3
464 8
465 18
466 14
467 14
468 9
469 9
470 3
471 0
472 81
473 318
474 22
475 133
476 265
477 424
478 133
479 166
480 215
481 11
482 9
483 4
484 21
485 56
486 40
487 44
488 44
489 44
490 22
491 22
492 22
493 18
494 14
495 11
496 27
497 4
498 18
499 18
500 4
501 11
502 22
503 193
504 88
505 107
506 221
507 106
508 168
509 221
510 221
511 107
512 72
513 2
514 1
515 0
516 2
517 1
518 2
519 2
520 2
521 2
522 146
523 146
524 91
525 36
526 63
527 32
528 12
529 0
530 0
531 0
532 18
533 301
534 20
535 3
536 97
537 86
538 48
539 5
540 24
541 9
542 15
543 106
544 88
545 4
546 36
547 15
548 22
549 22
550 66
551 36
552 19
553 9
554 9
555 18
556 0
557 31
558 0
559 59
560 94
561 39
562 44
563 11
564 66
565 38
566 4
567 22
568 7
569 88
570 24
571 36
572 37
573 22
574 11
575 3
576 11
577 4
578 64
579 6
580 4
581 2
582 7
583 14
584 4
585 42
586 8
587 6
588 10
589 3
590 34
591 5
592 21
593 91
594 9
595 14
596 15
597 32
598 53
599 55
600 5
601 7
602 46
603 49
604 1
605 61
606 84
607 22
608 40
609 23
610 25
611 31
612 30
613 5
614 59
615 52
616 36
617 101
618 146
619 95
620 79
621 12
622 100
623 100
624 75
625 150
626 100
627 150
628 35
629 80
630 9
631 114
632 46
633 83
634 28
635 46
636 10
637 17
638 76
639 54
640 46
641 11
642 304
643 122
644 112
645 243
646 22
647 79
648 84
649 63
650 219
651 73
652 4
653 4
654 0
655 0
656 7
657 44
658 37
659 139
660 36
661 9
662 31
663 5
664 11
665 9
666 18
667 24
668 83
669 46
670 66
671 38
672 32
673 66
674 2
675 93
676 112
677 2
678 133
679 106
680 141
681 150
682 98
683 66
684 133
685 23
686 11
687 44
688 53
689 122
690 7
691 11
692 36
693 44
694 27
695 44
696 88
697 13
698 23
699 5
700 5
701 9
702 30
703 3
704 39
705 23
706 2
707 2
708 2
709 29
710 40
711 27
712 36
713 22
714 73
715 143
716 36
717 52
718 5
719 13
720 27
721 4
722 4
723 22
724 7
725 4
726 6
727 7
728 4
729 13
730 12
731 0
732 1
733 6
734 13
735 10
736 49
737 53
738 0
739 65
740 55
741 55
742 36
743 44
744 25
745 9
746 36
747 37
748 305
749 22
750 27
751 55
752 37
753 63
754 45
755 38
756 53
757 75
758 22
759 90
760 221
761 115
762 85
763 106
764 265
765 36
766 110
767 46
768 86
769 46
770 51
771 32
772 14
773 30
774 2
775 9
776 4
777 6
778 9
779 7
780 5
781 4
782 4
783 5
784 2
785 4
786 13
787 25
788 3
789 18
790 14
791 36
792 4
793 18
794 18
795 14
796 106
797 53
798 181
799 42
800 56
801 55
802 13
803 63
804 29
805 36
806 7
807 22
808 51
809 14
810 18
811 18
812 11
813 9
814 2
815 13
816 4
817 9
818 6
819 14
820 24
821 0
822 12
823 12
824 12
825 48
826 48
827 12
828 6
829 6
830 9
831 6
832 6
833 14
834 17
835 24
836 11
837 44
838 44
839 13
840 11
841 9
842 22
843 18
844 4
845 12
846 9
847 2
848 9
849 12
850 18
851 4
852 7
853 18
854 133
855 36
856 11
857 146
858 73
859 109
860 73
861 182
862 18
863 19
864 44
865 13
866 11
867 47
868 47
869 152
870 47
871 48
872 81
873 81
874 79
875 158
876 81
877 221
878 64
879 0
880 12
881 0
882 24
883 0
884 109
;

param Ttarget := 
1 1 1000
2 1 1000
3 1 1000
4 1 1000
5 1 500
6 1 500
7 1 500
8 1 500
1 2 1000
2 2 1000
3 2 1000
4 2 1000
5 2 500
6 2 500
7 2 500
8 2 500
1 3 1000
2 3 1000
3 3 1000
4 3 1000
5 3 500
6 3 500
7 3 500
8 3 500
1 4 1000
2 4 1000
3 4 1000
4 4 1000
5 4 500
6 4 500
7 4 500
8 4 500
1 5 1000
2 5 1000
3 5 1000
4 5 1000
5 5 500
6 5 500
7 5 500
8 5 500
;

set Bannlisti := 
;
set Fixlisti := 
1 2 1 
2 2 1 
3 2 1 
4 2 1 
5 2 1 
6 8 1 
7 8 1 
8 2 1 
9 2 1 
10 2 1 
11 4 1 
12 4 1 
13 4 1 
14 3 1 
15 5 1 
16 5 1 
17 5 1 
18 5 1 
19 5 1 
20 5 1 
21 5 1 
22 5 1 
23 5 1 
24 5 1 
25 5 1 
26 5 1 
27 5 1 
28 5 1 
29 5 1 
30 5 1 
31 5 1 
32 5 1 
33 5 1 
34 5 1 
35 3 1 
36 8 1 
37 5 1 
38 8 1 
39 8 1 
40 2 1 
41 2 1 
42 2 1 
43 8 1 
44 7 1 
45 7 1 
46 7 1 
47 7 1 
48 7 1 
49 7 1 
50 7 1 
51 7 1 
52 7 1 
53 7 1 
54 8 1 
55 8 1 
56 2 1 
57 8 1 
58 8 1 
59 8 1 
60 8 1 
61 8 1 
62 8 1 
63 8 1 
64 8 1 
65 7 1 
66 7 1 
67 7 1 
68 7 1 
69 7 1 
70 7 1 
71 7 1 
72 7 1 
73 7 1 
74 7 1 
75 1 1 
76 1 1 
77 1 1 
78 1 1 
79 1 1 
80 1 1 
81 1 1 
82 1 1 
83 1 1 
84 1 1 
85 1 1 
86 1 1 
87 1 1 
88 1 1 
89 1 1 
90 1 1 
91 1 1 
92 1 1 
93 1 1 
94 1 1 
95 1 1 
96 1 1 
97 1 1 
98 1 1 
99 1 1 
100 1 1 
101 1 1 
102 1 1 
103 1 1 
104 1 1 
105 1 1 
106 1 1 
107 1 1 
108 1 1 
109 1 1 
110 1 1 
111 1 1 
112 1 1 
113 2 4 
114 2 4 
115 2 4 
116 2 4 
117 2 4 
118 2 4 
119 2 4 
120 2 4 
121 2 4 
122 2 4 
123 2 4 
124 2 4 
125 2 4 
126 2 4 
127 2 4 
128 2 4 
129 2 4 
130 8 4 
131 8 4 
132 8 4 
133 8 4 
134 8 4 
135 8 4 
136 4 4 
137 4 4 
138 4 4 
139 4 4 
140 4 4 
141 4 4 
142 4 4 
143 4 4 
144 4 4 
145 4 4 
146 8 4 
147 8 4 
148 8 4 
149 8 4 
150 8 4 
151 3 4 
152 3 4 
153 3 4 
154 3 4 
155 3 4 
156 3 4 
157 8 4 
158 3 4 
159 3 4 
160 3 4 
161 3 4 
162 4 4 
163 4 4 
164 4 4 
165 1 4 
166 4 4 
167 4 4 
168 4 4 
169 4 4 
170 4 4 
171 4 4 
172 8 4 
173 8 4 
174 8 4 
175 8 4 
176 8 4 
177 8 4 
178 8 4 
179 8 4 
180 8 4 
181 8 4 
182 8 4 
183 8 4 
184 8 4 
185 8 4 
186 8 4 
187 8 4 
188 8 4 
189 8 4 
190 8 4 
191 8 4 
192 8 4 
193 8 4 
194 8 4 
195 8 4 
196 8 4 
197 8 4 
198 8 4 
199 8 4 
200 7 4 
201 7 4 
202 7 4 
203 7 4 
204 7 4 
205 7 4 
206 7 4 
207 7 4 
208 7 4 
209 7 4 
210 7 4 
211 7 4 
212 7 4 
213 7 4 
214 7 4 
215 7 4 
216 7 4 
217 7 4 
218 7 4 
219 7 4 
220 7 4 
221 7 4 
222 7 4 
223 7 4 
224 7 4 
225 7 4 
226 7 4 
227 7 4 
228 8 4 
229 8 4 
230 7 4 
231 7 4 
232 7 4 
233 7 4 
234 7 4 
235 7 4 
236 7 4 
237 7 4 
238 7 4 
239 7 4 
240 7 4 
241 7 4 
242 7 4 
243 7 4 
244 7 4 
245 7 4 
246 7 4 
247 7 4 
248 7 4 
249 8 4 
250 8 4 
251 8 4 
252 8 4 
253 8 4 
254 8 4 
255 8 4 
256 8 4 
257 8 4 
258 8 4 
259 8 4 
260 8 4 
261 8 4 
262 8 4 
263 8 4 
264 1 4 
265 1 4 
266 8 4 
267 8 4 
268 8 4 
269 1 4 
270 1 4 
271 8 4 
272 1 4 
273 1 4 
274 3 4 
275 1 4 
276 1 4 
277 1 4 
278 1 5 
279 1 4 
280 1 4 
281 1 4 
282 1 4 
283 1 4 
284 1 4 
285 1 4 
286 1 4 
287 1 4 
288 1 4 
289 1 4 
290 1 4 
291 1 4 
292 1 4 
293 1 4 
294 1 4 
295 1 4 
296 1 4 
297 1 4 
298 2 5 
299 2 5 
300 2 5 
301 2 5 
302 2 5 
303 2 5 
304 2 5 
305 8 5 
306 8 5 
307 8 5 
308 8 5 
309 8 5 
310 8 5 
311 8 5 
312 8 5 
313 8 5 
314 8 5 
315 8 5 
316 8 5 
317 3 5 
318 3 5 
319 3 5 
320 3 5 
321 3 5 
322 3 5 
323 3 5 
324 3 5 
325 3 5 
326 3 5 
327 3 5 
328 3 5 
329 3 5 
330 3 5 
331 3 5 
332 3 5 
333 3 5 
334 3 5 
335 3 5 
336 3 5 
337 3 5 
338 3 5 
339 3 5 
340 3 5 
341 3 5 
342 3 5 
343 3 5 
344 3 5 
345 3 5 
346 3 5 
347 3 5 
348 3 5 
349 3 5 
350 3 5 
351 3 5 
352 3 5 
353 3 5 
354 3 5 
355 3 5 
356 3 5 
357 3 5 
358 3 5 
359 3 5 
360 3 5 
361 3 5 
362 3 5 
363 3 5 
364 3 5 
365 3 5 
366 3 5 
367 3 5 
368 3 5 
369 3 5 
370 3 5 
371 3 5 
372 3 5 
373 3 5 
374 3 5 
375 3 5 
376 3 5 
377 3 5 
378 5 5 
379 3 5 
380 3 5 
381 6 5 
382 6 5 
383 6 5 
384 6 5 
385 6 5 
386 6 5 
387 6 5 
388 6 5 
389 6 5 
390 6 5 
391 6 5 
392 6 5 
393 6 5 
394 6 5 
395 6 5 
396 6 5 
397 6 5 
398 6 5 
399 6 5 
400 6 5 
401 6 5 
402 6 5 
403 6 5 
404 6 5 
405 6 5 
406 6 5 
407 6 5 
408 6 5 
409 6 5 
410 6 5 
411 6 5 
412 6 5 
413 6 5 
414 8 5 
415 8 5 
416 8 5 
417 8 5 
418 8 5 
419 8 5 
420 8 5 
421 8 5 
422 8 5 
423 8 5 
424 8 5 
425 7 5 
426 7 5 
427 7 5 
428 7 5 
429 8 5 
430 8 5 
431 8 5 
432 8 5 
433 8 5 
434 8 5 
435 8 5 
436 8 5 
437 8 5 
438 8 5 
439 8 5 
440 8 5 
441 8 5 
442 8 5 
443 8 5 
444 8 5 
445 8 5 
446 8 5 
447 8 5 
448 8 5 
449 8 5 
450 8 5 
451 8 5 
452 8 5 
453 8 5 
454 8 5 
455 8 5 
456 8 5 
457 8 5 
458 8 5 
459 8 5 
460 8 5 
461 8 5 
462 8 5 
463 8 5 
464 8 5 
465 8 5 
466 8 5 
467 8 5 
468 8 5 
469 8 5 
470 8 5 
471 8 5 
472 1 6 
473 1 6 
474 1 6 
475 1 6 
476 1 6 
477 1 6 
478 1 6 
479 1 6 
480 1 6 
481 1 5 
482 1 5 
483 1 5 
484 1 5 
485 1 5 
486 1 5 
487 1 5 
488 1 5 
489 1 5 
490 1 5 
491 1 5 
492 1 5 
493 1 5 
494 1 6 
495 1 5 
496 1 5 
497 1 5 
498 1 5 
499 1 5 
500 1 5 
501 1 5 
502 1 5 
503 1 6 
504 1 6 
505 1 6 
506 1 6 
507 1 6 
508 1 6 
509 1 5 
510 1 5 
511 1 5 
512 1 5 
513 8 6 
514 1 6 
515 2 6 
516 3 6 
517 8 6 
518 3 6 
519 5 6 
520 1 6 
521 3 6 
522 2 6 
523 2 6 
524 2 6 
525 2 6 
526 2 6 
527 3 6 
528 3 6 
529 2 6 
530 2 6 
531 4 6 
532 3 6 
533 3 6 
534 3 6 
535 2 6 
536 4 6 
537 4 6 
538 4 6 
539 4 6 
540 4 6 
541 4 6 
542 4 6 
543 4 6 
544 4 6 
545 4 6 
546 4 6 
547 4 6 
548 5 6 
549 5 6 
550 5 6 
551 5 6 
552 5 6 
553 5 6 
554 5 6 
555 5 6 
556 5 6 
557 5 6 
558 5 6 
559 8 6 
560 8 6 
561 8 6 
562 8 6 
563 8 6 
564 8 6 
565 8 6 
566 8 6 
567 5 6 
568 8 6 
569 5 6 
570 8 6 
571 8 6 
572 8 6 
573 8 6 
574 8 6 
575 7 6 
576 7 6 
577 7 6 
578 7 6 
579 7 6 
580 7 6 
581 7 6 
582 8 6 
583 8 6 
584 8 6 
585 8 6 
586 8 6 
587 8 6 
588 8 6 
589 7 6 
590 7 6 
591 7 6 
592 7 6 
593 7 6 
594 7 6 
595 7 6 
596 7 6 
597 7 6 
598 8 6 
599 8 6 
600 8 6 
601 8 6 
602 8 6 
603 8 6 
604 8 6 
605 1 6 
606 1 6 
607 1 6 
608 1 6 
609 1 6 
610 1 6 
611 1 6 
612 1 6 
613 1 6 
614 1 6 
615 1 6 
616 1 6 
617 1 6 
618 1 6 
619 1 6 
620 1 6 
621 4 7 
622 1 6 
623 1 6 
624 1 6 
625 1 6 
626 1 6 
627 1 6 
628 1 6 
629 1 6 
630 1 6 
631 1 6 
632 1 6 
633 1 6 
634 1 6 
635 1 6 
636 1 6 
637 1 6 
638 1 6 
639 1 6 
640 1 6 
641 1 6 
642 1 6 
643 1 6 
644 1 6 
645 1 6 
646 1 6 
647 1 6 
648 2 7 
649 2 7 
650 2 7 
651 2 7 
652 8 7 
653 8 7 
654 2 7 
655 7 7 
656 2 7 
657 2 7 
658 2 7 
659 2 7 
660 2 7 
661 2 7 
662 2 7 
663 8 7 
664 2 7 
665 2 7 
666 2 7 
667 2 7 
668 2 7 
669 2 7 
670 2 7 
671 2 7 
672 2 7 
673 2 7 
674 2 7 
675 2 7 
676 2 7 
677 8 7 
678 3 7 
679 3 7 
680 3 7 
681 3 7 
682 3 7 
683 3 7 
684 3 7 
685 3 7 
686 3 7 
687 3 7 
688 3 7 
689 3 7 
690 3 7 
691 3 7 
692 3 7 
693 3 7 
694 3 7 
695 3 7 
696 3 7 
697 3 7 
698 3 7 
699 3 7 
700 3 7 
701 3 7 
702 3 7 
703 8 7 
704 8 7 
705 8 7 
706 8 7 
707 8 7 
708 8 7 
709 8 7 
710 8 7 
711 8 7 
712 8 7 
713 8 7 
714 8 7 
715 8 7 
716 8 7 
717 8 7 
718 3 7 
719 3 7 
720 8 7 
721 8 7 
722 8 7 
723 8 7 
724 8 7 
725 8 7 
726 8 7 
727 8 7 
728 8 7 
729 8 7 
730 8 7 
731 8 7 
732 8 7 
733 6 7 
734 6 7 
735 6 7 
736 6 7 
737 6 7 
738 6 7 
739 6 7 
740 6 7 
741 6 7 
742 6 7 
743 6 7 
744 6 7 
745 6 7 
746 6 7 
747 6 7 
748 6 7 
749 6 7 
750 6 7 
751 6 7 
752 6 7 
753 6 7 
754 6 7 
755 6 7 
756 6 7 
757 6 7 
758 6 7 
759 6 7 
760 6 7 
761 6 7 
762 6 7 
763 6 7 
764 6 7 
765 6 7 
766 6 7 
767 6 7 
768 6 7 
769 6 7 
770 6 7 
771 6 7 
772 6 7 
773 6 7 
774 6 7 
775 6 7 
776 6 7 
777 6 7 
778 6 7 
779 6 7 
780 6 7 
781 6 7 
782 6 7 
783 7 7 
784 8 7 
785 8 7 
786 7 7 
787 7 7 
788 7 7 
789 7 7 
790 7 7 
791 7 7 
792 7 7 
793 7 7 
794 7 7 
795 7 7 
796 7 7 
797 7 7 
798 7 7 
799 7 7 
800 7 7 
801 7 7 
802 7 7 
803 7 7 
804 7 7 
805 7 7 
806 7 7 
807 7 7 
808 7 7 
809 7 7 
810 7 7 
811 7 7 
812 8 7 
813 8 7 
814 8 7 
815 8 7 
816 8 7 
817 8 7 
818 7 7 
819 7 7 
820 7 7 
821 7 7 
822 3 7 
823 3 7 
824 3 7 
825 3 7 
826 3 7 
827 3 7 
828 3 7 
829 3 7 
830 7 7 
831 7 7 
832 7 7 
833 8 7 
834 1 7 
835 2 7 
836 8 7 
837 8 7 
838 8 7 
839 8 7 
840 8 7 
841 8 7 
842 8 7 
843 8 7 
844 8 7 
845 8 7 
846 8 7 
847 8 7 
848 8 7 
849 8 7 
850 8 7 
851 8 7 
852 8 7 
853 8 7 
854 8 7 
855 8 7 
856 8 7 
857 1 7 
858 1 7 
859 1 7 
860 1 7 
861 1 7 
862 1 7 
863 1 7 
864 1 7 
865 1 7 
866 1 7 
867 1 7 
868 1 7 
869 1 7 
870 1 7 
871 1 7 
872 1 7 
873 1 7 
874 1 7 
875 1 7 
876 1 7 
877 1 7 
878 1 7 
879 1 7 
880 1 7 
881 1 7 
882 1 7 
883 1 7 
884 1 7 
;
end;
