param S := 579;
param T := 8;
param D := 5;
param windowsize := 0;

param A := 
1 4
2 4
3 2
4 24
5 68
6 16
7 18
8 13
9 23
10 18
11 40
12 16
13 4
14 16
15 8
16 18
17 36
18 22
19 13
20 7
21 22
22 3
23 31
24 15
25 182
26 91
27 55
28 35
29 55
30 18
31 2
32 24
33 9
34 6
35 4
36 6
37 2
38 4
39 13
40 7
41 7
42 21
43 18
44 18
45 1
46 36
47 24
48 52
49 86
50 9
51 48
52 48
53 9
54 24
55 134
56 12
57 44
58 54
59 107
60 31
61 215
62 51
63 90
64 54
65 133
66 106
67 86
68 40
69 30
70 18
71 44
72 13
73 129
74 9
75 107
76 55
77 129
78 129
79 80
80 107
81 90
82 33
83 14
84 7
85 4
86 1
87 5
88 4
89 13
90 2
91 7
92 7
93 7
94 5
95 7
96 3
97 4
98 4
99 2
100 7
101 2
102 2
103 2
104 9
105 9
106 12
107 12
108 12
109 12
110 1
111 12
112 36
113 22
114 44
115 186
116 44
117 66
118 20
119 22
120 39
121 19
122 24
123 135
124 76
125 28
126 13
127 11
128 22
129 44
130 18
131 14
132 4
133 9
134 2
135 4
136 5
137 13
138 3
139 28
140 97
141 7
142 1
143 51
144 39
145 39
146 110
147 110
148 90
149 63
150 33
151 13
152 14
153 11
154 27
155 9
156 7
157 9
158 22
159 9
160 9
161 4
162 3
163 20
164 18
165 22
166 1
167 3
168 2
169 9
170 13
171 9
172 11
173 86
174 2
175 0
176 1
177 73
178 62
179 73
180 5
181 12
182 1
183 1
184 24
185 3
186 1
187 221
188 100
189 133
190 84
191 62
192 164
193 0
194 122
195 75
196 75
197 219
198 125
199 91
200 36
201 146
202 37
203 61
204 24
205 2
206 4
207 7
208 2
209 2
210 0
211 22
212 22
213 2
214 13
215 251
216 79
217 75
218 106
219 146
220 73
221 73
222 43
223 91
224 6
225 22
226 13
227 22
228 44
229 7
230 4
231 4
232 2
233 9
234 7
235 107
236 133
237 106
238 122
239 13
240 36
241 13
242 9
243 27
244 9
245 18
246 55
247 22
248 18
249 18
250 18
251 54
252 2
253 56
254 4
255 4
256 38
257 18
258 6
259 22
260 110
261 212
262 265
263 13
264 17
265 10
266 8
267 53
268 53
269 53
270 7
271 123
272 1
273 52
274 95
275 265
276 150
277 185
278 115
279 88
280 107
281 7
282 22
283 4
284 13
285 13
286 11
287 18
288 13
289 13
290 7
291 5
292 13
293 2
294 2
295 3
296 2
297 27
298 14
299 15
300 12
301 14
302 24
303 27
304 22
305 127
306 20
307 7
308 9
309 11
310 4
311 9
312 2
313 22
314 7
315 7
316 22
317 4
318 13
319 4
320 6
321 4
322 3
323 4
324 54
325 54
326 50
327 9
328 9
329 4
330 4
331 4
332 7
333 9
334 7
335 2
336 7
337 7
338 6
339 2
340 2
341 12
342 12
343 17
344 9
345 16
346 33
347 2
348 22
349 18
350 44
351 14
352 44
353 9
354 55
355 18
356 44
357 1
358 4
359 12
360 0
361 57
362 15
363 267
364 23
365 61
366 94
367 62
368 106
369 107
370 193
371 65
372 75
373 50
374 97
375 1
376 96
377 94
378 84
379 81
380 81
381 9
382 4
383 28
384 68
385 158
386 60
387 33
388 13
389 5
390 5
391 182
392 91
393 109
394 73
395 18
396 14
397 19
398 219
399 112
400 3
401 73
402 63
403 24
404 22
405 22
406 4
407 28
408 7
409 9
410 20
411 46
412 11
413 23
414 22
415 7
416 44
417 18
418 64
419 222
420 106
421 150
422 106
423 133
424 107
425 358
426 88
427 1
428 36
429 44
430 4
431 203
432 179
433 36
434 27
435 107
436 27
437 18
438 52
439 66
440 18
441 44
442 27
443 9
444 7
445 18
446 9
447 4
448 4
449 9
450 13
451 5
452 15
453 0
454 6
455 22
456 24
457 12
458 4
459 6
460 69
461 69
462 9
463 12
464 22
465 9
466 64
467 22
468 159
469 149
470 72
471 9
472 20
473 81
474 8
475 133
476 44
477 53
478 106
479 18
480 7
481 11
482 7
483 12
484 7
485 6
486 2
487 14
488 28
489 7
490 6
491 6
492 38
493 4
494 5
495 107
496 14
497 30
498 26
499 53
500 9
501 23
502 2
503 11
504 56
505 4
506 6
507 12
508 48
509 48
510 6
511 12
512 2
513 9
514 9
515 2
516 2
517 3
518 1
519 4
520 1
521 2
522 1
523 3
524 28
525 20
526 3
527 3
528 9
529 2
530 18
531 12
532 219
533 85
534 152
535 101
536 29
537 14
538 22
539 26
540 9
541 18
542 5
543 5
544 5
545 23
546 244
547 162
548 192
549 81
550 52
551 6
552 5
553 5
554 5
555 5
556 61
557 28
558 42
559 143
560 15
561 28
562 19
563 9
564 17
565 30
566 1
567 30
568 46
569 28
570 28
571 51
572 51
573 70
574 28
575 8
576 23
577 9
578 36
579 14
;

param Ttarget := 
1 1 1000
2 1 1000
3 1 1000
4 1 1000
5 1 500
6 1 500
7 1 500
8 1 500
1 2 1000
2 2 1000
3 2 1000
4 2 1000
5 2 500
6 2 500
7 2 500
8 2 500
1 3 1000
2 3 1000
3 3 1000
4 3 1000
5 3 500
6 3 500
7 3 500
8 3 500
1 4 1000
2 4 1000
3 4 1000
4 4 1000
5 4 500
6 4 500
7 4 500
8 4 500
1 5 1000
2 5 1000
3 5 1000
4 5 1000
5 5 500
6 5 500
7 5 500
8 5 500
;

set Bannlisti := 
;
set Fixlisti := 
1 8 1 
2 8 1 
3 8 1 
4 2 1 
5 2 1 
6 2 1 
7 2 1 
8 2 1 
9 2 1 
10 2 1 
11 2 1 
12 2 1 
13 2 1 
14 8 1 
15 8 1 
16 8 1 
17 8 1 
18 8 1 
19 8 1 
20 8 1 
21 8 1 
22 2 1 
23 2 1 
24 2 1 
25 2 1 
26 2 1 
27 2 1 
28 2 1 
29 2 1 
30 2 1 
31 7 1 
32 8 1 
33 8 1 
34 8 1 
35 8 1 
36 8 1 
37 8 1 
38 8 1 
39 8 1 
40 8 1 
41 8 1 
42 8 1 
43 8 1 
44 8 1 
45 4 1 
46 4 1 
47 4 1 
48 4 1 
49 4 1 
50 4 1 
51 4 1 
52 4 1 
53 4 1 
54 4 1 
55 4 1 
56 4 1 
57 5 1 
58 5 1 
59 5 1 
60 5 1 
61 5 1 
62 5 1 
63 5 1 
64 5 1 
65 5 1 
66 4 1 
67 4 1 
68 4 1 
69 4 1 
70 4 1 
71 4 1 
72 4 1 
73 4 1 
74 4 1 
75 4 1 
76 4 1 
77 4 1 
78 4 1 
79 4 1 
80 4 1 
81 5 1 
82 5 1 
83 5 1 
84 7 1 
85 7 1 
86 7 1 
87 7 1 
88 7 1 
89 7 1 
90 7 1 
91 7 1 
92 7 1 
93 7 1 
94 7 1 
95 7 1 
96 7 1 
97 7 1 
98 7 1 
99 7 1 
100 7 1 
101 7 1 
102 7 1 
103 7 1 
104 3 1 
105 3 1 
106 3 1 
107 3 1 
108 3 1 
109 3 1 
110 3 1 
111 3 1 
112 3 1 
113 3 1 
114 3 1 
115 3 1 
116 3 1 
117 3 1 
118 3 1 
119 3 1 
120 7 1 
121 7 1 
122 7 1 
123 7 1 
124 7 1 
125 7 1 
126 7 1 
127 7 1 
128 7 1 
129 7 1 
130 7 1 
131 7 1 
132 8 1 
133 8 1 
134 8 1 
135 8 1 
136 8 1 
137 8 1 
138 7 1 
139 7 1 
140 7 1 
141 7 1 
142 7 1 
143 7 1 
144 3 1 
145 3 1 
146 5 1 
147 5 1 
148 5 1 
149 7 1 
150 7 1 
151 7 1 
152 7 1 
153 7 1 
154 7 1 
155 7 1 
156 7 1 
157 7 1 
158 7 1 
159 7 1 
160 7 1 
161 7 1 
162 8 1 
163 3 1 
164 8 1 
165 8 1 
166 8 1 
167 8 1 
168 8 1 
169 8 1 
170 8 1 
171 8 1 
172 8 1 
173 8 1 
174 8 1 
175 8 1 
176 8 1 
177 8 1 
178 8 1 
179 8 1 
180 8 1 
181 8 1 
182 8 1 
183 8 1 
184 8 1 
185 8 1 
186 8 1 
187 1 1 
188 1 1 
189 1 1 
190 1 1 
191 1 1 
192 1 1 
193 1 1 
194 1 1 
195 1 1 
196 1 1 
197 1 1 
198 1 1 
199 1 1 
200 1 1 
201 1 1 
202 1 1 
203 1 1 
204 8 2 
205 1 1 
206 1 1 
207 1 1 
208 1 1 
209 1 1 
210 1 1 
211 1 1 
212 1 1 
213 1 1 
214 1 1 
215 2 2 
216 2 2 
217 2 2 
218 2 2 
219 2 1 
220 2 1 
221 2 1 
222 2 1 
223 2 1 
224 3 2 
225 3 2 
226 3 2 
227 3 2 
228 3 2 
229 3 2 
230 3 2 
231 3 2 
232 3 2 
233 3 2 
234 3 2 
235 3 2 
236 3 2 
237 3 2 
238 3 2 
239 3 2 
240 3 2 
241 3 2 
242 3 2 
243 3 2 
244 3 2 
245 3 2 
246 3 2 
247 3 2 
248 3 2 
249 3 2 
250 3 2 
251 3 2 
252 7 2 
253 6 2 
254 6 2 
255 6 2 
256 6 2 
257 6 2 
258 6 2 
259 6 2 
260 6 2 
261 6 2 
262 6 2 
263 6 2 
264 6 2 
265 6 2 
266 6 2 
267 6 2 
268 6 2 
269 6 2 
270 6 2 
271 6 2 
272 6 2 
273 6 2 
274 6 2 
275 6 2 
276 6 2 
277 6 2 
278 6 2 
279 6 2 
280 6 2 
281 8 2 
282 8 2 
283 8 2 
284 6 2 
285 6 2 
286 6 2 
287 6 2 
288 6 2 
289 6 2 
290 6 2 
291 6 2 
292 6 2 
293 8 2 
294 8 2 
295 8 2 
296 8 2 
297 8 2 
298 8 2 
299 8 2 
300 7 2 
301 7 2 
302 7 2 
303 8 2 
304 8 2 
305 8 2 
306 8 2 
307 8 2 
308 8 2 
309 8 2 
310 8 2 
311 8 2 
312 8 2 
313 8 2 
314 8 2 
315 8 2 
316 8 2 
317 8 2 
318 8 2 
319 8 2 
320 7 2 
321 7 2 
322 7 2 
323 8 2 
324 8 2 
325 8 2 
326 8 2 
327 8 2 
328 8 2 
329 8 2 
330 8 2 
331 8 2 
332 8 2 
333 8 2 
334 8 2 
335 8 2 
336 8 2 
337 8 2 
338 8 2 
339 8 2 
340 8 2 
341 8 2 
342 8 2 
343 8 2 
344 8 2 
345 8 2 
346 8 2 
347 8 2 
348 8 2 
349 8 2 
350 8 2 
351 8 2 
352 8 2 
353 8 2 
354 8 2 
355 8 2 
356 8 2 
357 8 2 
358 8 2 
359 8 2 
360 8 2 
361 3 2 
362 3 2 
363 1 3 
364 1 2 
365 1 2 
366 1 2 
367 1 2 
368 1 2 
369 1 2 
370 1 2 
371 1 2 
372 1 2 
373 1 2 
374 1 2 
375 1 2 
376 1 2 
377 1 2 
378 1 2 
379 1 2 
380 1 2 
381 8 3 
382 2 3 
383 2 3 
384 8 3 
385 8 3 
386 8 3 
387 8 3 
388 8 3 
389 6 3 
390 6 3 
391 2 3 
392 2 3 
393 2 3 
394 2 3 
395 2 3 
396 2 3 
397 2 3 
398 2 3 
399 2 3 
400 2 3 
401 2 3 
402 2 3 
403 2 3 
404 3 3 
405 3 3 
406 3 3 
407 3 3 
408 3 3 
409 3 3 
410 3 3 
411 3 3 
412 3 3 
413 3 3 
414 3 3 
415 3 3 
416 3 3 
417 3 3 
418 3 3 
419 3 3 
420 3 3 
421 3 3 
422 3 3 
423 3 3 
424 3 3 
425 3 3 
426 3 3 
427 8 3 
428 5 3 
429 5 3 
430 5 3 
431 5 3 
432 5 3 
433 5 3 
434 5 3 
435 5 3 
436 5 3 
437 5 3 
438 5 3 
439 5 3 
440 5 3 
441 5 3 
442 5 3 
443 5 3 
444 5 3 
445 5 3 
446 5 3 
447 5 3 
448 5 3 
449 5 3 
450 5 3 
451 5 3 
452 8 3 
453 8 3 
454 8 3 
455 8 3 
456 3 3 
457 3 3 
458 8 3 
459 4 3 
460 4 3 
461 4 3 
462 4 3 
463 4 3 
464 3 3 
465 3 3 
466 3 3 
467 3 3 
468 3 3 
469 3 3 
470 3 3 
471 3 3 
472 3 3 
473 4 3 
474 4 3 
475 4 3 
476 4 3 
477 4 3 
478 4 3 
479 4 3 
480 4 3 
481 4 3 
482 4 3 
483 8 3 
484 8 3 
485 8 3 
486 8 3 
487 8 3 
488 8 3 
489 8 3 
490 8 3 
491 8 3 
492 7 3 
493 8 3 
494 7 3 
495 7 3 
496 7 3 
497 7 3 
498 7 3 
499 7 3 
500 7 3 
501 7 3 
502 7 3 
503 7 3 
504 7 3 
505 7 3 
506 7 3 
507 3 3 
508 3 3 
509 3 3 
510 3 3 
511 3 3 
512 3 3 
513 7 3 
514 7 3 
515 7 3 
516 7 3 
517 7 3 
518 7 3 
519 7 3 
520 7 3 
521 7 3 
522 7 3 
523 7 3 
524 7 3 
525 7 3 
526 7 3 
527 7 3 
528 7 3 
529 7 3 
530 7 3 
531 7 3 
532 1 3 
533 1 3 
534 1 3 
535 1 3 
536 1 3 
537 1 3 
538 1 3 
539 1 3 
540 1 3 
541 1 3 
542 1 3 
543 1 3 
544 1 3 
545 1 3 
546 1 3 
547 1 3 
548 1 3 
549 1 3 
550 1 3 
551 1 3 
552 1 3 
553 1 3 
554 1 3 
555 1 3 
556 1 3 
557 1 3 
558 1 3 
559 1 3 
560 1 3 
561 1 3 
562 1 3 
563 1 3 
564 1 3 
565 1 3 
566 1 3 
567 1 3 
568 1 3 
569 1 3 
570 1 3 
571 1 3 
572 1 3 
573 1 3 
574 1 3 
575 1 3 
576 1 3 
577 1 3 
578 1 3 
579 1 3 
;
end;
