param S := 1386;
param T := 8;
param D := 5;
param windowsize := 0;

param A := 
1 128
2 146
3 18
4 42
5 103
6 437
7 2
8 2
9 10
10 18
11 4
12 12
13 12
14 12
15 69
16 36
17 36
18 12
19 12
20 13
21 12
22 133
23 86
24 2
25 5
26 53
27 14
28 8
29 5
30 42
31 8
32 54
33 86
34 86
35 38
36 179
37 133
38 107
39 118
40 74
41 34
42 7
43 6
44 6
45 9
46 5
47 3
48 18
49 179
50 28
51 221
52 110
53 100
54 72
55 159
56 4
57 5
58 44
59 9
60 13
61 66
62 13
63 4
64 4
65 4
66 1
67 12
68 8
69 2
70 2
71 53
72 20
73 36
74 27
75 21
76 22
77 4
78 27
79 4
80 4
81 4
82 2
83 6
84 12
85 9
86 12
87 29
88 40
89 133
90 7
91 32
92 9
93 9
94 4
95 7
96 54
97 133
98 168
99 85
100 64
101 124
102 134
103 27
104 221
105 2
106 2
107 2
108 2
109 4
110 14
111 4
112 9
113 8
114 61
115 17
116 75
117 50
118 25
119 158
120 7
121 79
122 22
123 81
124 81
125 35
126 107
127 0
128 26
129 9
130 8
131 46
132 18
133 65
134 13
135 23
136 36
137 7
138 8
139 9
140 4
141 17
142 8
143 39
144 18
145 2
146 4
147 9
148 4
149 4
150 5
151 2
152 14
153 17
154 32
155 73
156 56
157 134
158 32
159 292
160 437
161 292
162 35
163 5
164 146
165 104
166 133
167 107
168 86
169 88
170 133
171 107
172 2
173 122
174 36
175 14
176 111
177 4
178 11
179 11
180 42
181 42
182 44
183 13
184 34
185 18
186 76
187 13
188 11
189 122
190 11
191 33
192 7
193 66
194 86
195 186
196 9
197 26
198 1
199 5
200 7
201 0
202 4
203 8
204 4
205 2
206 5
207 4
208 4
209 14
210 9
211 22
212 20
213 19
214 9
215 7
216 11
217 5
218 13
219 4
220 4
221 13
222 8
223 12
224 9
225 4
226 27
227 18
228 4
229 7
230 4
231 4
232 22
233 9
234 4
235 7
236 34
237 22
238 27
239 22
240 22
241 22
242 9
243 9
244 2
245 21
246 13
247 0
248 0
249 17
250 9
251 6
252 9
253 16
254 9
255 2
256 2
257 2
258 4
259 4
260 2
261 2
262 4
263 2
264 3
265 2
266 2
267 2
268 4
269 2
270 2
271 2
272 7
273 4
274 4
275 2
276 2
277 2
278 2
279 2
280 2
281 2
282 2
283 2
284 7
285 11
286 2
287 5
288 150
289 2
290 2
291 2
292 2
293 4
294 4
295 4
296 2
297 4
298 4
299 2
300 2
301 4
302 2
303 2
304 2
305 5
306 2
307 22
308 29
309 4
310 19
311 4
312 9
313 1
314 9
315 7
316 4
317 9
318 7
319 2
320 0
321 14
322 102
323 18
324 146
325 44
326 90
327 44
328 5
329 4
330 18
331 54
332 45
333 102
334 4
335 107
336 36
337 4
338 7
339 7
340 8
341 4
342 2
343 4
344 2
345 9
346 27
347 18
348 11
349 22
350 66
351 12
352 2
353 18
354 1
355 1
356 3
357 13
358 6
359 9
360 9
361 4
362 4
363 4
364 13
365 2
366 18
367 18
368 4
369 14
370 0
371 0
372 3
373 12
374 3
375 14
376 42
377 2
378 7
379 27
380 18
381 7
382 7
383 0
384 3
385 74
386 16
387 16
388 2
389 5
390 2
391 5
392 30
393 68
394 46
395 3
396 1
397 1
398 16
399 0
400 0
401 91
402 50
403 91
404 8
405 13
406 2
407 5
408 11
409 14
410 17
411 79
412 48
413 1
414 4
415 11
416 55
417 9
418 91
419 146
420 109
421 6
422 73
423 91
424 9
425 5
426 26
427 11
428 11
429 11
430 22
431 22
432 22
433 33
434 2
435 4
436 6
437 3
438 6
439 3
440 1
441 9
442 8
443 1
444 12
445 1
446 6
447 9
448 6
449 6
450 9
451 5
452 5
453 38
454 53
455 65
456 41
457 221
458 55
459 55
460 18
461 18
462 9
463 4
464 14
465 18
466 16
467 4
468 9
469 8
470 4
471 4
472 3
473 8
474 4
475 9
476 2
477 13
478 12
479 10
480 21
481 0
482 3
483 3
484 4
485 7
486 5
487 4
488 3
489 2
490 2
491 2
492 5
493 31
494 6
495 9
496 4
497 5
498 1
499 5
500 1
501 5
502 5
503 17
504 110
505 110
506 11
507 9
508 66
509 22
510 13
511 38
512 21
513 8
514 3
515 8
516 15
517 2
518 2
519 24
520 28
521 51
522 7
523 10
524 135
525 61
526 42
527 92
528 42
529 29
530 12
531 9
532 11
533 46
534 53
535 72
536 21
537 139
538 18
539 30
540 0
541 0
542 36
543 9
544 13
545 4
546 37
547 4
548 4
549 2
550 34
551 11
552 27
553 16
554 26
555 28
556 19
557 27
558 10
559 18
560 18
561 14
562 2
563 4
564 31
565 9
566 2
567 9
568 4
569 4
570 2
571 4
572 19
573 13
574 133
575 13
576 21
577 9
578 2
579 4
580 4
581 8
582 3
583 9
584 9
585 5
586 117
587 12
588 27
589 44
590 27
591 106
592 11
593 3
594 56
595 27
596 0
597 12
598 17
599 9
600 3
601 110
602 66
603 24
604 9
605 40
606 8
607 11
608 20
609 6
610 18
611 15
612 7
613 11
614 4
615 4
616 11
617 13
618 25
619 2
620 2
621 28
622 97
623 5
624 91
625 36
626 36
627 91
628 9
629 2
630 7
631 14
632 7
633 14
634 96
635 31
636 18
637 10
638 84
639 169
640 26
641 106
642 146
643 36
644 112
645 1
646 107
647 4
648 5
649 13
650 11
651 2
652 36
653 12
654 26
655 134
656 12
657 12
658 12
659 86
660 52
661 24
662 36
663 36
664 106
665 86
666 110
667 18
668 9
669 1
670 0
671 2
672 4
673 13
674 14
675 26
676 18
677 1
678 5
679 10
680 10
681 2
682 4
683 36
684 2
685 36
686 17
687 9
688 19
689 17
690 4
691 4
692 2
693 8
694 8
695 6
696 12
697 2
698 11
699 1
700 4
701 1
702 76
703 15
704 7
705 7
706 4
707 4
708 46
709 20
710 92
711 3
712 7
713 30
714 9
715 2
716 9
717 3
718 14
719 0
720 1
721 1
722 1
723 1
724 0
725 7
726 1
727 1
728 1
729 2
730 7
731 2
732 2
733 0
734 4
735 2
736 2
737 2
738 4
739 5
740 2
741 6
742 2
743 2
744 2
745 2
746 0
747 2
748 2
749 4
750 2
751 4
752 3
753 1
754 7
755 1
756 4
757 2
758 2
759 4
760 4
761 32
762 32
763 32
764 32
765 12
766 11
767 12
768 12
769 32
770 12
771 32
772 32
773 32
774 32
775 32
776 16
777 16
778 20
779 7
780 11
781 4
782 53
783 40
784 47
785 94
786 52
787 152
788 51
789 84
790 51
791 146
792 5
793 15
794 47
795 62
796 259
797 84
798 55
799 42
800 2
801 51
802 18
803 26
804 9
805 2
806 5
807 3
808 9
809 107
810 90
811 7
812 4
813 6
814 38
815 44
816 62
817 51
818 62
819 8
820 70
821 47
822 7
823 1
824 32
825 36
826 1
827 2
828 8
829 4
830 5
831 5
832 13
833 44
834 4
835 22
836 66
837 16
838 18
839 13
840 4
841 11
842 4
843 161
844 36
845 18
846 36
847 33
848 320
849 44
850 26
851 2
852 2
853 2
854 7
855 2
856 8
857 2
858 4
859 2
860 2
861 7
862 2
863 4
864 2
865 7
866 4
867 4
868 1
869 2
870 2
871 2
872 0
873 0
874 1
875 3
876 2
877 4
878 4
879 0
880 4
881 2
882 5
883 2
884 4
885 2
886 9
887 4
888 2
889 5
890 2
891 44
892 3
893 6
894 18
895 7
896 158
897 64
898 52
899 222
900 42
901 107
902 265
903 141
904 150
905 150
906 86
907 106
908 98
909 133
910 179
911 358
912 177
913 86
914 250
915 159
916 26
917 4
918 1
919 34
920 166
921 36
922 88
923 53
924 36
925 2
926 9
927 44
928 53
929 35
930 55
931 88
932 55
933 72
934 44
935 62
936 36
937 5
938 150
939 18
940 20
941 20
942 8
943 4
944 4
945 20
946 21
947 7
948 4
949 2
950 15
951 86
952 17
953 22
954 7
955 88
956 9
957 27
958 11
959 38
960 6
961 22
962 4
963 7
964 4
965 4
966 7
967 27
968 4
969 36
970 0
971 1
972 3
973 1
974 0
975 1
976 0
977 1
978 2
979 5
980 0
981 0
982 0
983 0
984 2
985 2
986 4
987 2
988 2
989 4
990 2
991 4
992 2
993 2
994 2
995 2
996 4
997 2
998 4
999 2
1000 2
1001 2
1002 2
1003 9
1004 2
1005 4
1006 2
1007 2
1008 2
1009 2
1010 2
1011 2
1012 2
1013 2
1014 2
1015 2
1016 7
1017 2
1018 7
1019 4
1020 2
1021 7
1022 4
1023 1
1024 1
1025 1
1026 2
1027 1
1028 1
1029 1
1030 3
1031 1
1032 4
1033 5
1034 5
1035 4
1036 1
1037 1
1038 2
1039 5
1040 5
1041 8
1042 1
1043 4
1044 1
1045 2
1046 2
1047 2
1048 2
1049 2
1050 2
1051 2
1052 2
1053 4
1054 3
1055 4
1056 1
1057 2
1058 3
1059 2
1060 2
1061 2
1062 2
1063 2
1064 2
1065 2
1066 2
1067 2
1068 2
1069 2
1070 2
1071 4
1072 2
1073 2
1074 6
1075 2
1076 4
1077 2
1078 2
1079 2
1080 2
1081 2
1082 2
1083 2
1084 2
1085 6
1086 3
1087 3
1088 2
1089 6
1090 4
1091 2
1092 2
1093 4
1094 2
1095 6
1096 2
1097 7
1098 2
1099 2
1100 2
1101 2
1102 2
1103 8
1104 3
1105 4
1106 3
1107 1
1108 5
1109 4
1110 4
1111 2
1112 5
1113 5
1114 1
1115 1
1116 2
1117 4
1118 4
1119 5
1120 20
1121 5
1122 2
1123 2
1124 3
1125 5
1126 5
1127 1
1128 0
1129 0
1130 0
1131 0
1132 0
1133 1
1134 0
1135 0
1136 1
1137 0
1138 0
1139 0
1140 0
1141 0
1142 0
1143 0
1144 0
1145 0
1146 0
1147 2
1148 4
1149 11
1150 72
1151 133
1152 7
1153 2
1154 1
1155 9
1156 24
1157 1
1158 1
1159 1
1160 1
1161 17
1162 84
1163 17
1164 11
1165 48
1166 8
1167 8
1168 15
1169 11
1170 44
1171 88
1172 44
1173 13
1174 9
1175 9
1176 4
1177 11
1178 4
1179 9
1180 28
1181 9
1182 5
1183 13
1184 0
1185 1
1186 3
1187 3
1188 3
1189 4
1190 8
1191 8
1192 3
1193 1
1194 1
1195 2
1196 0
1197 0
1198 0
1199 0
1200 0
1201 0
1202 0
1203 5
1204 0
1205 0
1206 1
1207 0
1208 0
1209 1
1210 0
1211 0
1212 0
1213 0
1214 0
1215 1
1216 0
1217 1
1218 0
1219 0
1220 0
1221 1
1222 0
1223 0
1224 0
1225 2
1226 2
1227 2
1228 2
1229 2
1230 2
1231 2
1232 2
1233 2
1234 2
1235 2
1236 2
1237 4
1238 2
1239 2
1240 4
1241 2
1242 2
1243 2
1244 2
1245 2
1246 2
1247 2
1248 2
1249 2
1250 4
1251 2
1252 2
1253 2
1254 2
1255 2
1256 2
1257 2
1258 2
1259 2
1260 2
1261 2
1262 2
1263 2
1264 4
1265 2
1266 2
1267 2
1268 4
1269 2
1270 2
1271 2
1272 4
1273 2
1274 2
1275 2
1276 2
1277 4
1278 2
1279 2
1280 1
1281 0
1282 0
1283 1
1284 1
1285 0
1286 1
1287 5
1288 2
1289 2
1290 1
1291 14
1292 2
1293 1
1294 2
1295 1
1296 2
1297 1
1298 2
1299 1
1300 4
1301 2
1302 1
1303 2
1304 2
1305 2
1306 1
1307 2
1308 2
1309 2
1310 4
1311 2
1312 2
1313 2
1314 2
1315 2
1316 5
1317 2
1318 2
1319 2
1320 14
1321 2
1322 2
1323 2
1324 2
1325 2
1326 2
1327 2
1328 2
1329 2
1330 2
1331 2
1332 2
1333 2
1334 4
1335 2
1336 4
1337 2
1338 2
1339 4
1340 4
1341 2
1342 2
1343 2
1344 2
1345 2
1346 2
1347 2
1348 2
1349 2
1350 2
1351 2
1352 1
1353 1
1354 20
1355 120
1356 200
1357 150
1358 26
1359 1
1360 0
1361 0
1362 1
1363 5
1364 4
1365 8
1366 0
1367 0
1368 4
1369 0
1370 1
1371 2
1372 0
1373 5
1374 0
1375 100
1376 109
1377 55
1378 146
1379 50
1380 55
1381 125
1382 219
1383 150
1384 176
1385 91
1386 73
;

param Ttarget := 
1 1 1000
2 1 1000
3 1 1000
4 1 1000
5 1 500
6 1 500
7 1 500
8 1 500
1 2 1000
2 2 1000
3 2 1000
4 2 1000
5 2 500
6 2 500
7 2 500
8 2 500
1 3 1000
2 3 1000
3 3 1000
4 3 1000
5 3 500
6 3 500
7 3 500
8 3 500
1 4 1000
2 4 1000
3 4 1000
4 4 1000
5 4 500
6 4 500
7 4 500
8 4 500
1 5 1000
2 5 1000
3 5 1000
4 5 1000
5 5 500
6 5 500
7 5 500
8 5 500
;

set Bannlisti := 
;
set Fixlisti := 
1 2 1 
2 2 1 
3 2 1 
4 2 1 
5 2 1 
6 2 1 
7 8 1 
8 8 1 
9 8 1 
10 1 1 
11 4 1 
12 4 1 
13 4 1 
14 4 1 
15 4 1 
16 4 1 
17 4 1 
18 4 1 
19 4 1 
20 4 1 
21 4 1 
22 4 1 
23 4 1 
24 4 1 
25 4 1 
26 4 1 
27 4 1 
28 4 1 
29 1 1 
30 2 1 
31 8 1 
32 1 1 
33 6 1 
34 6 1 
35 6 1 
36 6 1 
37 6 1 
38 6 1 
39 6 1 
40 6 1 
41 6 1 
42 6 1 
43 6 1 
44 6 1 
45 6 1 
46 6 1 
47 6 1 
48 6 1 
49 6 1 
50 6 1 
51 6 1 
52 6 1 
53 6 1 
54 6 1 
55 6 1 
56 6 1 
57 6 1 
58 7 1 
59 7 1 
60 7 1 
61 8 1 
62 8 1 
63 8 1 
64 8 1 
65 8 1 
66 8 1 
67 7 1 
68 7 1 
69 7 1 
70 7 1 
71 8 1 
72 7 1 
73 7 1 
74 8 1 
75 8 1 
76 8 1 
77 8 1 
78 8 1 
79 8 1 
80 8 1 
81 8 1 
82 8 1 
83 8 1 
84 8 1 
85 8 1 
86 8 1 
87 8 1 
88 8 1 
89 8 1 
90 8 1 
91 8 1 
92 8 1 
93 8 1 
94 8 1 
95 8 1 
96 1 1 
97 1 1 
98 1 1 
99 1 1 
100 1 1 
101 1 1 
102 1 1 
103 1 1 
104 1 1 
105 1 1 
106 1 1 
107 1 1 
108 1 1 
109 1 1 
110 1 1 
111 1 1 
112 1 1 
113 1 1 
114 1 1 
115 1 1 
116 1 1 
117 1 1 
118 1 1 
119 1 1 
120 1 1 
121 1 1 
122 1 1 
123 1 1 
124 1 1 
125 1 1 
126 1 1 
127 1 1 
128 1 1 
129 2 2 
130 2 2 
131 2 2 
132 2 2 
133 2 2 
134 2 2 
135 2 2 
136 2 2 
137 2 2 
138 8 2 
139 2 2 
140 2 2 
141 2 2 
142 2 2 
143 8 2 
144 8 2 
145 8 2 
146 8 2 
147 8 2 
148 8 2 
149 8 2 
150 8 2 
151 8 2 
152 8 2 
153 2 2 
154 4 2 
155 2 2 
156 2 2 
157 2 2 
158 2 2 
159 2 2 
160 2 2 
161 2 2 
162 1 2 
163 3 2 
164 3 2 
165 3 2 
166 3 2 
167 3 2 
168 3 2 
169 3 2 
170 3 2 
171 3 2 
172 3 2 
173 3 2 
174 3 2 
175 3 2 
176 3 2 
177 3 2 
178 3 2 
179 3 2 
180 3 2 
181 3 2 
182 3 2 
183 3 2 
184 3 2 
185 3 2 
186 3 2 
187 3 2 
188 3 2 
189 3 2 
190 3 2 
191 3 2 
192 3 2 
193 3 2 
194 3 2 
195 3 2 
196 3 2 
197 3 2 
198 3 2 
199 3 2 
200 3 2 
201 3 2 
202 3 2 
203 3 2 
204 3 2 
205 3 2 
206 3 2 
207 3 2 
208 3 2 
209 3 2 
210 3 2 
211 3 2 
212 3 2 
213 3 2 
214 3 2 
215 3 2 
216 3 2 
217 3 2 
218 3 2 
219 3 2 
220 3 2 
221 3 2 
222 3 2 
223 3 2 
224 3 2 
225 3 2 
226 3 2 
227 3 2 
228 3 2 
229 3 2 
230 3 2 
231 3 2 
232 3 2 
233 3 2 
234 3 2 
235 3 2 
236 3 2 
237 3 2 
238 3 2 
239 3 2 
240 3 2 
241 3 2 
242 3 2 
243 3 2 
244 3 2 
245 3 2 
246 3 2 
247 3 2 
248 3 2 
249 3 2 
250 3 2 
251 3 2 
252 3 2 
253 4 2 
254 3 2 
255 6 2 
256 5 2 
257 5 2 
258 5 2 
259 3 2 
260 3 2 
261 1 2 
262 3 2 
263 6 2 
264 6 2 
265 7 2 
266 6 2 
267 3 2 
268 3 2 
269 1 2 
270 8 2 
271 5 2 
272 3 2 
273 7 2 
274 6 2 
275 3 2 
276 8 2 
277 3 2 
278 5 2 
279 8 2 
280 8 2 
281 5 2 
282 8 2 
283 8 2 
284 5 2 
285 8 2 
286 8 2 
287 8 2 
288 8 2 
289 8 2 
290 3 2 
291 3 2 
292 1 2 
293 4 2 
294 7 2 
295 6 2 
296 5 2 
297 7 2 
298 1 2 
299 3 2 
300 3 2 
301 8 2 
302 3 2 
303 5 2 
304 3 2 
305 8 2 
306 3 2 
307 1 2 
308 1 2 
309 5 2 
310 5 2 
311 5 2 
312 5 2 
313 5 2 
314 5 2 
315 5 2 
316 5 2 
317 5 2 
318 5 2 
319 5 2 
320 5 2 
321 5 2 
322 5 2 
323 5 2 
324 5 2 
325 5 2 
326 5 2 
327 5 2 
328 5 2 
329 5 2 
330 5 2 
331 5 2 
332 5 2 
333 5 2 
334 5 2 
335 5 2 
336 5 2 
337 5 2 
338 5 2 
339 5 2 
340 5 2 
341 5 2 
342 5 2 
343 5 2 
344 5 2 
345 7 2 
346 7 2 
347 7 2 
348 7 2 
349 7 2 
350 7 2 
351 7 2 
352 7 2 
353 7 2 
354 8 2 
355 8 2 
356 8 2 
357 8 2 
358 8 2 
359 8 2 
360 8 2 
361 8 2 
362 8 2 
363 8 2 
364 8 2 
365 8 2 
366 8 2 
367 8 2 
368 8 2 
369 8 2 
370 8 2 
371 8 2 
372 8 2 
373 8 2 
374 8 2 
375 8 2 
376 8 2 
377 8 2 
378 8 2 
379 7 2 
380 8 2 
381 8 2 
382 8 2 
383 8 2 
384 8 2 
385 8 2 
386 8 2 
387 8 2 
388 8 2 
389 8 2 
390 8 2 
391 8 2 
392 8 2 
393 8 2 
394 8 2 
395 8 2 
396 8 2 
397 8 2 
398 8 2 
399 1 3 
400 1 3 
401 1 2 
402 1 2 
403 1 2 
404 1 2 
405 1 2 
406 1 2 
407 1 2 
408 1 2 
409 1 2 
410 1 2 
411 1 2 
412 1 2 
413 1 2 
414 8 3 
415 8 3 
416 8 3 
417 8 3 
418 2 3 
419 2 3 
420 2 3 
421 2 3 
422 2 3 
423 2 3 
424 8 3 
425 8 3 
426 8 3 
427 8 3 
428 8 3 
429 8 3 
430 8 3 
431 8 3 
432 8 3 
433 3 3 
434 2 3 
435 2 3 
436 8 3 
437 8 3 
438 8 3 
439 8 3 
440 8 3 
441 4 3 
442 4 3 
443 4 3 
444 4 3 
445 8 3 
446 6 3 
447 6 3 
448 6 3 
449 6 3 
450 6 3 
451 6 3 
452 6 3 
453 6 3 
454 6 3 
455 6 3 
456 6 3 
457 6 3 
458 6 3 
459 6 3 
460 6 3 
461 6 3 
462 6 3 
463 6 3 
464 6 3 
465 6 3 
466 6 3 
467 6 3 
468 6 3 
469 6 3 
470 6 3 
471 6 3 
472 6 3 
473 6 3 
474 6 3 
475 6 3 
476 6 3 
477 6 3 
478 6 3 
479 6 3 
480 6 3 
481 7 3 
482 7 3 
483 7 3 
484 7 3 
485 7 3 
486 7 3 
487 7 3 
488 7 3 
489 7 3 
490 7 3 
491 7 3 
492 7 3 
493 7 3 
494 7 3 
495 7 3 
496 7 3 
497 7 3 
498 7 3 
499 7 3 
500 7 3 
501 7 3 
502 7 3 
503 7 3 
504 7 3 
505 7 3 
506 7 3 
507 7 3 
508 7 3 
509 7 3 
510 7 3 
511 7 3 
512 7 3 
513 7 3 
514 7 3 
515 8 3 
516 8 3 
517 8 3 
518 7 3 
519 7 3 
520 7 3 
521 7 3 
522 8 3 
523 7 3 
524 7 3 
525 7 3 
526 7 3 
527 7 3 
528 7 3 
529 7 3 
530 7 3 
531 7 3 
532 7 3 
533 7 3 
534 7 3 
535 7 3 
536 7 3 
537 7 3 
538 7 3 
539 7 3 
540 7 3 
541 7 3 
542 7 3 
543 7 3 
544 7 3 
545 7 3 
546 7 3 
547 7 3 
548 7 3 
549 7 3 
550 7 3 
551 7 3 
552 7 3 
553 7 3 
554 7 3 
555 7 3 
556 7 3 
557 7 3 
558 7 3 
559 7 3 
560 7 3 
561 7 3 
562 7 3 
563 7 3 
564 7 3 
565 7 3 
566 7 3 
567 7 3 
568 7 3 
569 8 3 
570 8 3 
571 8 3 
572 8 3 
573 8 3 
574 8 3 
575 8 3 
576 8 3 
577 7 3 
578 7 3 
579 7 3 
580 7 3 
581 7 3 
582 7 3 
583 7 3 
584 7 3 
585 7 3 
586 4 3 
587 7 3 
588 7 3 
589 7 3 
590 7 3 
591 7 3 
592 7 3 
593 7 3 
594 7 3 
595 7 3 
596 8 3 
597 8 3 
598 8 3 
599 8 3 
600 8 3 
601 8 3 
602 8 3 
603 8 3 
604 8 3 
605 8 3 
606 8 3 
607 8 3 
608 8 3 
609 8 3 
610 8 3 
611 8 3 
612 8 3 
613 8 3 
614 8 3 
615 8 3 
616 8 3 
617 8 3 
618 8 3 
619 7 3 
620 8 3 
621 1 3 
622 1 3 
623 1 3 
624 1 3 
625 1 3 
626 1 3 
627 1 3 
628 1 3 
629 1 3 
630 1 3 
631 1 3 
632 1 3 
633 1 3 
634 1 3 
635 1 3 
636 1 3 
637 1 3 
638 1 3 
639 2 3 
640 2 3 
641 2 3 
642 2 3 
643 2 3 
644 2 3 
645 3 4 
646 8 4 
647 8 4 
648 8 4 
649 8 4 
650 8 4 
651 8 4 
652 4 4 
653 4 4 
654 4 4 
655 4 4 
656 4 4 
657 4 4 
658 4 4 
659 4 4 
660 4 4 
661 4 4 
662 4 4 
663 4 4 
664 4 4 
665 4 4 
666 4 4 
667 4 4 
668 4 4 
669 1 4 
670 1 4 
671 3 4 
672 8 4 
673 6 4 
674 8 4 
675 7 4 
676 8 4 
677 8 4 
678 8 4 
679 8 4 
680 8 4 
681 7 4 
682 3 4 
683 3 4 
684 5 4 
685 8 4 
686 7 4 
687 7 4 
688 7 4 
689 7 4 
690 7 4 
691 7 4 
692 7 4 
693 7 4 
694 7 4 
695 7 4 
696 7 4 
697 7 4 
698 7 4 
699 7 4 
700 7 4 
701 7 4 
702 7 4 
703 7 4 
704 7 4 
705 7 4 
706 7 4 
707 7 4 
708 7 4 
709 7 4 
710 7 4 
711 7 4 
712 7 4 
713 7 4 
714 7 4 
715 7 4 
716 7 4 
717 7 4 
718 7 4 
719 7 4 
720 7 4 
721 7 4 
722 7 4 
723 7 4 
724 7 4 
725 7 4 
726 7 4 
727 7 4 
728 7 4 
729 7 4 
730 3 4 
731 8 4 
732 3 4 
733 8 4 
734 8 4 
735 5 4 
736 8 4 
737 5 4 
738 3 4 
739 5 4 
740 8 4 
741 3 4 
742 3 4 
743 5 4 
744 8 4 
745 6 4 
746 6 4 
747 5 4 
748 8 4 
749 7 4 
750 3 4 
751 7 4 
752 6 4 
753 4 4 
754 6 4 
755 1 4 
756 5 4 
757 5 4 
758 3 4 
759 5 4 
760 7 4 
761 7 4 
762 7 4 
763 7 4 
764 7 4 
765 7 4 
766 7 4 
767 7 4 
768 7 4 
769 7 4 
770 7 4 
771 7 4 
772 7 4 
773 7 4 
774 7 4 
775 7 4 
776 7 4 
777 7 4 
778 7 4 
779 6 4 
780 8 4 
781 8 4 
782 1 4 
783 1 4 
784 1 4 
785 1 4 
786 1 4 
787 1 4 
788 1 4 
789 1 4 
790 1 4 
791 1 4 
792 1 4 
793 1 4 
794 1 4 
795 1 4 
796 1 4 
797 1 4 
798 1 4 
799 1 4 
800 1 4 
801 1 4 
802 1 4 
803 1 4 
804 1 4 
805 1 4 
806 1 4 
807 1 4 
808 1 4 
809 1 4 
810 1 4 
811 1 4 
812 1 4 
813 1 4 
814 1 4 
815 1 4 
816 1 4 
817 1 4 
818 1 4 
819 1 4 
820 1 4 
821 1 4 
822 1 4 
823 1 4 
824 1 4 
825 1 4 
826 1 4 
827 1 4 
828 1 4 
829 1 4 
830 1 4 
831 1 4 
832 1 4 
833 8 7 
834 8 7 
835 8 7 
836 8 7 
837 8 7 
838 8 7 
839 8 7 
840 8 7 
841 8 7 
842 8 7 
843 8 7 
844 8 7 
845 8 7 
846 8 7 
847 8 7 
848 8 7 
849 8 7 
850 8 7 
851 8 7 
852 8 7 
853 8 7 
854 8 7 
855 8 7 
856 8 7 
857 8 7 
858 8 7 
859 8 7 
860 8 7 
861 8 7 
862 8 7 
863 8 7 
864 8 7 
865 8 7 
866 8 7 
867 8 7 
868 8 7 
869 8 7 
870 8 7 
871 8 7 
872 8 7 
873 8 7 
874 8 7 
875 8 7 
876 8 7 
877 8 7 
878 8 7 
879 8 7 
880 8 7 
881 8 7 
882 8 7 
883 8 7 
884 8 7 
885 2 7 
886 2 7 
887 2 7 
888 2 7 
889 2 7 
890 2 7 
891 3 7 
892 8 7 
893 8 7 
894 8 7 
895 8 7 
896 3 7 
897 3 7 
898 3 7 
899 3 7 
900 3 7 
901 3 7 
902 3 7 
903 3 7 
904 3 7 
905 3 7 
906 3 7 
907 3 7 
908 3 7 
909 3 7 
910 3 7 
911 3 7 
912 3 7 
913 3 7 
914 3 7 
915 3 7 
916 3 7 
917 3 7 
918 3 7 
919 3 7 
920 3 7 
921 3 7 
922 3 7 
923 3 7 
924 3 7 
925 3 7 
926 3 7 
927 3 7 
928 3 7 
929 3 7 
930 3 7 
931 3 7 
932 3 7 
933 3 7 
934 3 7 
935 3 7 
936 3 7 
937 3 7 
938 3 7 
939 3 7 
940 3 7 
941 3 7 
942 3 7 
943 3 7 
944 3 7 
945 3 7 
946 3 7 
947 3 7 
948 3 7 
949 3 7 
950 8 7 
951 5 7 
952 5 7 
953 5 7 
954 5 7 
955 5 7 
956 5 7 
957 5 7 
958 5 7 
959 8 7 
960 5 7 
961 5 7 
962 5 7 
963 5 7 
964 5 7 
965 5 7 
966 5 7 
967 5 7 
968 5 7 
969 5 7 
970 4 7 
971 4 7 
972 1 7 
973 4 7 
974 1 7 
975 4 7 
976 8 7 
977 8 7 
978 2 7 
979 4 7 
980 4 7 
981 8 7 
982 4 7 
983 1 7 
984 8 7 
985 3 7 
986 6 7 
987 8 7 
988 7 7 
989 8 7 
990 3 7 
991 2 7 
992 8 7 
993 3 7 
994 6 7 
995 3 7 
996 1 7 
997 6 7 
998 6 7 
999 8 7 
1000 3 7 
1001 3 7 
1002 3 7 
1003 6 7 
1004 1 7 
1005 6 7 
1006 5 7 
1007 5 7 
1008 7 7 
1009 3 7 
1010 5 7 
1011 3 7 
1012 3 7 
1013 8 7 
1014 5 7 
1015 6 7 
1016 3 7 
1017 3 7 
1018 3 7 
1019 3 7 
1020 6 7 
1021 6 7 
1022 3 7 
1023 2 7 
1024 1 7 
1025 1 7 
1026 6 7 
1027 2 7 
1028 1 7 
1029 8 7 
1030 8 7 
1031 7 7 
1032 1 7 
1033 1 7 
1034 6 7 
1035 1 7 
1036 1 7 
1037 1 7 
1038 1 7 
1039 2 7 
1040 6 7 
1041 1 7 
1042 1 7 
1043 6 7 
1044 2 7 
1045 3 7 
1046 3 7 
1047 3 7 
1048 3 7 
1049 1 7 
1050 1 7 
1051 6 7 
1052 2 7 
1053 1 7 
1054 1 7 
1055 2 7 
1056 8 7 
1057 8 7 
1058 3 7 
1059 5 7 
1060 3 7 
1061 3 7 
1062 3 7 
1063 3 7 
1064 3 7 
1065 1 7 
1066 6 7 
1067 6 7 
1068 7 7 
1069 5 7 
1070 1 7 
1071 6 7 
1072 7 7 
1073 8 7 
1074 3 7 
1075 3 7 
1076 4 7 
1077 8 7 
1078 8 7 
1079 4 7 
1080 2 7 
1081 2 7 
1082 4 7 
1083 8 7 
1084 8 7 
1085 3 7 
1086 3 7 
1087 8 7 
1088 3 7 
1089 3 7 
1090 3 7 
1091 8 7 
1092 2 7 
1093 5 7 
1094 3 7 
1095 5 7 
1096 5 7 
1097 2 7 
1098 2 7 
1099 5 7 
1100 5 7 
1101 1 7 
1102 5 7 
1103 3 7 
1104 1 7 
1105 1 7 
1106 3 7 
1107 1 7 
1108 6 7 
1109 1 7 
1110 7 7 
1111 6 7 
1112 6 7 
1113 7 7 
1114 6 7 
1115 7 7 
1116 1 7 
1117 1 7 
1118 1 7 
1119 6 7 
1120 6 7 
1121 6 7 
1122 6 7 
1123 3 7 
1124 5 7 
1125 6 7 
1126 7 7 
1127 3 7 
1128 7 7 
1129 2 7 
1130 1 7 
1131 5 7 
1132 8 7 
1133 4 7 
1134 3 7 
1135 7 7 
1136 6 7 
1137 8 7 
1138 4 7 
1139 1 7 
1140 1 7 
1141 4 7 
1142 8 7 
1143 2 7 
1144 4 7 
1145 6 7 
1146 6 7 
1147 8 7 
1148 8 7 
1149 8 7 
1150 7 7 
1151 7 7 
1152 7 7 
1153 8 7 
1154 1 7 
1155 1 7 
1156 2 7 
1157 4 7 
1158 8 7 
1159 8 7 
1160 6 7 
1161 7 7 
1162 7 7 
1163 7 7 
1164 7 7 
1165 7 7 
1166 8 7 
1167 8 7 
1168 8 7 
1169 8 7 
1170 8 7 
1171 8 7 
1172 8 7 
1173 8 7 
1174 8 7 
1175 8 7 
1176 8 7 
1177 8 7 
1178 8 7 
1179 8 7 
1180 2 7 
1181 8 7 
1182 8 7 
1183 8 7 
1184 8 7 
1185 8 7 
1186 8 7 
1187 8 7 
1188 8 7 
1189 8 7 
1190 8 7 
1191 8 7 
1192 8 7 
1193 2 7 
1194 1 7 
1195 2 7 
1196 7 7 
1197 8 7 
1198 6 7 
1199 8 7 
1200 8 7 
1201 6 7 
1202 8 7 
1203 8 7 
1204 8 7 
1205 8 7 
1206 8 7 
1207 2 7 
1208 2 7 
1209 8 7 
1210 6 7 
1211 8 7 
1212 8 7 
1213 8 7 
1214 8 7 
1215 8 7 
1216 6 7 
1217 8 7 
1218 8 7 
1219 8 7 
1220 8 7 
1221 4 7 
1222 8 7 
1223 8 7 
1224 8 7 
1225 8 7 
1226 7 7 
1227 5 7 
1228 3 7 
1229 3 7 
1230 8 7 
1231 1 7 
1232 3 7 
1233 3 7 
1234 1 7 
1235 8 7 
1236 8 7 
1237 3 7 
1238 8 7 
1239 3 7 
1240 3 7 
1241 5 7 
1242 8 7 
1243 3 7 
1244 5 7 
1245 5 7 
1246 5 7 
1247 3 7 
1248 8 7 
1249 8 7 
1250 3 7 
1251 3 7 
1252 7 7 
1253 8 7 
1254 5 7 
1255 5 7 
1256 8 7 
1257 7 7 
1258 3 7 
1259 6 7 
1260 5 7 
1261 1 7 
1262 8 7 
1263 8 7 
1264 3 7 
1265 3 7 
1266 5 7 
1267 2 7 
1268 6 7 
1269 6 7 
1270 8 7 
1271 6 7 
1272 7 7 
1273 6 7 
1274 1 7 
1275 5 7 
1276 5 7 
1277 3 7 
1278 3 7 
1279 2 7 
1280 1 7 
1281 2 7 
1282 1 7 
1283 2 7 
1284 1 7 
1285 1 7 
1286 2 7 
1287 2 7 
1288 6 7 
1289 1 7 
1290 1 7 
1291 1 7 
1292 6 7 
1293 6 7 
1294 6 7 
1295 4 7 
1296 6 7 
1297 3 7 
1298 6 7 
1299 8 7 
1300 2 7 
1301 3 7 
1302 6 7 
1303 1 7 
1304 1 7 
1305 4 7 
1306 1 7 
1307 3 7 
1308 6 7 
1309 3 7 
1310 3 7 
1311 6 7 
1312 7 7 
1313 4 7 
1314 7 7 
1315 6 7 
1316 3 7 
1317 3 7 
1318 3 7 
1319 5 7 
1320 3 7 
1321 8 7 
1322 8 7 
1323 6 7 
1324 5 7 
1325 5 7 
1326 5 7 
1327 3 7 
1328 3 7 
1329 5 7 
1330 3 7 
1331 5 7 
1332 1 7 
1333 1 7 
1334 5 7 
1335 3 7 
1336 6 7 
1337 6 7 
1338 8 7 
1339 6 7 
1340 6 7 
1341 8 7 
1342 3 7 
1343 6 7 
1344 3 7 
1345 8 7 
1346 8 7 
1347 8 7 
1348 6 7 
1349 7 7 
1350 1 7 
1351 6 7 
1352 3 7 
1353 6 7 
1354 8 7 
1355 8 7 
1356 8 7 
1357 8 7 
1358 8 7 
1359 4 7 
1360 2 7 
1361 1 7 
1362 2 7 
1363 7 7 
1364 7 7 
1365 8 7 
1366 2 7 
1367 1 7 
1368 8 7 
1369 2 7 
1370 8 7 
1371 7 7 
1372 2 7 
1373 1 7 
1374 6 7 
1375 1 7 
1376 1 7 
1377 1 7 
1378 1 7 
1379 1 7 
1380 1 7 
1381 1 7 
1382 1 7 
1383 1 7 
1384 1 7 
1385 1 7 
1386 1 7 
;
end;
