param S := 598;
param T := 8;
param D := 5;
param windowsize := 0;

param A := 
1 21
2 80
3 31
4 146
5 668
6 0
7 211
8 0
9 79
10 73
11 0
12 2
13 10
14 1
15 5
16 71
17 111
18 6
19 23
20 26
21 44
22 44
23 11
24 46
25 27
26 3
27 9
28 6
29 7
30 52
31 107
32 106
33 141
34 106
35 107
36 177
37 86
38 11
39 7
40 4
41 29
42 22
43 44
44 62
45 44
46 11
47 2
48 3
49 16
50 24
51 26
52 6
53 2
54 7
55 7
56 13
57 2
58 4
59 20
60 2
61 80
62 29
63 18
64 18
65 36
66 129
67 53
68 26
69 22
70 13
71 13
72 7
73 7
74 7
75 9
76 0
77 12
78 0
79 0
80 0
81 1
82 0
83 1
84 53
85 53
86 53
87 133
88 8
89 23
90 61
91 28
92 5
93 15
94 52
95 90
96 88
97 265
98 72
99 133
100 86
101 133
102 212
103 110
104 107
105 4
106 7
107 25
108 6
109 9
110 0
111 13
112 104
113 44
114 25
115 90
116 36
117 100
118 46
119 9
120 29
121 59
122 28
123 19
124 32
125 2
126 24
127 6
128 9
129 19
130 0
131 0
132 0
133 5
134 17
135 106
136 42
137 44
138 3
139 31
140 22
141 7
142 9
143 7
144 44
145 9
146 9
147 18
148 90
149 86
150 82
151 106
152 59
153 22
154 7
155 11
156 45
157 14
158 2
159 13
160 13
161 11
162 13
163 7
164 4
165 122
166 106
167 42
168 35
169 9
170 46
171 28
172 18
173 106
174 181
175 7
176 22
177 7
178 7
179 5
180 24
181 26
182 9
183 14
184 9
185 9
186 2
187 2
188 18
189 4
190 4
191 27
192 20
193 56
194 22
195 11
196 38
197 79
198 61
199 201
200 150
201 24
202 50
203 301
204 146
205 219
206 36
207 219
208 146
209 91
210 100
211 100
212 97
213 25
214 36
215 70
216 154
217 401
218 47
219 47
220 152
221 53
222 70
223 47
224 62
225 84
226 62
227 73
228 146
229 35
230 73
231 84
232 36
233 134
234 186
235 168
236 56
237 26
238 106
239 14
240 32
241 68
242 44
243 9
244 146
245 72
246 33
247 2
248 2
249 2
250 4
251 2
252 31
253 23
254 2
255 2
256 101
257 40
258 62
259 9
260 4
261 5
262 1
263 1
264 21
265 3
266 5
267 4
268 9
269 3
270 7
271 12
272 6
273 7
274 18
275 13
276 52
277 104
278 48
279 48
280 24
281 27
282 22
283 22
284 30
285 4
286 221
287 2
288 29
289 31
290 65
291 18
292 46
293 107
294 47
295 5
296 1
297 11
298 15
299 82
300 7
301 1
302 14
303 5
304 27
305 3
306 474
307 11
308 5
309 5
310 5
311 122
312 10
313 61
314 61
315 11
316 127
317 112
318 63
319 51
320 158
321 24
322 125
323 50
324 61
325 117
326 401
327 8
328 18
329 42
330 44
331 15
332 79
333 32
334 46
335 18
336 24
337 2
338 3
339 4
340 2
341 2
342 4
343 9
344 4
345 7
346 24
347 129
348 18
349 18
350 11
351 84
352 76
353 13
354 13
355 34
356 55
357 8
358 8
359 0
360 0
361 1
362 13
363 58
364 52
365 14
366 7
367 4
368 6
369 20
370 34
371 9
372 13
373 27
374 61
375 9
376 36
377 44
378 44
379 13
380 27
381 64
382 107
383 133
384 86
385 88
386 98
387 179
388 186
389 4
390 17
391 18
392 4
393 11
394 8
395 107
396 64
397 96
398 398
399 22
400 212
401 53
402 172
403 73
404 5
405 265
406 90
407 18
408 18
409 11
410 7
411 22
412 0
413 44
414 4
415 53
416 186
417 55
418 215
419 55
420 215
421 36
422 21
423 90
424 36
425 28
426 4
427 44
428 4
429 53
430 38
431 106
432 8
433 8
434 16
435 12
436 3
437 14
438 106
439 42
440 333
441 106
442 150
443 107
444 85
445 172
446 107
447 106
448 265
449 4
450 4
451 4
452 8
453 4
454 29
455 36
456 59
457 7
458 2
459 3
460 18
461 7
462 7
463 2
464 4
465 4
466 14
467 8
468 18
469 31
470 4
471 7
472 99
473 54
474 7
475 99
476 4
477 27
478 7
479 13
480 4
481 27
482 18
483 9
484 18
485 11
486 13
487 10
488 13
489 2
490 8
491 9
492 4
493 5
494 7
495 27
496 21
497 6
498 2
499 221
500 13
501 7
502 18
503 30
504 18
505 5
506 5
507 148
508 185
509 105
510 110
511 44
512 18
513 27
514 8
515 18
516 11
517 36
518 7
519 7
520 4
521 5
522 12
523 24
524 26
525 7
526 12
527 13
528 22
529 9
530 13
531 18
532 13
533 9
534 20
535 12
536 7
537 18
538 9
539 18
540 44
541 13
542 14
543 11
544 44
545 19
546 28
547 28
548 95
549 126
550 110
551 86
552 11
553 22
554 12
555 5
556 9
557 9
558 4
559 4
560 4
561 2
562 4
563 4
564 9
565 4
566 7
567 4
568 3
569 2
570 0
571 54
572 2
573 5
574 6
575 7
576 7
577 11
578 13
579 7
580 10
581 9
582 4
583 4
584 23
585 2
586 34
587 134
588 35
589 100
590 125
591 201
592 100
593 100
594 97
595 24
596 158
597 9
598 7
;

param Ttarget := 
1 1 1000
2 1 1000
3 1 1000
4 1 1000
5 1 500
6 1 500
7 1 500
8 1 500
1 2 1000
2 2 1000
3 2 1000
4 2 1000
5 2 500
6 2 500
7 2 500
8 2 500
1 3 1000
2 3 1000
3 3 1000
4 3 1000
5 3 500
6 3 500
7 3 500
8 3 500
1 4 1000
2 4 1000
3 4 1000
4 4 1000
5 4 500
6 4 500
7 4 500
8 4 500
1 5 1000
2 5 1000
3 5 1000
4 5 1000
5 5 500
6 5 500
7 5 500
8 5 500
;

set Bannlisti := 
;
set Fixlisti := 
1 2 1 
2 2 1 
3 2 1 
4 4 1 
5 2 1 
6 2 1 
7 2 1 
8 2 1 
9 2 1 
10 2 1 
11 2 1 
12 2 1 
13 8 1 
14 8 1 
15 8 1 
16 3 1 
17 3 1 
18 3 1 
19 3 1 
20 3 1 
21 3 1 
22 3 1 
23 3 1 
24 3 1 
25 3 1 
26 3 1 
27 3 1 
28 3 1 
29 3 1 
30 3 1 
31 3 1 
32 3 1 
33 3 1 
34 3 1 
35 3 1 
36 3 1 
37 3 1 
38 3 1 
39 3 1 
40 3 1 
41 3 1 
42 3 1 
43 3 1 
44 3 1 
45 3 1 
46 3 1 
47 3 1 
48 8 1 
49 8 1 
50 8 1 
51 8 1 
52 8 1 
53 8 1 
54 8 1 
55 8 1 
56 8 1 
57 8 1 
58 8 1 
59 8 1 
60 8 1 
61 8 1 
62 8 1 
63 8 1 
64 8 1 
65 8 1 
66 8 1 
67 8 1 
68 8 1 
69 8 1 
70 8 1 
71 3 1 
72 3 1 
73 3 1 
74 8 1 
75 8 1 
76 8 1 
77 8 1 
78 8 1 
79 8 1 
80 8 1 
81 8 1 
82 8 1 
83 8 1 
84 6 1 
85 6 1 
86 6 1 
87 6 1 
88 6 1 
89 6 1 
90 6 1 
91 6 1 
92 6 1 
93 6 1 
94 6 1 
95 6 1 
96 6 1 
97 6 1 
98 6 1 
99 6 1 
100 6 1 
101 6 1 
102 6 1 
103 6 1 
104 6 1 
105 6 1 
106 6 1 
107 6 1 
108 6 1 
109 6 1 
110 6 1 
111 6 1 
112 6 1 
113 6 1 
114 6 1 
115 6 1 
116 6 1 
117 6 1 
118 6 1 
119 7 1 
120 7 1 
121 7 1 
122 7 1 
123 7 1 
124 7 1 
125 7 1 
126 8 1 
127 6 1 
128 6 1 
129 6 1 
130 6 1 
131 6 1 
132 6 1 
133 6 1 
134 6 1 
135 7 1 
136 7 1 
137 7 1 
138 7 1 
139 7 1 
140 8 1 
141 7 1 
142 7 1 
143 7 1 
144 7 1 
145 7 1 
146 7 1 
147 8 1 
148 7 1 
149 7 1 
150 7 1 
151 7 1 
152 7 1 
153 7 1 
154 7 1 
155 7 1 
156 7 1 
157 7 1 
158 7 1 
159 8 1 
160 8 1 
161 8 1 
162 8 1 
163 8 1 
164 8 1 
165 7 1 
166 7 1 
167 7 1 
168 7 1 
169 7 1 
170 7 1 
171 7 1 
172 7 1 
173 7 1 
174 7 1 
175 7 1 
176 8 1 
177 8 1 
178 8 1 
179 8 1 
180 7 1 
181 7 1 
182 7 1 
183 7 1 
184 7 1 
185 6 1 
186 6 1 
187 6 1 
188 6 1 
189 6 1 
190 6 1 
191 6 1 
192 6 1 
193 6 1 
194 8 1 
195 8 1 
196 6 1 
197 6 1 
198 1 4 
199 1 4 
200 1 4 
201 1 4 
202 1 4 
203 1 4 
204 1 4 
205 1 4 
206 1 4 
207 1 4 
208 1 4 
209 1 4 
210 1 4 
211 1 4 
212 1 4 
213 1 4 
214 1 4 
215 1 4 
216 1 4 
217 1 4 
218 1 4 
219 1 4 
220 1 4 
221 1 4 
222 1 4 
223 1 4 
224 1 4 
225 1 4 
226 1 4 
227 2 4 
228 2 4 
229 2 4 
230 2 4 
231 2 4 
232 2 4 
233 1 4 
234 1 4 
235 1 4 
236 2 4 
237 2 4 
238 2 4 
239 2 4 
240 2 4 
241 2 4 
242 2 4 
243 2 4 
244 2 4 
245 2 4 
246 2 4 
247 1 4 
248 5 4 
249 6 4 
250 2 4 
251 2 4 
252 6 4 
253 6 4 
254 7 4 
255 6 4 
256 8 4 
257 2 4 
258 2 4 
259 4 4 
260 8 4 
261 8 4 
262 8 4 
263 8 4 
264 5 4 
265 8 4 
266 8 4 
267 8 4 
268 8 4 
269 8 4 
270 8 4 
271 8 4 
272 8 4 
273 8 4 
274 8 4 
275 4 4 
276 4 4 
277 4 4 
278 4 4 
279 4 4 
280 4 4 
281 4 4 
282 4 4 
283 4 4 
284 4 4 
285 4 4 
286 5 4 
287 6 4 
288 5 4 
289 8 4 
290 7 4 
291 8 4 
292 7 4 
293 7 4 
294 7 4 
295 8 4 
296 8 4 
297 8 4 
298 8 4 
299 8 4 
300 8 4 
301 8 4 
302 8 4 
303 8 4 
304 8 4 
305 8 4 
306 2 5 
307 1 4 
308 1 4 
309 1 4 
310 1 4 
311 1 4 
312 1 4 
313 1 4 
314 1 4 
315 1 4 
316 2 5 
317 2 5 
318 2 5 
319 2 5 
320 1 4 
321 1 4 
322 1 4 
323 1 4 
324 8 5 
325 8 5 
326 2 5 
327 1 5 
328 1 4 
329 1 4 
330 1 4 
331 1 4 
332 1 4 
333 1 4 
334 1 4 
335 1 4 
336 1 4 
337 8 5 
338 8 5 
339 8 5 
340 8 5 
341 8 5 
342 8 5 
343 8 5 
344 8 5 
345 8 5 
346 8 5 
347 8 5 
348 8 5 
349 8 5 
350 8 5 
351 8 5 
352 8 5 
353 8 5 
354 8 5 
355 8 5 
356 8 5 
357 8 5 
358 8 5 
359 8 5 
360 8 5 
361 8 5 
362 1 4 
363 1 4 
364 1 4 
365 1 4 
366 1 4 
367 1 4 
368 1 4 
369 3 5 
370 3 5 
371 3 5 
372 3 5 
373 3 5 
374 3 5 
375 3 5 
376 3 5 
377 3 5 
378 3 5 
379 3 5 
380 3 5 
381 3 5 
382 3 5 
383 3 5 
384 3 5 
385 3 5 
386 3 5 
387 3 5 
388 3 5 
389 3 5 
390 3 5 
391 3 5 
392 3 5 
393 3 5 
394 4 5 
395 4 5 
396 4 5 
397 4 5 
398 4 5 
399 4 5 
400 4 5 
401 4 5 
402 4 5 
403 4 5 
404 3 5 
405 5 5 
406 5 5 
407 5 5 
408 5 5 
409 5 5 
410 5 5 
411 5 5 
412 5 5 
413 5 5 
414 5 5 
415 5 5 
416 5 5 
417 5 5 
418 5 5 
419 5 5 
420 5 5 
421 5 5 
422 5 5 
423 5 5 
424 5 5 
425 6 5 
426 6 5 
427 6 5 
428 6 5 
429 6 5 
430 6 5 
431 6 5 
432 6 5 
433 6 5 
434 6 5 
435 6 5 
436 6 5 
437 6 5 
438 6 5 
439 6 5 
440 6 5 
441 6 5 
442 6 5 
443 6 5 
444 6 5 
445 6 5 
446 6 5 
447 6 5 
448 6 5 
449 8 5 
450 8 5 
451 8 5 
452 7 5 
453 7 5 
454 7 5 
455 7 5 
456 7 5 
457 7 5 
458 7 5 
459 7 5 
460 8 5 
461 8 5 
462 8 5 
463 8 5 
464 8 5 
465 8 5 
466 7 5 
467 7 5 
468 7 5 
469 7 5 
470 7 5 
471 7 5 
472 7 5 
473 7 5 
474 7 5 
475 7 5 
476 7 5 
477 7 5 
478 7 5 
479 7 5 
480 8 5 
481 8 5 
482 8 5 
483 8 5 
484 8 5 
485 8 5 
486 8 5 
487 8 5 
488 8 5 
489 7 5 
490 7 5 
491 7 5 
492 8 5 
493 8 5 
494 8 5 
495 8 5 
496 8 5 
497 8 5 
498 7 5 
499 5 5 
500 5 5 
501 5 5 
502 7 5 
503 7 5 
504 7 5 
505 7 5 
506 7 5 
507 7 5 
508 7 5 
509 7 5 
510 7 5 
511 7 5 
512 7 5 
513 7 5 
514 7 5 
515 7 5 
516 7 5 
517 8 5 
518 8 5 
519 8 5 
520 8 5 
521 8 5 
522 8 5 
523 8 5 
524 8 5 
525 8 5 
526 8 5 
527 8 5 
528 8 5 
529 8 5 
530 8 5 
531 8 5 
532 8 5 
533 8 5 
534 8 5 
535 8 5 
536 8 5 
537 8 5 
538 8 5 
539 8 5 
540 8 5 
541 8 5 
542 8 5 
543 8 5 
544 8 5 
545 8 5 
546 8 5 
547 8 5 
548 8 5 
549 8 5 
550 8 5 
551 8 5 
552 8 5 
553 8 5 
554 8 5 
555 8 5 
556 8 5 
557 8 5 
558 8 5 
559 8 5 
560 8 5 
561 8 5 
562 8 5 
563 8 5 
564 8 5 
565 8 5 
566 8 5 
567 8 5 
568 8 5 
569 8 5 
570 8 5 
571 5 5 
572 5 5 
573 1 5 
574 1 5 
575 1 5 
576 1 5 
577 1 5 
578 1 5 
579 1 5 
580 1 5 
581 1 5 
582 1 5 
583 1 5 
584 1 5 
585 1 5 
586 1 5 
587 1 5 
588 1 5 
589 1 5 
590 1 5 
591 1 5 
592 1 5 
593 1 5 
594 1 5 
595 1 5 
596 1 5 
597 1 5 
598 1 5 
;
end;
