param S := 808;
param T := 8;
param D := 5;
param windowsize := 0;

param A := 
1 3
2 2
3 32
4 88
5 129
6 13
7 9
8 9
9 4
10 7
11 125
12 22
13 2
14 22
15 7
16 9
17 4
18 4
19 9
20 2
21 61
22 31
23 13
24 4
25 2
26 2
27 27
28 10
29 53
30 157
31 55
32 65
33 15
34 55
35 15
36 55
37 6
38 12
39 18
40 8
41 4
42 17
43 0
44 0
45 90
46 86
47 72
48 86
49 179
50 106
51 133
52 107
53 160
54 37
55 110
56 110
57 25
58 3
59 2
60 9
61 4
62 14
63 3
64 7
65 72
66 9
67 18
68 53
69 22
70 44
71 18
72 44
73 44
74 12
75 106
76 18
77 12
78 48
79 6
80 28
81 28
82 7
83 5
84 2
85 3
86 27
87 20
88 4
89 30
90 15
91 14
92 14
93 14
94 18
95 21
96 6
97 5
98 23
99 27
100 9
101 18
102 31
103 12
104 22
105 9
106 2
107 40
108 88
109 22
110 4
111 13
112 9
113 22
114 9
115 18
116 12
117 91
118 14
119 61
120 75
121 75
122 12
123 134
124 3
125 96
126 9
127 7
128 11
129 2
130 9
131 17
132 3
133 48
134 79
135 79
136 238
137 61
138 107
139 70
140 4
141 5
142 2
143 1
144 10
145 129
146 18
147 54
148 129
149 0
150 18
151 158
152 64
153 42
154 107
155 107
156 106
157 187
158 221
159 186
160 86
161 21
162 7
163 8
164 12
165 4
166 9
167 7
168 5
169 13
170 13
171 40
172 20
173 91
174 160
175 11
176 34
177 22
178 106
179 11
180 36
181 44
182 2
183 44
184 4
185 44
186 88
187 13
188 22
189 44
190 4
191 9
192 35
193 2
194 18
195 24
196 146
197 46
198 51
199 25
200 122
201 12
202 24
203 17
204 8
205 20
206 11
207 66
208 44
209 7
210 53
211 8
212 21
213 12
214 9
215 40
216 22
217 13
218 27
219 19
220 8
221 5
222 4
223 4
224 3
225 4
226 4
227 44
228 0
229 39
230 39
231 9
232 2
233 9
234 1
235 8
236 13
237 7
238 42
239 13
240 9
241 3
242 0
243 20
244 22
245 44
246 53
247 22
248 8
249 6
250 24
251 59
252 52
253 9
254 36
255 12
256 0
257 0
258 9
259 4
260 37
261 4
262 8
263 4
264 4
265 0
266 4
267 44
268 72
269 0
270 13
271 21
272 18
273 2
274 13
275 13
276 9
277 15
278 8
279 44
280 7
281 133
282 53
283 44
284 42
285 14
286 88
287 55
288 14
289 48
290 70
291 4
292 4
293 9
294 9
295 4
296 36
297 22
298 5
299 2
300 18
301 11
302 7
303 3
304 0
305 7
306 7
307 15
308 7
309 2
310 4
311 4
312 2
313 2
314 122
315 61
316 11
317 4
318 8
319 46
320 8
321 8
322 0
323 21
324 15
325 8
326 44
327 5
328 98
329 5
330 7
331 61
332 48
333 238
334 193
335 47
336 6
337 69
338 0
339 10
340 4
341 2
342 8
343 4
344 79
345 28
346 14
347 22
348 4
349 4
350 101
351 31
352 30
353 0
354 9
355 100
356 25
357 107
358 11
359 6
360 1
361 19
362 21
363 10
364 41
365 30
366 10
367 13
368 3
369 7
370 24
371 2
372 14
373 18
374 44
375 50
376 27
377 11
378 2
379 10
380 2
381 22
382 2
383 9
384 8
385 2
386 72
387 20
388 86
389 44
390 106
391 7
392 4
393 100
394 92
395 42
396 36
397 18
398 110
399 7
400 53
401 2
402 139
403 2
404 9
405 17
406 48
407 3
408 18
409 18
410 0
411 18
412 55
413 9
414 2
415 11
416 13
417 18
418 133
419 13
420 36
421 33
422 19
423 32
424 13
425 3
426 18
427 12
428 9
429 9
430 4
431 13
432 9
433 127
434 42
435 13
436 9
437 31
438 7
439 13
440 0
441 1
442 0
443 0
444 7
445 0
446 4
447 13
448 2
449 4
450 4
451 7
452 4
453 2
454 7
455 18
456 18
457 4
458 7
459 8
460 9
461 4
462 2
463 4
464 4
465 4
466 8
467 8
468 30
469 2
470 15
471 9
472 16
473 2
474 86
475 9
476 27
477 65
478 61
479 62
480 24
481 24
482 62
483 23
484 20
485 24
486 24
487 5
488 2
489 1
490 2
491 12
492 3
493 12
494 4
495 0
496 17
497 51
498 134
499 55
500 4
501 9
502 5
503 9
504 2
505 25
506 126
507 50
508 75
509 211
510 267
511 24
512 26
513 47
514 22
515 21
516 24
517 37
518 68
519 35
520 179
521 18
522 13
523 13
524 36
525 36
526 9
527 22
528 44
529 26
530 21
531 40
532 4
533 7
534 2
535 4
536 7
537 3
538 9
539 4
540 7
541 9
542 7
543 7
544 16
545 33
546 9
547 18
548 8
549 11
550 5
551 64
552 129
553 80
554 49
555 72
556 20
557 32
558 12
559 0
560 12
561 24
562 0
563 24
564 0
565 12
566 52
567 52
568 12
569 9
570 59
571 59
572 12
573 8
574 8
575 10
576 55
577 22
578 110
579 12
580 5
581 1
582 7
583 2
584 18
585 6
586 14
587 3
588 7
589 3
590 4
591 2
592 12
593 4
594 5
595 7
596 12
597 12
598 18
599 36
600 18
601 18
602 52
603 26
604 80
605 62
606 8
607 133
608 112
609 18
610 215
611 72
612 44
613 44
614 4
615 11
616 4
617 9
618 13
619 13
620 4
621 11
622 18
623 22
624 51
625 66
626 133
627 16
628 4
629 7
630 9
631 6
632 4
633 8
634 2
635 21
636 110
637 4
638 34
639 3
640 75
641 128
642 109
643 73
644 91
645 73
646 73
647 52
648 91
649 84
650 55
651 474
652 4
653 2
654 18
655 2
656 7
657 9
658 5
659 0
660 7
661 9
662 19
663 30
664 22
665 5
666 44
667 44
668 13
669 9
670 9
671 9
672 2
673 7
674 72
675 71
676 8
677 166
678 72
679 18
680 19
681 13
682 55
683 146
684 52
685 106
686 88
687 88
688 122
689 106
690 122
691 129
692 133
693 110
694 8
695 5
696 9
697 129
698 265
699 221
700 110
701 106
702 86
703 106
704 265
705 27
706 38
707 27
708 36
709 46
710 65
711 23
712 159
713 6
714 7
715 27
716 76
717 76
718 28
719 55
720 18
721 110
722 222
723 42
724 11
725 5
726 22
727 12
728 12
729 9
730 9
731 4
732 60
733 44
734 13
735 14
736 4
737 8
738 2
739 9
740 0
741 0
742 4
743 18
744 9
745 6
746 4
747 5
748 44
749 7
750 59
751 3
752 9
753 9
754 36
755 0
756 2
757 22
758 11
759 9
760 66
761 24
762 44
763 40
764 18
765 11
766 14
767 22
768 7
769 7
770 9
771 7
772 9
773 4
774 18
775 9
776 22
777 7
778 9
779 35
780 44
781 22
782 7
783 20
784 9
785 100
786 100
787 109
788 221
789 44
790 88
791 19
792 221
793 64
794 221
795 38
796 93
797 107
798 7
799 11
800 18
801 8
802 5
803 5
804 7
805 6
806 11
807 18
808 13
;

param Ttarget := 
1 1 1000
2 1 1000
3 1 1000
4 1 1000
5 1 500
6 1 500
7 1 500
8 1 500
1 2 1000
2 2 1000
3 2 1000
4 2 1000
5 2 500
6 2 500
7 2 500
8 2 500
1 3 1000
2 3 1000
3 3 1000
4 3 1000
5 3 500
6 3 500
7 3 500
8 3 500
1 4 1000
2 4 1000
3 4 1000
4 4 1000
5 4 500
6 4 500
7 4 500
8 4 500
1 5 1000
2 5 1000
3 5 1000
4 5 1000
5 5 500
6 5 500
7 5 500
8 5 500
;

set Bannlisti := 
;
set Fixlisti := 
1 8 1 
2 8 1 
3 8 1 
4 8 1 
5 8 1 
6 8 1 
7 8 1 
8 8 1 
9 8 1 
10 8 1 
11 2 1 
12 8 1 
13 8 1 
14 8 1 
15 8 1 
16 8 1 
17 8 1 
18 8 1 
19 8 1 
20 8 1 
21 8 1 
22 8 1 
23 8 1 
24 8 1 
25 3 1 
26 3 1 
27 6 1 
28 6 1 
29 6 1 
30 6 1 
31 6 1 
32 6 1 
33 6 1 
34 6 1 
35 6 1 
36 6 1 
37 6 1 
38 6 1 
39 6 1 
40 6 1 
41 6 1 
42 6 1 
43 6 1 
44 6 1 
45 6 1 
46 6 1 
47 6 1 
48 6 1 
49 6 1 
50 6 1 
51 6 1 
52 6 1 
53 6 1 
54 6 1 
55 6 1 
56 6 1 
57 6 1 
58 6 1 
59 6 1 
60 6 1 
61 6 1 
62 7 1 
63 7 1 
64 7 1 
65 7 1 
66 7 1 
67 8 1 
68 8 1 
69 8 1 
70 8 1 
71 8 1 
72 8 1 
73 8 1 
74 8 1 
75 8 1 
76 8 1 
77 3 1 
78 3 1 
79 8 1 
80 8 1 
81 8 1 
82 8 1 
83 8 1 
84 8 1 
85 8 1 
86 7 1 
87 8 1 
88 8 1 
89 8 1 
90 8 1 
91 8 1 
92 8 1 
93 8 1 
94 8 1 
95 8 1 
96 8 1 
97 8 1 
98 8 1 
99 8 1 
100 8 1 
101 8 1 
102 8 1 
103 8 1 
104 8 1 
105 8 1 
106 8 1 
107 8 1 
108 8 1 
109 8 1 
110 8 1 
111 8 1 
112 8 1 
113 8 1 
114 8 1 
115 8 1 
116 2 1 
117 1 1 
118 1 1 
119 1 1 
120 1 1 
121 1 1 
122 1 1 
123 1 1 
124 1 1 
125 1 1 
126 1 1 
127 1 1 
128 1 1 
129 1 1 
130 1 1 
131 1 1 
132 1 1 
133 1 1 
134 1 1 
135 1 1 
136 1 1 
137 1 1 
138 1 1 
139 1 1 
140 1 1 
141 2 2 
142 2 2 
143 2 2 
144 2 2 
145 8 2 
146 8 2 
147 8 2 
148 8 2 
149 8 2 
150 8 2 
151 3 2 
152 3 2 
153 3 2 
154 3 2 
155 3 2 
156 3 2 
157 3 2 
158 3 2 
159 3 2 
160 3 2 
161 3 2 
162 3 2 
163 3 2 
164 3 2 
165 3 2 
166 3 2 
167 3 2 
168 3 2 
169 3 2 
170 3 2 
171 3 2 
172 3 2 
173 3 2 
174 3 2 
175 3 2 
176 3 2 
177 3 2 
178 3 2 
179 3 2 
180 3 2 
181 3 2 
182 3 2 
183 3 2 
184 3 2 
185 3 2 
186 3 2 
187 3 2 
188 3 2 
189 8 2 
190 8 2 
191 8 2 
192 3 2 
193 3 2 
194 2 2 
195 2 2 
196 2 2 
197 2 2 
198 2 2 
199 2 2 
200 3 2 
201 3 2 
202 3 2 
203 3 2 
204 3 2 
205 3 2 
206 3 2 
207 3 2 
208 3 2 
209 3 2 
210 3 2 
211 3 2 
212 3 2 
213 3 2 
214 3 2 
215 3 2 
216 3 2 
217 3 2 
218 8 2 
219 8 2 
220 8 2 
221 8 2 
222 8 2 
223 8 2 
224 8 2 
225 8 2 
226 8 2 
227 3 2 
228 3 2 
229 3 2 
230 3 2 
231 8 2 
232 8 2 
233 4 2 
234 4 2 
235 4 2 
236 8 2 
237 3 2 
238 6 2 
239 4 2 
240 4 2 
241 4 2 
242 8 2 
243 4 2 
244 4 2 
245 4 2 
246 4 2 
247 4 2 
248 4 2 
249 4 2 
250 4 2 
251 4 2 
252 4 2 
253 4 2 
254 4 2 
255 4 2 
256 4 2 
257 5 2 
258 5 2 
259 5 2 
260 5 2 
261 5 2 
262 5 2 
263 5 2 
264 5 2 
265 5 2 
266 5 2 
267 5 2 
268 5 2 
269 5 2 
270 5 2 
271 5 2 
272 5 2 
273 5 2 
274 5 2 
275 6 2 
276 6 2 
277 6 2 
278 6 2 
279 6 2 
280 6 2 
281 6 2 
282 6 2 
283 6 2 
284 6 2 
285 6 2 
286 6 2 
287 6 2 
288 6 2 
289 6 2 
290 6 2 
291 5 2 
292 5 2 
293 5 2 
294 5 2 
295 5 2 
296 5 2 
297 8 2 
298 8 2 
299 8 2 
300 8 2 
301 8 2 
302 8 2 
303 7 2 
304 7 2 
305 7 2 
306 7 2 
307 8 2 
308 8 2 
309 7 2 
310 7 2 
311 7 2 
312 7 2 
313 7 2 
314 7 2 
315 7 2 
316 7 2 
317 7 2 
318 7 2 
319 7 2 
320 7 2 
321 7 2 
322 7 2 
323 7 2 
324 7 2 
325 7 2 
326 8 2 
327 3 2 
328 5 2 
329 7 2 
330 7 2 
331 1 2 
332 1 2 
333 1 2 
334 1 2 
335 1 2 
336 1 2 
337 1 3 
338 1 3 
339 1 3 
340 1 3 
341 1 3 
342 1 3 
343 1 3 
344 1 3 
345 1 3 
346 3 3 
347 3 3 
348 3 3 
349 1 3 
350 1 3 
351 1 3 
352 1 3 
353 1 3 
354 1 3 
355 1 3 
356 1 3 
357 1 3 
358 2 3 
359 5 3 
360 4 3 
361 4 3 
362 8 3 
363 7 3 
364 1 3 
365 6 3 
366 6 3 
367 6 3 
368 6 3 
369 8 3 
370 8 3 
371 1 3 
372 2 3 
373 8 3 
374 8 3 
375 5 3 
376 8 3 
377 8 3 
378 8 3 
379 8 3 
380 8 3 
381 8 3 
382 8 3 
383 8 3 
384 7 3 
385 7 3 
386 7 3 
387 7 3 
388 7 3 
389 7 3 
390 7 3 
391 7 3 
392 7 3 
393 7 3 
394 7 3 
395 7 3 
396 7 3 
397 7 3 
398 7 3 
399 7 3 
400 7 3 
401 7 3 
402 7 3 
403 7 3 
404 7 3 
405 7 3 
406 7 3 
407 7 3 
408 7 3 
409 7 3 
410 7 3 
411 7 3 
412 7 3 
413 7 3 
414 7 3 
415 7 3 
416 7 3 
417 7 3 
418 7 3 
419 7 3 
420 7 3 
421 7 3 
422 7 3 
423 7 3 
424 7 3 
425 7 3 
426 7 3 
427 7 3 
428 7 3 
429 7 3 
430 7 3 
431 7 3 
432 7 3 
433 8 3 
434 8 3 
435 8 3 
436 8 3 
437 8 3 
438 8 3 
439 8 3 
440 7 3 
441 7 3 
442 7 3 
443 7 3 
444 7 3 
445 7 3 
446 7 3 
447 7 3 
448 7 3 
449 7 3 
450 7 3 
451 7 3 
452 7 3 
453 7 3 
454 7 3 
455 7 3 
456 7 3 
457 7 3 
458 7 3 
459 8 3 
460 8 3 
461 8 3 
462 8 3 
463 8 3 
464 8 3 
465 8 3 
466 8 3 
467 8 3 
468 8 3 
469 8 3 
470 6 3 
471 8 3 
472 3 3 
473 3 3 
474 5 3 
475 8 3 
476 8 3 
477 7 3 
478 7 3 
479 7 3 
480 7 3 
481 7 3 
482 7 3 
483 7 3 
484 7 3 
485 7 3 
486 8 3 
487 8 3 
488 8 3 
489 8 3 
490 8 3 
491 8 3 
492 8 3 
493 8 3 
494 8 3 
495 8 3 
496 1 3 
497 1 3 
498 1 3 
499 1 3 
500 1 3 
501 1 3 
502 1 3 
503 1 3 
504 1 3 
505 1 3 
506 1 3 
507 1 3 
508 1 3 
509 2 6 
510 2 6 
511 2 6 
512 2 6 
513 2 6 
514 2 6 
515 2 6 
516 2 6 
517 2 6 
518 2 6 
519 2 6 
520 2 6 
521 2 6 
522 2 6 
523 8 6 
524 8 6 
525 8 6 
526 8 6 
527 8 6 
528 8 6 
529 8 6 
530 8 6 
531 8 6 
532 8 6 
533 8 6 
534 8 6 
535 8 6 
536 8 6 
537 8 6 
538 8 6 
539 8 6 
540 8 6 
541 8 6 
542 8 6 
543 8 6 
544 2 6 
545 2 6 
546 2 6 
547 2 6 
548 2 6 
549 2 6 
550 2 6 
551 3 6 
552 3 6 
553 3 6 
554 3 6 
555 3 6 
556 3 6 
557 3 6 
558 3 6 
559 3 6 
560 3 6 
561 3 6 
562 3 6 
563 3 6 
564 3 6 
565 4 6 
566 4 6 
567 4 6 
568 4 6 
569 4 6 
570 4 6 
571 4 6 
572 4 6 
573 4 6 
574 4 6 
575 4 6 
576 4 6 
577 4 6 
578 4 6 
579 8 6 
580 8 6 
581 8 6 
582 8 6 
583 8 6 
584 8 6 
585 8 6 
586 8 6 
587 8 6 
588 8 6 
589 8 6 
590 8 6 
591 8 6 
592 8 6 
593 8 6 
594 8 6 
595 8 6 
596 8 6 
597 8 6 
598 8 6 
599 8 6 
600 8 6 
601 8 6 
602 5 6 
603 5 6 
604 5 6 
605 5 6 
606 5 6 
607 5 6 
608 5 6 
609 5 6 
610 5 6 
611 5 6 
612 5 6 
613 5 6 
614 5 6 
615 5 6 
616 5 6 
617 5 6 
618 8 6 
619 8 6 
620 8 6 
621 8 6 
622 8 6 
623 5 6 
624 5 6 
625 7 6 
626 7 6 
627 7 6 
628 7 6 
629 7 6 
630 5 6 
631 8 6 
632 2 6 
633 8 6 
634 8 6 
635 1 6 
636 1 6 
637 1 6 
638 1 6 
639 1 6 
640 1 6 
641 1 6 
642 1 6 
643 1 6 
644 1 6 
645 2 7 
646 2 7 
647 2 7 
648 2 7 
649 2 7 
650 2 7 
651 2 6 
652 3 7 
653 3 7 
654 3 7 
655 3 7 
656 3 7 
657 3 7 
658 3 7 
659 3 7 
660 3 7 
661 3 7 
662 3 7 
663 3 7 
664 3 7 
665 3 7 
666 3 7 
667 3 7 
668 3 7 
669 3 7 
670 3 7 
671 3 7 
672 3 7 
673 3 7 
674 3 7 
675 3 7 
676 3 7 
677 3 7 
678 3 7 
679 3 7 
680 3 7 
681 3 7 
682 3 7 
683 3 7 
684 3 7 
685 3 7 
686 3 7 
687 3 7 
688 3 7 
689 3 7 
690 3 7 
691 3 7 
692 3 7 
693 5 7 
694 2 7 
695 6 7 
696 6 7 
697 6 7 
698 6 7 
699 6 7 
700 6 7 
701 6 7 
702 6 7 
703 6 7 
704 6 7 
705 6 7 
706 6 7 
707 6 7 
708 6 7 
709 6 7 
710 6 7 
711 6 7 
712 6 7 
713 6 7 
714 6 7 
715 6 7 
716 6 7 
717 6 7 
718 6 7 
719 6 7 
720 6 7 
721 6 7 
722 6 7 
723 6 7 
724 6 7 
725 6 7 
726 6 7 
727 7 7 
728 7 7 
729 7 7 
730 7 7 
731 7 7 
732 7 7 
733 7 7 
734 7 7 
735 8 7 
736 7 7 
737 7 7 
738 7 7 
739 7 7 
740 7 7 
741 6 7 
742 8 7 
743 8 7 
744 8 7 
745 8 7 
746 8 7 
747 8 7 
748 8 7 
749 8 7 
750 8 7 
751 8 7 
752 8 7 
753 8 7 
754 8 7 
755 8 7 
756 8 7 
757 8 7 
758 8 7 
759 8 7 
760 8 7 
761 8 7 
762 8 7 
763 8 7 
764 8 7 
765 8 7 
766 8 7 
767 8 7 
768 8 7 
769 8 7 
770 8 7 
771 8 7 
772 8 7 
773 8 7 
774 8 7 
775 8 7 
776 8 7 
777 8 7 
778 8 7 
779 8 7 
780 8 7 
781 8 7 
782 8 7 
783 8 7 
784 8 7 
785 1 7 
786 1 7 
787 1 7 
788 1 7 
789 1 7 
790 1 7 
791 1 7 
792 1 7 
793 1 7 
794 1 7 
795 1 7 
796 1 7 
797 1 7 
798 1 7 
799 1 7 
800 1 7 
801 1 7 
802 1 7 
803 1 7 
804 1 7 
805 1 7 
806 1 7 
807 1 7 
808 1 7 
;
end;
