param S := 742;
param T := 8;
param D := 5;
param windowsize := 0;

param A := 
1 156
2 14
3 133
4 106
5 47
6 219
7 44
8 47
9 181
10 108
11 8
12 267
13 106
14 474
15 8
16 52
17 107
18 80
19 88
20 86
21 215
22 187
23 221
24 186
25 133
26 18
27 125
28 88
29 13
30 7
31 8
32 18
33 4
34 5
35 2
36 1
37 9
38 6
39 35
40 19
41 9
42 17
43 5
44 18
45 27
46 24
47 2
48 2
49 4
50 4
51 2
52 2
53 3
54 3
55 11
56 16
57 16
58 0
59 9
60 9
61 11
62 0
63 13
64 9
65 11
66 9
67 11
68 22
69 16
70 13
71 27
72 0
73 4
74 0
75 3
76 5
77 0
78 4
79 12
80 16
81 104
82 9
83 9
84 9
85 16
86 10
87 122
88 107
89 9
90 23
91 13
92 46
93 68
94 7
95 8
96 6
97 46
98 18
99 4
100 18
101 13
102 4
103 15
104 12
105 1
106 16
107 8
108 8
109 2
110 2
111 1
112 1
113 1
114 3
115 20
116 8
117 6
118 39
119 84
120 30
121 61
122 38
123 5
124 2
125 11
126 2
127 11
128 14
129 6
130 11
131 11
132 22
133 11
134 61
135 11
136 61
137 56
138 133
139 64
140 221
141 7
142 9
143 9
144 61
145 16
146 23
147 146
148 154
149 42
150 80
151 12
152 76
153 152
154 18
155 28
156 42
157 40
158 92
159 13
160 0
161 12
162 26
163 0
164 11
165 11
166 169
167 112
168 25
169 25
170 25
171 42
172 72
173 318
174 110
175 66
176 4
177 66
178 107
179 221
180 129
181 9
182 9
183 7
184 7
185 2
186 7
187 9
188 4
189 62
190 44
191 27
192 27
193 24
194 18
195 72
196 9
197 12
198 13
199 9
200 6
201 9
202 4
203 4
204 7
205 62
206 40
207 0
208 48
209 0
210 91
211 52
212 73
213 106
214 36
215 18
216 11
217 8
218 7
219 12
220 18
221 7
222 24
223 18
224 14
225 7
226 2
227 18
228 14
229 2
230 18
231 9
232 71
233 1
234 48
235 12
236 6
237 36
238 104
239 17
240 48
241 53
242 244
243 215
244 86
245 81
246 43
247 15
248 22
249 53
250 4
251 104
252 22
253 22
254 18
255 13
256 62
257 68
258 16
259 54
260 203
261 179
262 62
263 44
264 43
265 233
266 0
267 31
268 2
269 14
270 20
271 8
272 8
273 2
274 18
275 41
276 18
277 14
278 5
279 7
280 110
281 7
282 133
283 11
284 2
285 2
286 11
287 11
288 4
289 7
290 9
291 12
292 9
293 135
294 7
295 7
296 13
297 18
298 21
299 10
300 0
301 7
302 9
303 7
304 238
305 10
306 10
307 1
308 4
309 1
310 1
311 18
312 5
313 18
314 3
315 6
316 81
317 12
318 0
319 20
320 77
321 6
322 3
323 2
324 54
325 0
326 27
327 75
328 53
329 9
330 0
331 172
332 7
333 106
334 4
335 0
336 7
337 35
338 6
339 47
340 146
341 94
342 62
343 84
344 84
345 79
346 62
347 85
348 91
349 0
350 182
351 91
352 0
353 9
354 23
355 251
356 50
357 24
358 134
359 75
360 75
361 100
362 182
363 14
364 24
365 0
366 351
367 35
368 23
369 146
370 182
371 69
372 7
373 18
374 55
375 22
376 54
377 9
378 9
379 17
380 13
381 129
382 146
383 104
384 212
385 106
386 122
387 177
388 129
389 88
390 133
391 38
392 4
393 7
394 4
395 4
396 9
397 7
398 7
399 9
400 7
401 5
402 12
403 9
404 52
405 12
406 3
407 1
408 8
409 15
410 17
411 4
412 9
413 27
414 91
415 6
416 42
417 83
418 67
419 114
420 22
421 104
422 12
423 18
424 18
425 9
426 18
427 18
428 21
429 2
430 25
431 16
432 0
433 7
434 89
435 52
436 146
437 3
438 84
439 6
440 219
441 36
442 26
443 14
444 106
445 40
446 158
447 8
448 30
449 44
450 31
451 37
452 95
453 65
454 44
455 158
456 158
457 83
458 86
459 185
460 110
461 133
462 107
463 398
464 215
465 7
466 13
467 333
468 199
469 318
470 62
471 11
472 58
473 54
474 110
475 84
476 11
477 4
478 53
479 27
480 18
481 6
482 127
483 36
484 37
485 4
486 40
487 12
488 7
489 20
490 8
491 12
492 18
493 18
494 18
495 22
496 33
497 5
498 11
499 7
500 2
501 2
502 15
503 76
504 72
505 11
506 5
507 54
508 16
509 20
510 8
511 3
512 4
513 3
514 7
515 7
516 4
517 18
518 4
519 4
520 5
521 22
522 4
523 88
524 1
525 26
526 146
527 182
528 91
529 91
530 268
531 186
532 64
533 221
534 289
535 100
536 124
537 265
538 318
539 133
540 7
541 133
542 215
543 6
544 1
545 10
546 14
547 7
548 384
549 649
550 487
551 162
552 634
553 438
554 146
555 36
556 169
557 18
558 292
559 84
560 9
561 35
562 52
563 12
564 49
565 3
566 7
567 96
568 4
569 80
570 11
571 150
572 186
573 186
574 36
575 49
576 31
577 9
578 7
579 19
580 11
581 20
582 88
583 44
584 46
585 12
586 24
587 48
588 71
589 59
590 24
591 5
592 0
593 9
594 134
595 1
596 7
597 11
598 2
599 22
600 11
601 107
602 129
603 129
604 133
605 53
606 212
607 53
608 172
609 54
610 44
611 107
612 18
613 11
614 4
615 11
616 4
617 37
618 5
619 8
620 36
621 4
622 22
623 13
624 9
625 13
626 13
627 6
628 9
629 9
630 10
631 9
632 72
633 106
634 399
635 85
636 86
637 2
638 38
639 266
640 5
641 3
642 1
643 4
644 4
645 398
646 133
647 107
648 398
649 33
650 13
651 8
652 2
653 15
654 46
655 9
656 30
657 37
658 16
659 0
660 32
661 18
662 9
663 4
664 2
665 4
666 4
667 16
668 39
669 107
670 13
671 2
672 4
673 12
674 5
675 9
676 0
677 4
678 21
679 0
680 2
681 18
682 12
683 12
684 0
685 60
686 5
687 8
688 23
689 3
690 1
691 3
692 3
693 5
694 0
695 12
696 5
697 18
698 7
699 12
700 2
701 42
702 28
703 14
704 10
705 3
706 12
707 12
708 12
709 12
710 46
711 48
712 12
713 3
714 35
715 66
716 10
717 0
718 4
719 12
720 9
721 12
722 12
723 24
724 5
725 182
726 182
727 36
728 91
729 49
730 1
731 1
732 201
733 125
734 194
735 59
736 24
737 267
738 22
739 95
740 22
741 47
742 2
;

param Ttarget := 
1 1 1000
2 1 1000
3 1 1000
4 1 1000
5 1 500
6 1 500
7 1 500
8 1 500
1 2 1000
2 2 1000
3 2 1000
4 2 1000
5 2 500
6 2 500
7 2 500
8 2 500
1 3 1000
2 3 1000
3 3 1000
4 3 1000
5 3 500
6 3 500
7 3 500
8 3 500
1 4 1000
2 4 1000
3 4 1000
4 4 1000
5 4 500
6 4 500
7 4 500
8 4 500
1 5 1000
2 5 1000
3 5 1000
4 5 1000
5 5 500
6 5 500
7 5 500
8 5 500
;

set Bannlisti := 
;
set Fixlisti := 
1 1 1 
2 1 1 
3 1 1 
4 1 1 
5 1 1 
6 1 1 
7 1 1 
8 1 1 
9 6 1 
10 6 1 
11 8 1 
12 2 1 
13 2 1 
14 2 1 
15 7 1 
16 3 1 
17 3 1 
18 3 1 
19 3 1 
20 3 1 
21 3 1 
22 3 1 
23 3 1 
24 3 1 
25 3 1 
26 3 1 
27 3 1 
28 3 1 
29 3 1 
30 3 1 
31 3 1 
32 3 1 
33 3 1 
34 3 1 
35 8 1 
36 8 1 
37 8 1 
38 8 1 
39 4 1 
40 4 1 
41 8 1 
42 8 1 
43 7 1 
44 4 1 
45 4 1 
46 4 1 
47 4 1 
48 8 1 
49 8 1 
50 8 1 
51 8 1 
52 8 1 
53 8 1 
54 8 1 
55 8 1 
56 8 1 
57 8 1 
58 8 1 
59 8 1 
60 8 1 
61 8 1 
62 8 1 
63 8 1 
64 8 1 
65 8 1 
66 8 1 
67 8 1 
68 7 1 
69 7 1 
70 7 1 
71 7 1 
72 8 1 
73 8 1 
74 7 1 
75 7 1 
76 7 1 
77 7 1 
78 8 1 
79 8 1 
80 8 1 
81 7 1 
82 8 1 
83 8 1 
84 8 1 
85 8 1 
86 8 1 
87 7 1 
88 7 1 
89 7 1 
90 7 1 
91 7 1 
92 7 1 
93 7 1 
94 7 1 
95 7 1 
96 7 1 
97 7 1 
98 7 1 
99 7 1 
100 7 1 
101 7 1 
102 7 1 
103 7 1 
104 7 1 
105 7 1 
106 7 1 
107 7 1 
108 7 1 
109 7 1 
110 7 1 
111 7 1 
112 7 1 
113 7 1 
114 7 1 
115 8 1 
116 8 1 
117 8 1 
118 8 1 
119 8 1 
120 8 1 
121 8 1 
122 8 1 
123 8 1 
124 7 1 
125 7 1 
126 8 1 
127 8 1 
128 8 1 
129 1 1 
130 1 1 
131 1 1 
132 1 1 
133 1 1 
134 1 1 
135 1 1 
136 1 1 
137 1 1 
138 1 1 
139 1 1 
140 1 1 
141 1 1 
142 1 1 
143 1 1 
144 1 1 
145 1 1 
146 1 1 
147 1 1 
148 1 1 
149 1 1 
150 1 1 
151 1 1 
152 1 1 
153 1 1 
154 1 1 
155 1 1 
156 1 1 
157 1 1 
158 1 1 
159 1 2 
160 1 2 
161 8 2 
162 2 2 
163 2 2 
164 2 2 
165 2 2 
166 2 2 
167 2 2 
168 8 2 
169 8 2 
170 8 2 
171 1 2 
172 1 2 
173 1 2 
174 1 2 
175 1 2 
176 1 2 
177 1 2 
178 1 2 
179 1 2 
180 8 2 
181 8 2 
182 8 2 
183 8 2 
184 8 2 
185 8 2 
186 8 2 
187 2 2 
188 2 2 
189 2 2 
190 2 2 
191 2 2 
192 2 2 
193 2 2 
194 2 2 
195 2 2 
196 2 2 
197 2 2 
198 8 2 
199 8 2 
200 8 2 
201 8 2 
202 8 2 
203 8 2 
204 8 2 
205 8 2 
206 8 2 
207 8 2 
208 8 2 
209 2 2 
210 2 2 
211 2 2 
212 2 2 
213 2 2 
214 2 2 
215 8 2 
216 8 2 
217 8 2 
218 8 2 
219 8 2 
220 8 2 
221 8 2 
222 8 2 
223 8 2 
224 8 2 
225 8 2 
226 8 2 
227 8 2 
228 8 2 
229 8 2 
230 8 2 
231 8 2 
232 4 2 
233 4 2 
234 4 2 
235 4 2 
236 4 2 
237 4 2 
238 4 2 
239 4 2 
240 4 2 
241 4 2 
242 4 2 
243 4 2 
244 4 2 
245 4 2 
246 4 2 
247 4 2 
248 4 2 
249 5 2 
250 5 2 
251 5 2 
252 5 2 
253 5 2 
254 5 2 
255 5 2 
256 5 2 
257 5 2 
258 5 2 
259 5 2 
260 5 2 
261 5 2 
262 5 2 
263 5 2 
264 5 2 
265 5 2 
266 1 2 
267 1 2 
268 7 2 
269 7 2 
270 7 2 
271 7 2 
272 8 2 
273 7 2 
274 7 2 
275 7 2 
276 7 2 
277 7 2 
278 7 2 
279 7 2 
280 7 2 
281 7 2 
282 7 2 
283 7 2 
284 7 2 
285 7 2 
286 7 2 
287 5 2 
288 5 2 
289 5 2 
290 8 2 
291 8 2 
292 5 2 
293 2 2 
294 7 2 
295 7 2 
296 7 2 
297 7 2 
298 7 2 
299 7 2 
300 7 2 
301 7 2 
302 7 2 
303 7 2 
304 8 2 
305 7 2 
306 7 2 
307 8 2 
308 8 2 
309 8 2 
310 8 2 
311 7 2 
312 8 2 
313 8 2 
314 8 2 
315 8 2 
316 8 2 
317 1 2 
318 1 2 
319 1 2 
320 1 2 
321 7 2 
322 1 2 
323 1 2 
324 1 2 
325 1 2 
326 1 2 
327 6 2 
328 6 2 
329 6 2 
330 1 2 
331 1 2 
332 8 2 
333 6 2 
334 8 2 
335 8 2 
336 8 2 
337 4 2 
338 1 3 
339 1 3 
340 1 3 
341 1 3 
342 1 3 
343 1 3 
344 1 3 
345 1 3 
346 1 3 
347 1 3 
348 1 3 
349 1 3 
350 1 3 
351 1 3 
352 1 3 
353 1 3 
354 1 3 
355 1 3 
356 1 3 
357 1 3 
358 1 3 
359 1 3 
360 1 3 
361 1 3 
362 1 3 
363 1 3 
364 1 3 
365 1 3 
366 1 3 
367 1 3 
368 1 3 
369 2 3 
370 2 3 
371 2 3 
372 3 3 
373 3 3 
374 3 3 
375 3 3 
376 3 3 
377 3 3 
378 3 3 
379 3 3 
380 3 3 
381 3 3 
382 3 3 
383 3 3 
384 3 3 
385 3 3 
386 3 3 
387 3 3 
388 3 3 
389 3 3 
390 3 3 
391 3 3 
392 3 3 
393 3 3 
394 3 3 
395 3 3 
396 3 3 
397 3 3 
398 3 3 
399 3 3 
400 3 3 
401 3 3 
402 3 3 
403 3 3 
404 3 3 
405 3 3 
406 3 3 
407 3 3 
408 3 3 
409 3 3 
410 3 3 
411 3 3 
412 3 3 
413 3 3 
414 3 3 
415 3 3 
416 3 3 
417 3 3 
418 3 3 
419 3 3 
420 3 3 
421 4 3 
422 8 3 
423 3 3 
424 3 3 
425 3 3 
426 3 3 
427 3 3 
428 3 3 
429 3 3 
430 3 3 
431 3 3 
432 8 3 
433 8 3 
434 1 3 
435 4 3 
436 4 3 
437 8 3 
438 2 3 
439 2 3 
440 2 3 
441 2 3 
442 2 3 
443 2 3 
444 6 3 
445 6 3 
446 6 3 
447 6 3 
448 6 3 
449 6 3 
450 6 3 
451 6 3 
452 6 3 
453 6 3 
454 6 3 
455 6 3 
456 6 3 
457 6 3 
458 6 3 
459 6 3 
460 6 3 
461 6 3 
462 6 3 
463 6 3 
464 6 3 
465 6 3 
466 6 3 
467 6 3 
468 6 3 
469 6 3 
470 6 3 
471 6 3 
472 6 3 
473 6 3 
474 6 3 
475 6 3 
476 6 3 
477 6 3 
478 6 3 
479 6 3 
480 6 3 
481 6 3 
482 8 3 
483 8 3 
484 8 3 
485 8 3 
486 8 3 
487 7 3 
488 7 3 
489 7 3 
490 7 3 
491 7 3 
492 7 3 
493 7 3 
494 7 3 
495 8 3 
496 8 3 
497 8 3 
498 8 3 
499 8 3 
500 6 3 
501 6 3 
502 8 3 
503 8 3 
504 6 3 
505 6 3 
506 6 3 
507 6 3 
508 6 3 
509 6 3 
510 6 3 
511 8 3 
512 8 3 
513 8 3 
514 8 3 
515 8 3 
516 8 3 
517 8 3 
518 8 3 
519 8 3 
520 8 3 
521 8 3 
522 8 3 
523 6 3 
524 8 3 
525 1 3 
526 1 3 
527 1 3 
528 1 3 
529 1 3 
530 1 4 
531 1 4 
532 1 4 
533 1 4 
534 1 4 
535 1 4 
536 1 4 
537 1 4 
538 1 4 
539 1 4 
540 8 4 
541 1 4 
542 1 4 
543 1 4 
544 1 4 
545 1 4 
546 1 4 
547 1 4 
548 1 4 
549 1 4 
550 1 4 
551 1 4 
552 1 4 
553 2 4 
554 2 4 
555 2 4 
556 2 4 
557 2 4 
558 2 4 
559 2 4 
560 2 4 
561 3 4 
562 3 4 
563 3 4 
564 3 4 
565 3 4 
566 3 4 
567 3 4 
568 3 4 
569 3 4 
570 3 4 
571 3 4 
572 3 4 
573 3 4 
574 3 4 
575 3 4 
576 3 4 
577 3 4 
578 3 4 
579 3 4 
580 3 4 
581 3 4 
582 4 4 
583 4 4 
584 4 4 
585 4 4 
586 4 4 
587 4 4 
588 4 4 
589 4 4 
590 4 4 
591 4 4 
592 4 4 
593 4 4 
594 4 4 
595 4 4 
596 5 4 
597 5 4 
598 5 4 
599 5 4 
600 5 4 
601 4 4 
602 4 4 
603 4 4 
604 4 4 
605 4 4 
606 4 4 
607 4 4 
608 4 4 
609 4 4 
610 4 4 
611 5 4 
612 5 4 
613 5 4 
614 5 4 
615 5 4 
616 5 4 
617 5 4 
618 5 4 
619 3 4 
620 3 4 
621 3 4 
622 3 4 
623 6 4 
624 6 4 
625 6 4 
626 6 4 
627 6 4 
628 6 4 
629 6 4 
630 6 4 
631 3 4 
632 6 4 
633 6 4 
634 6 4 
635 6 4 
636 6 4 
637 6 4 
638 6 4 
639 6 4 
640 7 4 
641 7 4 
642 8 4 
643 8 4 
644 8 4 
645 6 4 
646 6 4 
647 6 4 
648 6 4 
649 8 4 
650 8 4 
651 8 4 
652 8 4 
653 7 4 
654 7 4 
655 7 4 
656 7 4 
657 7 4 
658 7 4 
659 7 4 
660 7 4 
661 7 4 
662 7 4 
663 7 4 
664 7 4 
665 7 4 
666 7 4 
667 7 4 
668 8 4 
669 8 4 
670 8 4 
671 8 4 
672 8 4 
673 8 4 
674 6 4 
675 8 4 
676 7 4 
677 8 4 
678 8 4 
679 7 4 
680 7 4 
681 7 4 
682 8 4 
683 8 4 
684 4 4 
685 4 4 
686 8 4 
687 7 4 
688 7 4 
689 7 4 
690 7 4 
691 7 4 
692 7 4 
693 7 4 
694 7 4 
695 7 4 
696 7 4 
697 8 4 
698 8 4 
699 8 4 
700 8 4 
701 8 4 
702 8 4 
703 8 4 
704 8 4 
705 8 4 
706 8 4 
707 3 4 
708 3 4 
709 3 4 
710 3 4 
711 3 4 
712 3 4 
713 3 4 
714 6 4 
715 5 4 
716 5 4 
717 5 4 
718 5 4 
719 7 4 
720 8 4 
721 7 4 
722 4 4 
723 7 4 
724 7 4 
725 1 4 
726 1 4 
727 1 4 
728 1 4 
729 1 4 
730 1 4 
731 1 4 
732 1 4 
733 1 4 
734 1 4 
735 1 4 
736 1 4 
737 1 4 
738 1 4 
739 1 4 
740 1 4 
741 1 4 
742 1 4 
;
end;
