param S := 686;
param T := 8;
param D := 5;
param windowsize := 0;

param A := 
1 84
2 134
3 103
4 128
5 146
6 69
7 42
8 18
9 13
10 18
11 80
12 50
13 4
14 14
15 4
16 28
17 31
18 51
19 177
20 19
21 13
22 32
23 146
24 72
25 44
26 9
27 44
28 13
29 27
30 24
31 5
32 46
33 72
34 68
35 44
36 38
37 179
38 5
39 7
40 0
41 1
42 0
43 65
44 19
45 12
46 28
47 38
48 53
49 48
50 141
51 37
52 43
53 36
54 110
55 86
56 3
57 3
58 53
59 5
60 5
61 11
62 9
63 4
64 4
65 9
66 5
67 2
68 8
69 27
70 27
71 38
72 93
73 67
74 11
75 38
76 72
77 83
78 30
79 111
80 221
81 75
82 106
83 88
84 172
85 179
86 133
87 6
88 19
89 6
90 9
91 9
92 0
93 10
94 49
95 27
96 53
97 53
98 20
99 53
100 133
101 18
102 46
103 51
104 28
105 13
106 13
107 26
108 9
109 36
110 7
111 22
112 11
113 1
114 3
115 2
116 7
117 9
118 9
119 7
120 45
121 27
122 18
123 0
124 5
125 38
126 110
127 72
128 139
129 53
130 100
131 27
132 18
133 5
134 3
135 15
136 14
137 28
138 42
139 14
140 46
141 27
142 5
143 10
144 5
145 3
146 2
147 4
148 5
149 133
150 9
151 6
152 0
153 2
154 4
155 1
156 0
157 36
158 80
159 27
160 50
161 50
162 24
163 50
164 5
165 5
166 5
167 9
168 24
169 18
170 126
171 27
172 95
173 58
174 21
175 154
176 91
177 16
178 73
179 81
180 24
181 30
182 14
183 13
184 7
185 2
186 3
187 10
188 49
189 12
190 95
191 168
192 7
193 14
194 4
195 6
196 73
197 24
198 129
199 18
200 18
201 18
202 76
203 129
204 2
205 9
206 22
207 11
208 63
209 110
210 215
211 7
212 2
213 16
214 5
215 5
216 1
217 8
218 26
219 12
220 12
221 24
222 8
223 30
224 76
225 17
226 36
227 27
228 9
229 22
230 13
231 5
232 5
233 13
234 13
235 5
236 2
237 62
238 44
239 7
240 25
241 38
242 4
243 23
244 8
245 4
246 12
247 8
248 7
249 186
250 20
251 150
252 6
253 12
254 24
255 24
256 86
257 36
258 48
259 24
260 81
261 64
262 40
263 11
264 20
265 2
266 5
267 6
268 1
269 7
270 7
271 6
272 18
273 7
274 100
275 2
276 18
277 44
278 26
279 20
280 25
281 25
282 0
283 0
284 44
285 31
286 179
287 36
288 44
289 30
290 13
291 16
292 14
293 8
294 72
295 55
296 13
297 13
298 13
299 25
300 11
301 22
302 18
303 27
304 11
305 97
306 22
307 36
308 90
309 4
310 11
311 14
312 10
313 4
314 23
315 24
316 14
317 4
318 4
319 1
320 1
321 3
322 4
323 5
324 8
325 5
326 24
327 1
328 1
329 4
330 2
331 2
332 2
333 4
334 27
335 4
336 13
337 2
338 2
339 1
340 28
341 50
342 50
343 226
344 50
345 146
346 91
347 109
348 146
349 55
350 73
351 182
352 35
353 109
354 84
355 36
356 106
357 106
358 292
359 3
360 40
361 27
362 4
363 2
364 7
365 4
366 4
367 2
368 2
369 4
370 8
371 2
372 9
373 44
374 13
375 7
376 5
377 30
378 86
379 98
380 250
381 7
382 64
383 146
384 133
385 106
386 86
387 115
388 88
389 150
390 86
391 133
392 4
393 36
394 71
395 23
396 44
397 36
398 9
399 72
400 45
401 4
402 19
403 6
404 53
405 7
406 8
407 18
408 36
409 22
410 22
411 40
412 2
413 9
414 4
415 4
416 4
417 13
418 4
419 4
420 2
421 28
422 94
423 42
424 150
425 107
426 86
427 265
428 4
429 7
430 4
431 4
432 4
433 4
434 2
435 2
436 5
437 4
438 2
439 7
440 66
441 5
442 7
443 27
444 40
445 94
446 44
447 27
448 7
449 9
450 7
451 7
452 24
453 4
454 4
455 0
456 55
457 4
458 4
459 8
460 4
461 2
462 0
463 9
464 6
465 13
466 8
467 9
468 9
469 4
470 4
471 9
472 7
473 14
474 9
475 13
476 9
477 22
478 9
479 4
480 9
481 22
482 18
483 4
484 14
485 18
486 4
487 6
488 2
489 2
490 4
491 2
492 2
493 2
494 8
495 18
496 22
497 27
498 27
499 193
500 106
501 265
502 221
503 133
504 40
505 10
506 0
507 6
508 15
509 46
510 101
511 131
512 18
513 143
514 104
515 14
516 76
517 8
518 17
519 75
520 50
521 28
522 17
523 130
524 24
525 109
526 182
527 6
528 11
529 5
530 5
531 28
532 177
533 221
534 88
535 134
536 73
537 64
538 221
539 106
540 168
541 113
542 2
543 2
544 26
545 4
546 12
547 47
548 237
549 146
550 91
551 23
552 24
553 134
554 0
555 47
556 296
557 35
558 18
559 72
560 11
561 88
562 35
563 28
564 93
565 5
566 4
567 2
568 2
569 11
570 129
571 44
572 150
573 12
574 25
575 9
576 26
577 24
578 36
579 24
580 24
581 108
582 6
583 129
584 129
585 12
586 52
587 1
588 0
589 0
590 52
591 59
592 36
593 12
594 134
595 203
596 119
597 203
598 69
599 18
600 47
601 44
602 44
603 44
604 18
605 29
606 100
607 107
608 27
609 10
610 7
611 34
612 54
613 14
614 22
615 44
616 127
617 9
618 43
619 110
620 97
621 69
622 5
623 13
624 4
625 27
626 8
627 4
628 13
629 18
630 8
631 11
632 9
633 2
634 2
635 12
636 6
637 6
638 4
639 12
640 12
641 1
642 28
643 28
644 2
645 6
646 9
647 4
648 7
649 2
650 4
651 4
652 7
653 23
654 65
655 8
656 11
657 8
658 30
659 1
660 9
661 3
662 10
663 1
664 3
665 0
666 1
667 0
668 1
669 1
670 4
671 3
672 1
673 1
674 9
675 4
676 0
677 182
678 36
679 182
680 31
681 23
682 21
683 8
684 21
685 5
686 96
;

param Ttarget := 
1 1 1000
2 1 1000
3 1 1000
4 1 1000
5 1 500
6 1 500
7 1 500
8 1 500
1 2 1000
2 2 1000
3 2 1000
4 2 1000
5 2 500
6 2 500
7 2 500
8 2 500
1 3 1000
2 3 1000
3 3 1000
4 3 1000
5 3 500
6 3 500
7 3 500
8 3 500
1 4 1000
2 4 1000
3 4 1000
4 4 1000
5 4 500
6 4 500
7 4 500
8 4 500
1 5 1000
2 5 1000
3 5 1000
4 5 1000
5 5 500
6 5 500
7 5 500
8 5 500
;

set Bannlisti := 
;
set Fixlisti := 
1 2 1 
2 2 1 
3 2 1 
4 2 1 
5 2 1 
6 2 1 
7 2 1 
8 2 1 
9 2 1 
10 2 1 
11 2 1 
12 2 1 
13 2 1 
14 2 1 
15 2 1 
16 2 1 
17 2 1 
18 2 1 
19 2 1 
20 2 1 
21 2 1 
22 2 1 
23 2 1 
24 2 1 
25 2 1 
26 2 1 
27 2 1 
28 2 1 
29 2 1 
30 2 1 
31 2 1 
32 2 1 
33 2 1 
34 2 1 
35 2 1 
36 2 1 
37 2 1 
38 6 1 
39 4 1 
40 4 1 
41 1 1 
42 1 1 
43 4 1 
44 4 1 
45 4 1 
46 6 1 
47 6 1 
48 6 1 
49 6 1 
50 6 1 
51 6 1 
52 6 1 
53 6 1 
54 6 1 
55 6 1 
56 6 1 
57 6 1 
58 6 1 
59 6 1 
60 6 1 
61 6 1 
62 6 1 
63 6 1 
64 6 1 
65 6 1 
66 6 1 
67 6 1 
68 6 1 
69 6 1 
70 6 1 
71 6 1 
72 6 1 
73 6 1 
74 6 1 
75 6 1 
76 6 1 
77 6 1 
78 6 1 
79 6 1 
80 6 1 
81 6 1 
82 6 1 
83 6 1 
84 6 1 
85 6 1 
86 6 1 
87 6 1 
88 6 1 
89 6 1 
90 6 1 
91 6 1 
92 6 1 
93 6 1 
94 6 1 
95 6 1 
96 6 1 
97 6 1 
98 6 1 
99 6 1 
100 6 1 
101 6 1 
102 6 1 
103 6 1 
104 6 1 
105 6 1 
106 6 1 
107 7 1 
108 7 1 
109 7 1 
110 7 1 
111 7 1 
112 8 1 
113 7 1 
114 8 1 
115 8 1 
116 8 1 
117 7 1 
118 7 1 
119 7 1 
120 7 1 
121 7 1 
122 7 1 
123 7 1 
124 7 1 
125 7 1 
126 7 1 
127 7 1 
128 7 1 
129 7 1 
130 7 1 
131 7 1 
132 7 1 
133 7 1 
134 6 1 
135 7 1 
136 7 1 
137 7 1 
138 7 1 
139 7 1 
140 7 1 
141 7 1 
142 8 1 
143 8 1 
144 7 1 
145 7 1 
146 7 1 
147 8 1 
148 8 1 
149 8 1 
150 8 1 
151 7 1 
152 7 1 
153 7 1 
154 7 1 
155 7 1 
156 7 1 
157 8 1 
158 1 4 
159 1 4 
160 1 4 
161 1 4 
162 1 4 
163 1 4 
164 1 4 
165 1 4 
166 1 4 
167 1 1 
168 1 1 
169 1 1 
170 1 1 
171 1 1 
172 1 1 
173 1 1 
174 1 1 
175 1 1 
176 1 4 
177 1 4 
178 1 4 
179 1 4 
180 1 4 
181 1 4 
182 1 4 
183 1 4 
184 1 4 
185 1 4 
186 1 4 
187 2 4 
188 2 4 
189 2 4 
190 2 4 
191 2 4 
192 8 4 
193 8 4 
194 8 4 
195 8 4 
196 8 4 
197 8 4 
198 8 4 
199 8 4 
200 8 4 
201 8 4 
202 8 4 
203 8 4 
204 8 4 
205 8 4 
206 8 4 
207 8 4 
208 8 4 
209 8 4 
210 8 4 
211 8 4 
212 8 4 
213 8 4 
214 8 4 
215 8 4 
216 8 4 
217 3 4 
218 3 4 
219 3 4 
220 3 4 
221 3 4 
222 3 4 
223 3 4 
224 3 4 
225 3 4 
226 3 4 
227 3 4 
228 3 4 
229 3 4 
230 3 4 
231 3 4 
232 3 4 
233 3 4 
234 3 4 
235 3 4 
236 3 4 
237 3 4 
238 3 4 
239 3 4 
240 3 4 
241 3 4 
242 3 4 
243 3 4 
244 3 4 
245 3 4 
246 3 4 
247 3 4 
248 3 4 
249 3 4 
250 3 4 
251 3 4 
252 4 4 
253 4 4 
254 4 4 
255 4 4 
256 4 4 
257 4 4 
258 4 4 
259 4 4 
260 4 4 
261 4 4 
262 4 4 
263 4 4 
264 3 4 
265 8 4 
266 8 4 
267 8 4 
268 8 4 
269 8 4 
270 8 4 
271 8 4 
272 8 4 
273 8 4 
274 8 4 
275 8 4 
276 8 4 
277 5 4 
278 5 4 
279 1 4 
280 1 4 
281 1 4 
282 1 4 
283 1 4 
284 5 4 
285 5 4 
286 5 4 
287 5 4 
288 5 4 
289 5 4 
290 5 4 
291 5 4 
292 7 4 
293 7 4 
294 7 4 
295 7 4 
296 7 4 
297 7 4 
298 7 4 
299 7 4 
300 7 4 
301 7 4 
302 7 4 
303 1 4 
304 7 4 
305 7 4 
306 7 4 
307 8 4 
308 7 4 
309 7 4 
310 7 4 
311 7 4 
312 7 4 
313 7 4 
314 7 4 
315 8 4 
316 8 4 
317 8 4 
318 8 4 
319 8 4 
320 8 4 
321 8 4 
322 8 4 
323 8 4 
324 8 4 
325 8 4 
326 8 4 
327 1 4 
328 1 4 
329 6 4 
330 6 4 
331 3 4 
332 3 4 
333 1 4 
334 1 4 
335 1 4 
336 1 4 
337 8 4 
338 8 4 
339 1 5 
340 1 5 
341 1 4 
342 1 4 
343 1 4 
344 1 4 
345 1 4 
346 1 4 
347 1 4 
348 1 4 
349 1 4 
350 1 4 
351 2 5 
352 2 5 
353 2 5 
354 2 5 
355 2 5 
356 2 5 
357 2 5 
358 2 5 
359 2 5 
360 8 5 
361 8 5 
362 8 5 
363 8 5 
364 8 5 
365 8 5 
366 8 5 
367 8 5 
368 8 5 
369 8 5 
370 8 5 
371 8 5 
372 3 5 
373 3 5 
374 3 5 
375 3 5 
376 3 5 
377 3 5 
378 3 5 
379 3 5 
380 3 5 
381 3 5 
382 3 5 
383 3 5 
384 3 5 
385 3 5 
386 3 5 
387 3 5 
388 3 5 
389 3 5 
390 3 5 
391 3 5 
392 3 5 
393 3 5 
394 3 5 
395 3 5 
396 3 5 
397 3 5 
398 3 5 
399 3 5 
400 3 5 
401 3 5 
402 3 5 
403 3 5 
404 3 5 
405 3 5 
406 3 5 
407 3 5 
408 3 5 
409 3 5 
410 3 5 
411 3 5 
412 3 5 
413 3 5 
414 3 5 
415 3 5 
416 3 5 
417 3 5 
418 3 5 
419 3 5 
420 3 5 
421 3 5 
422 6 5 
423 6 5 
424 6 5 
425 6 5 
426 6 5 
427 6 5 
428 8 5 
429 7 5 
430 7 5 
431 7 5 
432 7 5 
433 8 5 
434 8 5 
435 8 5 
436 8 5 
437 8 5 
438 8 5 
439 8 5 
440 8 5 
441 8 5 
442 8 5 
443 8 5 
444 7 5 
445 7 5 
446 7 5 
447 7 5 
448 8 5 
449 8 5 
450 8 5 
451 8 5 
452 8 5 
453 6 5 
454 6 5 
455 6 5 
456 6 5 
457 8 5 
458 8 5 
459 8 5 
460 8 5 
461 8 5 
462 8 5 
463 7 5 
464 7 5 
465 7 5 
466 8 5 
467 8 5 
468 8 5 
469 8 5 
470 8 5 
471 8 5 
472 8 5 
473 8 5 
474 8 5 
475 8 5 
476 8 5 
477 8 5 
478 8 5 
479 8 5 
480 8 5 
481 8 5 
482 8 5 
483 2 5 
484 8 5 
485 8 5 
486 8 5 
487 8 5 
488 8 5 
489 8 5 
490 8 5 
491 8 5 
492 8 5 
493 8 5 
494 8 5 
495 8 5 
496 8 5 
497 8 5 
498 8 5 
499 1 6 
500 1 6 
501 1 6 
502 1 6 
503 1 6 
504 1 6 
505 1 6 
506 1 5 
507 1 5 
508 1 6 
509 1 6 
510 1 6 
511 1 6 
512 1 6 
513 1 6 
514 1 6 
515 1 6 
516 1 6 
517 1 6 
518 1 6 
519 1 6 
520 1 6 
521 1 6 
522 1 6 
523 1 6 
524 1 6 
525 1 6 
526 1 6 
527 1 6 
528 1 6 
529 1 6 
530 1 6 
531 1 6 
532 1 6 
533 1 6 
534 1 6 
535 1 6 
536 1 6 
537 1 6 
538 1 6 
539 1 6 
540 1 6 
541 1 6 
542 8 6 
543 8 6 
544 2 6 
545 2 6 
546 2 6 
547 2 6 
548 2 6 
549 2 6 
550 2 6 
551 2 6 
552 2 6 
553 2 6 
554 8 6 
555 8 6 
556 2 6 
557 2 6 
558 2 6 
559 2 6 
560 2 6 
561 2 6 
562 2 6 
563 2 6 
564 2 6 
565 2 6 
566 2 6 
567 2 6 
568 2 6 
569 3 6 
570 3 6 
571 3 6 
572 3 6 
573 3 6 
574 3 6 
575 3 6 
576 3 6 
577 3 6 
578 3 6 
579 3 6 
580 3 6 
581 3 6 
582 8 6 
583 4 6 
584 4 6 
585 4 6 
586 4 6 
587 4 6 
588 4 6 
589 4 6 
590 4 6 
591 4 6 
592 4 6 
593 4 6 
594 4 6 
595 5 6 
596 5 6 
597 5 6 
598 5 6 
599 5 6 
600 5 6 
601 5 6 
602 5 6 
603 5 6 
604 5 6 
605 5 6 
606 5 6 
607 5 6 
608 5 6 
609 5 6 
610 5 6 
611 1 6 
612 5 6 
613 5 6 
614 8 6 
615 8 6 
616 8 6 
617 8 6 
618 5 6 
619 5 6 
620 7 6 
621 7 6 
622 7 6 
623 8 6 
624 8 6 
625 8 6 
626 8 6 
627 8 6 
628 8 6 
629 7 6 
630 7 6 
631 7 6 
632 1 6 
633 7 6 
634 7 6 
635 3 6 
636 3 6 
637 3 6 
638 3 6 
639 8 6 
640 8 6 
641 8 6 
642 8 6 
643 8 6 
644 8 6 
645 8 6 
646 7 6 
647 7 6 
648 7 6 
649 7 6 
650 7 6 
651 7 6 
652 7 6 
653 7 6 
654 7 6 
655 7 6 
656 7 6 
657 7 6 
658 7 6 
659 7 6 
660 7 6 
661 7 6 
662 8 6 
663 7 6 
664 7 6 
665 7 6 
666 7 6 
667 7 6 
668 7 6 
669 7 6 
670 7 6 
671 7 6 
672 7 6 
673 7 6 
674 8 6 
675 8 6 
676 1 6 
677 1 6 
678 1 6 
679 1 6 
680 1 6 
681 1 6 
682 1 6 
683 1 6 
684 1 6 
685 1 6 
686 1 6 
;
end;
