param S := 938;
param T := 8;
param D := 5;
param windowsize := 0;

param A := 
1 17
2 24
3 75
4 17
5 24
6 91
7 182
8 36
9 91
10 36
11 91
12 18
13 0
14 133
15 212
16 7
17 7
18 5
19 88
20 40
21 221
22 318
23 44
24 64
25 34
26 215
27 7
28 13
29 9
30 7
31 9
32 2
33 8
34 2
35 1
36 9
37 253
38 84
39 73
40 3
41 63
42 24
43 22
44 61
45 55
46 15
47 4
48 9
49 30
50 8
51 9
52 9
53 4
54 12
55 11
56 146
57 164
58 146
59 18
60 98
61 133
62 86
63 129
64 17
65 35
66 24
67 11
68 12
69 3
70 158
71 52
72 265
73 88
74 86
75 150
76 150
77 86
78 106
79 107
80 8
81 49
82 9
83 8
84 7
85 7
86 11
87 24
88 80
89 22
90 150
91 186
92 102
93 20
94 6
95 2
96 9
97 9
98 36
99 48
100 36
101 12
102 52
103 86
104 71
105 129
106 22
107 18
108 15
109 22
110 22
111 16
112 8
113 37
114 69
115 53
116 88
117 215
118 60
119 215
120 36
121 22
122 4
123 11
124 4
125 18
126 11
127 50
128 134
129 14
130 14
131 8
132 35
133 12
134 4
135 13
136 9
137 9
138 1
139 2
140 3
141 12
142 14
143 12
144 4
145 56
146 70
147 7
148 7
149 3
150 6
151 72
152 4
153 4
154 4
155 4
156 2
157 2
158 18
159 2
160 13
161 52
162 5
163 2
164 12
165 12
166 12
167 48
168 48
169 12
170 2
171 97
172 5
173 9
174 7
175 4
176 182
177 100
178 100
179 48
180 30
181 11
182 5
183 16
184 5
185 16
186 28
187 11
188 11
189 152
190 43
191 101
192 29
193 40
194 101
195 62
196 289
197 32
198 146
199 26
200 31
201 72
202 88
203 44
204 4
205 2
206 4
207 2
208 7
209 2
210 1
211 1
212 2
213 2
214 9
215 1
216 2
217 79
218 0
219 9
220 15
221 17
222 1
223 1
224 7
225 7
226 22
227 39
228 17
229 6
230 8
231 10
232 9
233 11
234 4
235 9
236 24
237 36
238 22
239 50
240 2
241 2
242 18
243 13
244 2
245 4
246 11
247 6
248 4
249 19
250 4
251 4
252 5
253 318
254 9
255 7
256 27
257 27
258 11
259 12
260 5
261 107
262 106
263 86
264 177
265 52
266 83
267 23
268 3
269 24
270 14
271 9
272 88
273 32
274 74
275 44
276 22
277 18
278 13
279 22
280 13
281 22
282 20
283 27
284 28
285 31
286 53
287 84
288 110
289 28
290 23
291 55
292 398
293 9
294 24
295 8
296 9
297 7
298 6
299 4
300 9
301 9
302 22
303 90
304 23
305 21
306 80
307 18
308 54
309 77
310 9
311 16
312 4
313 107
314 64
315 61
316 86
317 333
318 150
319 107
320 88
321 72
322 133
323 210
324 133
325 35
326 52
327 48
328 38
329 51
330 3
331 5
332 6
333 2
334 21
335 21
336 13
337 1
338 1
339 2
340 4
341 5
342 1
343 1
344 4
345 76
346 46
347 28
348 7
349 0
350 9
351 47
352 18
353 46
354 72
355 53
356 13
357 221
358 22
359 133
360 11
361 5
362 15
363 28
364 8
365 13
366 16
367 2
368 2
369 10
370 5
371 2
372 5
373 1
374 0
375 1
376 1
377 1
378 1
379 3
380 8
381 5
382 1
383 9
384 5
385 4
386 12
387 0
388 0
389 3
390 69
391 7
392 27
393 9
394 11
395 2
396 4
397 5
398 9
399 5
400 28
401 17
402 0
403 30
404 0
405 17
406 15
407 14
408 6
409 8
410 15
411 4
412 30
413 3
414 1
415 3
416 13
417 4
418 5
419 0
420 3
421 122
422 7
423 130
424 17
425 100
426 150
427 150
428 100
429 50
430 24
431 106
432 47
433 47
434 152
435 146
436 84
437 15
438 96
439 158
440 15
441 73
442 91
443 73
444 73
445 73
446 36
447 109
448 12
449 0
450 23
451 40
452 9
453 18
454 18
455 6
456 15
457 6
458 474
459 86
460 30
461 88
462 10
463 19
464 11
465 18
466 18
467 24
468 46
469 23
470 68
471 44
472 130
473 28
474 9
475 2
476 4
477 9
478 4
479 9
480 2
481 4
482 32
483 73
484 73
485 28
486 182
487 146
488 27
489 0
490 54
491 2
492 2
493 13
494 17
495 18
496 11
497 9
498 7
499 7
500 14
501 2
502 22
503 22
504 68
505 90
506 9
507 43
508 90
509 62
510 11
511 44
512 9
513 36
514 6
515 13
516 33
517 4
518 146
519 1
520 4
521 7
522 90
523 2
524 18
525 133
526 44
527 30
528 30
529 11
530 46
531 23
532 7
533 20
534 5
535 9
536 7
537 7
538 7
539 9
540 7
541 7
542 9
543 13
544 9
545 11
546 9
547 4
548 12
549 17
550 17
551 134
552 6
553 2
554 2
555 4
556 2
557 24
558 13
559 3
560 0
561 3
562 2
563 36
564 1
565 76
566 18
567 3
568 15
569 27
570 7
571 52
572 2
573 36
574 14
575 100
576 134
577 23
578 11
579 11
580 16
581 11
582 11
583 28
584 61
585 11
586 401
587 100
588 12
589 8
590 9
591 2
592 13
593 18
594 424
595 110
596 13
597 20
598 106
599 0
600 8
601 21
602 29
603 42
604 76
605 9
606 24
607 7
608 7
609 9
610 9
611 17
612 5
613 73
614 13
615 5
616 17
617 4
618 2
619 22
620 27
621 73
622 13
623 18
624 20
625 18
626 11
627 5
628 13
629 9
630 13
631 46
632 40
633 40
634 13
635 18
636 4
637 27
638 36
639 36
640 215
641 123
642 26
643 13
644 4
645 55
646 88
647 27
648 43
649 59
650 25
651 40
652 9
653 12
654 6
655 3
656 4
657 8
658 7
659 4
660 7
661 8
662 30
663 18
664 9
665 36
666 18
667 7
668 2
669 18
670 3
671 6
672 7
673 4
674 3
675 107
676 129
677 129
678 13
679 24
680 69
681 71
682 17
683 24
684 33
685 4
686 15
687 3
688 14
689 48
690 22
691 10
692 4
693 106
694 59
695 221
696 106
697 4
698 5
699 17
700 9
701 7
702 18
703 5
704 14
705 27
706 11
707 14
708 2
709 183
710 0
711 201
712 0
713 5
714 107
715 47
716 85
717 81
718 81
719 18
720 125
721 251
722 176
723 194
724 91
725 73
726 73
727 91
728 91
729 4
730 9
731 4
732 4
733 2
734 4
735 1
736 0
737 0
738 0
739 1
740 2
741 2
742 2
743 169
744 52
745 91
746 13
747 28
748 6
749 12
750 12
751 24
752 129
753 106
754 129
755 88
756 42
757 80
758 106
759 141
760 133
761 122
762 537
763 13
764 13
765 8
766 11
767 18
768 5
769 2
770 4
771 24
772 20
773 71
774 8
775 114
776 6
777 34
778 34
779 44
780 34
781 7
782 40
783 5
784 13
785 13
786 5
787 6
788 11
789 17
790 22
791 40
792 36
793 80
794 47
795 4
796 25
797 12
798 121
799 18
800 67
801 36
802 18
803 55
804 11
805 9
806 44
807 72
808 27
809 13
810 6
811 13
812 9
813 14
814 47
815 610
816 200
817 46
818 8
819 56
820 20
821 44
822 133
823 53
824 221
825 31
826 61
827 76
828 22
829 55
830 55
831 15
832 83
833 26
834 44
835 160
836 34
837 40
838 90
839 146
840 1
841 4
842 4
843 4
844 7
845 8
846 14
847 17
848 8
849 17
850 5
851 8
852 9
853 14
854 12
855 18
856 7
857 14
858 4
859 8
860 20
861 3
862 0
863 40
864 125
865 44
866 13
867 8
868 2
869 7
870 13
871 40
872 6
873 9
874 11
875 90
876 5
877 110
878 7
879 4
880 9
881 4
882 4
883 9
884 18
885 4
886 37
887 4
888 9
889 8
890 20
891 14
892 9
893 4
894 13
895 3
896 4
897 14
898 27
899 50
900 44
901 27
902 0
903 12
904 24
905 26
906 36
907 36
908 3
909 4
910 12
911 17
912 100
913 100
914 12
915 109
916 17
917 19
918 109
919 91
920 73
921 91
922 55
923 13
924 9
925 11
926 4
927 96
928 88
929 106
930 133
931 36
932 113
933 186
934 66
935 14
936 110
937 42
938 60
;

param Ttarget := 
1 1 1000
2 1 1000
3 1 1000
4 1 1000
5 1 500
6 1 500
7 1 500
8 1 500
1 2 1000
2 2 1000
3 2 1000
4 2 1000
5 2 500
6 2 500
7 2 500
8 2 500
1 3 1000
2 3 1000
3 3 1000
4 3 1000
5 3 500
6 3 500
7 3 500
8 3 500
1 4 1000
2 4 1000
3 4 1000
4 4 1000
5 4 500
6 4 500
7 4 500
8 4 500
1 5 1000
2 5 1000
3 5 1000
4 5 1000
5 5 500
6 5 500
7 5 500
8 5 500
;

set Bannlisti := 
;
set Fixlisti := 
1 1 1 
2 1 1 
3 1 1 
4 1 1 
5 1 1 
6 1 1 
7 1 1 
8 1 1 
9 1 1 
10 1 1 
11 1 1 
12 1 1 
13 1 1 
14 1 1 
15 1 1 
16 1 1 
17 1 1 
18 1 1 
19 1 1 
20 1 1 
21 1 1 
22 1 1 
23 1 1 
24 1 1 
25 1 1 
26 1 1 
27 1 1 
28 8 1 
29 8 1 
30 8 1 
31 8 1 
32 8 1 
33 8 1 
34 8 1 
35 8 1 
36 1 1 
37 2 1 
38 2 1 
39 2 1 
40 2 1 
41 2 1 
42 8 1 
43 8 1 
44 8 1 
45 8 1 
46 8 1 
47 8 1 
48 8 1 
49 8 1 
50 8 1 
51 8 1 
52 8 1 
53 8 1 
54 8 1 
55 8 1 
56 2 1 
57 2 1 
58 2 1 
59 2 1 
60 3 1 
61 3 1 
62 3 1 
63 3 1 
64 3 1 
65 3 1 
66 3 1 
67 3 1 
68 3 1 
69 3 1 
70 3 1 
71 3 1 
72 3 1 
73 3 1 
74 3 1 
75 3 1 
76 3 1 
77 3 1 
78 3 1 
79 3 1 
80 3 1 
81 3 1 
82 3 1 
83 3 1 
84 3 1 
85 3 1 
86 3 1 
87 3 1 
88 3 1 
89 3 1 
90 3 1 
91 3 1 
92 3 1 
93 3 1 
94 4 1 
95 4 1 
96 4 1 
97 4 1 
98 4 1 
99 4 1 
100 4 1 
101 4 1 
102 4 1 
103 4 1 
104 4 1 
105 4 1 
106 4 1 
107 4 1 
108 4 1 
109 4 1 
110 4 1 
111 4 1 
112 3 1 
113 3 1 
114 5 1 
115 5 1 
116 5 1 
117 5 1 
118 5 1 
119 5 1 
120 5 1 
121 5 1 
122 5 1 
123 5 1 
124 5 1 
125 5 1 
126 5 1 
127 5 1 
128 1 1 
129 7 1 
130 7 1 
131 5 1 
132 5 1 
133 5 1 
134 8 1 
135 8 1 
136 8 1 
137 8 1 
138 8 1 
139 8 1 
140 8 1 
141 8 1 
142 8 1 
143 8 1 
144 8 1 
145 8 1 
146 8 1 
147 8 1 
148 8 1 
149 8 1 
150 8 1 
151 7 1 
152 7 1 
153 7 1 
154 7 1 
155 7 1 
156 7 1 
157 7 1 
158 7 1 
159 7 1 
160 8 1 
161 7 1 
162 8 1 
163 8 1 
164 3 1 
165 3 1 
166 3 1 
167 3 1 
168 3 1 
169 3 1 
170 3 1 
171 8 1 
172 8 1 
173 7 1 
174 7 1 
175 8 1 
176 1 2 
177 1 2 
178 1 2 
179 1 2 
180 8 2 
181 1 2 
182 1 2 
183 1 2 
184 1 2 
185 1 2 
186 1 2 
187 1 2 
188 1 2 
189 1 2 
190 1 2 
191 1 2 
192 1 2 
193 1 2 
194 1 2 
195 1 2 
196 1 2 
197 4 2 
198 4 2 
199 2 2 
200 2 2 
201 2 2 
202 2 2 
203 2 2 
204 2 2 
205 2 2 
206 2 2 
207 6 2 
208 1 2 
209 1 2 
210 7 2 
211 1 2 
212 8 2 
213 1 2 
214 1 2 
215 1 2 
216 1 2 
217 1 2 
218 1 2 
219 1 2 
220 1 2 
221 1 2 
222 8 2 
223 8 2 
224 8 2 
225 8 2 
226 8 2 
227 8 2 
228 8 2 
229 8 2 
230 8 2 
231 8 2 
232 8 2 
233 8 2 
234 8 2 
235 8 2 
236 8 2 
237 8 2 
238 8 2 
239 8 2 
240 8 2 
241 8 2 
242 8 2 
243 8 2 
244 8 2 
245 8 2 
246 8 2 
247 8 2 
248 8 2 
249 8 2 
250 8 2 
251 8 2 
252 8 2 
253 1 2 
254 3 2 
255 3 2 
256 3 2 
257 3 2 
258 3 2 
259 3 2 
260 3 2 
261 3 2 
262 3 2 
263 3 2 
264 3 2 
265 3 2 
266 3 2 
267 3 2 
268 3 2 
269 3 2 
270 3 2 
271 3 2 
272 5 2 
273 3 2 
274 3 2 
275 3 2 
276 3 2 
277 3 2 
278 3 2 
279 3 2 
280 3 2 
281 3 2 
282 3 2 
283 6 2 
284 6 2 
285 6 2 
286 6 2 
287 6 2 
288 6 2 
289 6 2 
290 6 2 
291 6 2 
292 6 2 
293 6 2 
294 6 2 
295 6 2 
296 6 2 
297 6 2 
298 6 2 
299 6 2 
300 6 2 
301 6 2 
302 6 2 
303 6 2 
304 6 2 
305 6 2 
306 6 2 
307 6 2 
308 6 2 
309 6 2 
310 6 2 
311 6 2 
312 6 2 
313 8 2 
314 6 2 
315 6 2 
316 6 2 
317 6 2 
318 6 2 
319 6 2 
320 6 2 
321 6 2 
322 6 2 
323 6 2 
324 8 2 
325 7 2 
326 7 2 
327 7 2 
328 7 2 
329 7 2 
330 7 2 
331 8 2 
332 8 2 
333 8 2 
334 8 2 
335 8 2 
336 8 2 
337 7 2 
338 7 2 
339 7 2 
340 7 2 
341 7 2 
342 7 2 
343 7 2 
344 7 2 
345 7 2 
346 7 2 
347 7 2 
348 7 2 
349 7 2 
350 7 2 
351 7 2 
352 7 2 
353 7 2 
354 7 2 
355 7 2 
356 7 2 
357 7 2 
358 7 2 
359 7 2 
360 7 2 
361 7 2 
362 7 2 
363 7 2 
364 7 2 
365 7 2 
366 7 2 
367 7 2 
368 7 2 
369 7 2 
370 7 2 
371 7 2 
372 7 2 
373 7 2 
374 7 2 
375 7 2 
376 7 2 
377 7 2 
378 7 2 
379 7 2 
380 7 2 
381 7 2 
382 7 2 
383 6 2 
384 6 2 
385 6 2 
386 7 2 
387 7 2 
388 7 2 
389 7 2 
390 7 2 
391 8 2 
392 8 2 
393 8 2 
394 7 2 
395 7 2 
396 7 2 
397 7 2 
398 7 2 
399 7 2 
400 7 2 
401 7 2 
402 7 2 
403 7 2 
404 7 2 
405 7 2 
406 7 2 
407 7 2 
408 7 2 
409 7 2 
410 7 2 
411 7 2 
412 7 2 
413 7 2 
414 7 2 
415 7 2 
416 7 2 
417 7 2 
418 7 2 
419 7 2 
420 7 2 
421 1 2 
422 8 2 
423 6 2 
424 1 3 
425 1 3 
426 1 3 
427 1 3 
428 1 3 
429 1 3 
430 1 3 
431 1 3 
432 1 3 
433 1 3 
434 1 3 
435 1 3 
436 1 3 
437 1 3 
438 1 3 
439 1 3 
440 1 3 
441 1 3 
442 1 3 
443 1 3 
444 1 3 
445 1 3 
446 1 3 
447 1 3 
448 1 3 
449 1 3 
450 1 3 
451 8 3 
452 8 3 
453 8 3 
454 8 3 
455 8 3 
456 8 3 
457 2 3 
458 2 3 
459 8 3 
460 8 3 
461 8 3 
462 8 3 
463 8 3 
464 8 3 
465 8 3 
466 2 3 
467 2 3 
468 2 3 
469 2 3 
470 2 3 
471 2 3 
472 2 3 
473 2 3 
474 8 3 
475 8 3 
476 8 3 
477 8 3 
478 8 3 
479 8 3 
480 8 3 
481 8 3 
482 2 3 
483 2 3 
484 2 3 
485 2 3 
486 2 3 
487 2 3 
488 1 3 
489 1 3 
490 3 3 
491 3 3 
492 6 3 
493 6 3 
494 8 3 
495 5 3 
496 5 3 
497 5 3 
498 5 3 
499 5 3 
500 5 3 
501 5 3 
502 5 3 
503 5 3 
504 5 3 
505 5 3 
506 5 3 
507 5 3 
508 5 3 
509 5 3 
510 5 3 
511 5 3 
512 5 3 
513 8 3 
514 8 3 
515 8 3 
516 8 3 
517 8 3 
518 8 3 
519 8 3 
520 8 3 
521 8 3 
522 5 3 
523 8 3 
524 5 3 
525 5 3 
526 5 3 
527 7 3 
528 7 3 
529 7 3 
530 7 3 
531 7 3 
532 8 3 
533 8 3 
534 8 3 
535 8 3 
536 8 3 
537 8 3 
538 8 3 
539 8 3 
540 8 3 
541 8 3 
542 8 3 
543 8 3 
544 8 3 
545 8 3 
546 8 3 
547 8 3 
548 8 3 
549 8 3 
550 8 3 
551 8 3 
552 8 3 
553 8 3 
554 8 3 
555 8 3 
556 8 3 
557 8 3 
558 8 3 
559 8 3 
560 8 3 
561 8 3 
562 8 3 
563 8 3 
564 8 3 
565 1 3 
566 1 3 
567 1 3 
568 1 3 
569 1 3 
570 1 3 
571 1 3 
572 1 3 
573 1 3 
574 1 3 
575 1 3 
576 1 3 
577 1 3 
578 1 3 
579 1 3 
580 1 3 
581 1 3 
582 1 3 
583 1 3 
584 1 3 
585 1 3 
586 1 3 
587 1 3 
588 1 3 
589 1 3 
590 1 3 
591 1 3 
592 1 3 
593 1 4 
594 1 4 
595 1 4 
596 1 4 
597 1 4 
598 1 4 
599 1 4 
600 1 4 
601 1 4 
602 1 4 
603 1 4 
604 1 4 
605 1 4 
606 1 4 
607 1 4 
608 1 4 
609 1 4 
610 8 4 
611 2 4 
612 2 4 
613 2 4 
614 2 4 
615 8 4 
616 8 4 
617 8 4 
618 8 4 
619 8 4 
620 8 4 
621 3 4 
622 8 4 
623 8 4 
624 8 4 
625 8 4 
626 8 4 
627 3 4 
628 2 4 
629 2 4 
630 2 4 
631 2 4 
632 2 4 
633 2 4 
634 2 4 
635 2 4 
636 2 4 
637 8 4 
638 8 4 
639 8 4 
640 8 4 
641 8 4 
642 8 4 
643 8 4 
644 3 4 
645 3 4 
646 3 4 
647 3 4 
648 3 4 
649 3 4 
650 3 4 
651 3 4 
652 3 4 
653 4 4 
654 8 4 
655 8 4 
656 8 4 
657 8 4 
658 8 4 
659 8 4 
660 8 4 
661 8 4 
662 8 4 
663 8 4 
664 3 4 
665 8 4 
666 8 4 
667 8 4 
668 8 4 
669 8 4 
670 8 4 
671 8 4 
672 8 4 
673 8 4 
674 8 4 
675 4 4 
676 4 4 
677 4 4 
678 4 4 
679 4 4 
680 4 4 
681 4 4 
682 4 4 
683 4 4 
684 8 4 
685 8 4 
686 7 4 
687 8 4 
688 7 4 
689 7 4 
690 7 4 
691 8 4 
692 8 4 
693 7 4 
694 7 4 
695 7 4 
696 7 4 
697 7 4 
698 7 4 
699 7 4 
700 7 4 
701 7 4 
702 7 4 
703 7 4 
704 7 4 
705 7 4 
706 7 4 
707 8 4 
708 8 4 
709 1 4 
710 1 4 
711 1 4 
712 1 4 
713 7 5 
714 1 5 
715 1 5 
716 1 5 
717 1 5 
718 1 5 
719 1 5 
720 1 5 
721 1 5 
722 1 5 
723 1 5 
724 1 5 
725 1 5 
726 1 5 
727 1 5 
728 1 5 
729 6 5 
730 1 5 
731 6 5 
732 6 5 
733 6 5 
734 6 5 
735 3 5 
736 4 5 
737 7 5 
738 1 5 
739 2 5 
740 8 5 
741 8 5 
742 8 5 
743 2 5 
744 2 5 
745 2 5 
746 2 5 
747 2 5 
748 2 5 
749 8 5 
750 8 5 
751 8 5 
752 3 5 
753 3 5 
754 3 5 
755 3 5 
756 3 5 
757 3 5 
758 3 5 
759 3 5 
760 3 5 
761 3 5 
762 3 5 
763 3 5 
764 3 5 
765 3 5 
766 3 5 
767 3 5 
768 3 5 
769 8 5 
770 3 5 
771 3 5 
772 3 5 
773 3 5 
774 3 5 
775 3 5 
776 3 5 
777 3 5 
778 3 5 
779 3 5 
780 3 5 
781 3 5 
782 3 5 
783 3 5 
784 3 5 
785 3 5 
786 3 5 
787 3 5 
788 3 5 
789 3 5 
790 3 5 
791 3 5 
792 3 5 
793 3 5 
794 3 5 
795 3 5 
796 3 5 
797 3 5 
798 8 5 
799 3 5 
800 3 5 
801 3 5 
802 3 5 
803 3 5 
804 3 5 
805 3 5 
806 3 5 
807 3 5 
808 3 5 
809 6 5 
810 6 5 
811 6 5 
812 6 5 
813 6 5 
814 6 5 
815 6 5 
816 6 5 
817 6 5 
818 6 5 
819 6 5 
820 6 5 
821 6 5 
822 6 5 
823 6 5 
824 6 5 
825 6 5 
826 6 5 
827 6 5 
828 6 5 
829 6 5 
830 6 5 
831 6 5 
832 6 5 
833 6 5 
834 6 5 
835 6 5 
836 6 5 
837 6 5 
838 6 5 
839 1 5 
840 8 5 
841 7 5 
842 7 5 
843 7 5 
844 7 5 
845 7 5 
846 7 5 
847 8 5 
848 8 5 
849 8 5 
850 8 5 
851 8 5 
852 8 5 
853 8 5 
854 8 5 
855 8 5 
856 8 5 
857 8 5 
858 8 5 
859 7 5 
860 8 5 
861 8 5 
862 8 5 
863 7 5 
864 7 5 
865 7 5 
866 7 5 
867 7 5 
868 7 5 
869 8 5 
870 8 5 
871 8 5 
872 8 5 
873 8 5 
874 8 5 
875 7 5 
876 7 5 
877 7 5 
878 7 5 
879 7 5 
880 7 5 
881 7 5 
882 8 5 
883 8 5 
884 8 5 
885 8 5 
886 8 5 
887 8 5 
888 8 5 
889 8 5 
890 8 5 
891 8 5 
892 8 5 
893 8 5 
894 8 5 
895 8 5 
896 8 5 
897 8 5 
898 8 5 
899 8 5 
900 8 5 
901 8 5 
902 8 5 
903 8 5 
904 8 5 
905 8 5 
906 8 5 
907 8 5 
908 8 5 
909 8 5 
910 2 5 
911 1 5 
912 1 5 
913 1 5 
914 1 5 
915 1 5 
916 1 5 
917 1 5 
918 1 5 
919 1 5 
920 1 5 
921 1 5 
922 1 5 
923 1 5 
924 1 5 
925 1 5 
926 1 5 
927 1 5 
928 1 5 
929 1 5 
930 1 5 
931 1 5 
932 1 5 
933 1 5 
934 1 5 
935 1 5 
936 1 5 
937 1 5 
938 1 5 
;
end;
