param S := 904;
param T := 8;
param D := 5;
param windowsize := 0;

param A := 
1 0
2 11
3 18
4 4
5 24
6 304
7 39
8 18
9 55
10 18
11 4
12 4
13 9
14 4
15 19
16 4
17 20
18 2
19 4
20 43
21 84
22 6
23 219
24 36
25 84
26 73
27 63
28 51
29 134
30 2
31 2
32 9
33 4
34 24
35 9
36 7
37 14
38 20
39 9
40 53
41 26
42 146
43 292
44 14
45 2
46 12
47 6
48 7
49 2
50 10
51 10
52 6
53 10
54 10
55 6
56 6
57 36
58 14
59 7
60 54
61 18
62 7
63 7
64 1
65 3
66 18
67 4
68 6
69 8
70 5
71 1
72 7
73 4
74 11
75 11
76 14
77 14
78 7
79 8
80 2
81 5
82 3
83 108
84 12
85 12
86 1
87 12
88 101
89 47
90 14
91 101
92 79
93 40
94 42
95 15
96 83
97 31
98 109
99 35
100 17
101 137
102 14
103 59
104 5
105 9
106 23
107 3
108 36
109 40
110 44
111 442
112 40
113 44
114 88
115 15
116 13
117 13
118 14
119 6
120 8
121 8
122 9
123 9
124 9
125 23
126 47
127 5
128 152
129 146
130 9
131 8
132 27
133 2
134 8
135 2
136 6
137 3
138 16
139 15
140 15
141 4
142 129
143 36
144 26
145 11
146 7
147 4
148 9
149 2
150 225
151 72
152 46
153 92
154 88
155 177
156 130
157 118
158 44
159 72
160 80
161 7
162 15
163 11
164 11
165 9
166 4
167 4
168 4
169 4
170 2
171 2
172 1
173 1
174 7
175 11
176 4
177 2
178 10
179 2
180 2
181 2
182 2
183 2
184 26
185 12
186 3
187 64
188 104
189 52
190 222
191 42
192 107
193 106
194 106
195 42
196 98
197 107
198 221
199 66
200 177
201 86
202 186
203 159
204 11
205 186
206 9
207 18
208 35
209 75
210 26
211 18
212 177
213 18
214 9
215 8
216 22
217 9
218 9
219 3
220 18
221 222
222 22
223 18
224 135
225 88
226 143
227 36
228 22
229 0
230 26
231 33
232 60
233 86
234 36
235 48
236 48
237 28
238 4
239 12
240 19
241 77
242 5
243 12
244 46
245 10
246 88
247 276
248 18
249 15
250 9
251 35
252 7
253 50
254 88
255 44
256 44
257 215
258 51
259 21
260 4
261 4
262 27
263 22
264 80
265 9
266 11
267 36
268 44
269 75
270 5
271 102
272 179
273 8
274 9
275 20
276 5
277 4
278 4
279 4
280 5
281 9
282 26
283 65
284 17
285 24
286 0
287 9
288 9
289 6
290 9
291 14
292 4
293 9
294 4
295 4
296 35
297 35
298 22
299 7
300 4
301 7
302 7
303 4
304 7
305 2
306 4
307 13
308 18
309 8
310 1
311 7
312 31
313 0
314 0
315 32
316 25
317 130
318 12
319 12
320 2
321 3
322 1
323 19
324 12
325 19
326 12
327 25
328 28
329 65
330 25
331 65
332 65
333 65
334 25
335 25
336 32
337 100
338 26
339 4
340 12
341 4
342 0
343 4
344 150
345 4
346 2
347 17
348 24
349 134
350 1069
351 4957
352 160
353 75
354 50
355 25
356 150
357 79
358 91
359 5
360 182
361 169
362 255
363 63
364 47
365 62
366 52
367 221
368 53
369 107
370 92
371 51
372 265
373 110
374 106
375 86
376 106
377 86
378 265
379 75
380 72
381 11
382 66
383 11
384 5
385 121
386 6
387 6
388 36
389 6
390 6
391 5
392 5
393 5
394 0
395 66
396 2
397 2
398 4
399 127
400 40
401 66
402 27
403 40
404 60
405 24
406 6
407 2
408 42
409 0
410 14
411 24
412 2
413 3
414 0
415 12
416 9
417 12
418 73
419 73
420 22
421 18
422 9
423 32
424 4
425 11
426 7
427 5
428 9
429 27
430 11
431 1
432 21
433 2
434 4
435 4
436 9
437 27
438 7
439 0
440 0
441 0
442 0
443 0
444 1
445 73
446 55
447 24
448 109
449 50
450 17
451 61
452 56
453 73
454 43
455 14
456 48
457 81
458 158
459 26
460 5
461 47
462 425
463 72
464 179
465 31
466 4
467 3
468 27
469 13
470 9
471 13
472 13
473 11
474 13
475 7
476 253
477 197
478 363
479 79
480 18
481 24
482 2
483 15
484 4
485 2
486 65
487 146
488 107
489 265
490 212
491 80
492 106
493 141
494 115
495 177
496 14
497 12
498 9
499 18
500 8
501 11
502 27
503 13
504 22
505 2
506 33
507 150
508 86
509 107
510 215
511 716
512 250
513 13
514 25
515 36
516 8
517 18
518 107
519 221
520 106
521 177
522 177
523 88
524 12
525 43
526 8
527 4
528 26
529 12
530 1
531 12
532 12
533 52
534 52
535 9
536 48
537 12
538 17
539 24
540 1
541 4
542 5
543 22
544 18
545 7
546 16
547 265
548 212
549 86
550 41
551 4
552 4
553 2
554 13
555 11
556 13
557 11
558 13
559 21
560 5
561 5
562 1
563 13
564 13
565 2
566 11
567 9
568 4
569 13
570 27
571 11
572 11
573 11
574 13
575 13
576 7
577 15
578 265
579 66
580 90
581 22
582 18
583 4
584 28
585 7
586 22
587 6
588 9
589 22
590 4
591 32
592 44
593 40
594 68
595 215
596 9
597 72
598 43
599 102
600 179
601 36
602 0
603 7
604 4
605 4
606 7
607 41
608 88
609 13
610 22
611 9
612 4
613 2
614 2
615 4
616 36
617 8
618 1
619 6
620 2
621 7
622 12
623 12
624 3
625 28
626 42
627 36
628 88
629 53
630 53
631 49
632 9
633 18
634 9
635 7
636 10
637 9
638 2
639 2
640 2
641 13
642 11
643 6
644 11
645 28
646 12
647 12
648 12
649 48
650 48
651 12
652 4
653 4
654 14
655 7
656 8
657 7
658 9
659 2
660 2
661 1
662 27
663 12
664 13
665 5
666 9
667 17
668 3
669 76
670 274
671 44
672 20
673 13
674 7
675 9
676 5
677 7
678 6
679 20
680 18
681 76
682 9
683 84
684 19
685 13
686 0
687 28
688 16
689 52
690 7
691 32
692 11
693 30
694 7
695 12
696 2
697 3
698 1
699 16
700 3
701 1
702 1
703 11
704 44
705 19
706 26
707 65
708 47
709 126
710 210
711 28
712 37
713 168
714 146
715 150
716 14
717 0
718 61
719 429
720 101
721 38
722 84
723 51
724 9
725 9
726 17
727 18
728 8
729 9
730 28
731 18
732 18
733 5
734 212
735 11
736 124
737 265
738 95
739 9
740 9
741 9
742 0
743 6
744 36
745 16
746 38
747 12
748 94
749 194
750 179
751 162
752 20
753 320
754 222
755 110
756 219
757 222
758 314
759 38
760 5
761 9
762 6
763 6
764 9
765 33
766 12
767 9
768 4
769 22
770 2
771 3
772 72
773 6
774 133
775 86
776 265
777 110
778 90
779 18
780 11
781 4
782 5
783 10
784 26
785 8
786 3
787 152
788 83
789 37
790 55
791 44
792 27
793 54
794 55
795 36
796 22
797 55
798 27
799 40
800 44
801 18
802 44
803 36
804 4
805 22
806 22
807 4
808 4
809 6
810 20
811 4
812 90
813 110
814 107
815 133
816 133
817 35
818 12
819 0
820 0
821 5
822 8
823 21
824 3
825 3
826 4
827 80
828 0
829 18
830 9
831 9
832 5
833 4
834 13
835 9
836 9
837 9
838 27
839 8
840 4
841 18
842 56
843 4
844 4
845 36
846 24
847 24
848 24
849 9
850 7
851 133
852 7
853 11
854 22
855 17
856 9
857 12
858 8
859 9
860 3
861 7
862 7
863 106
864 16
865 40
866 8
867 18
868 9
869 15
870 44
871 2
872 2
873 54
874 54
875 47
876 15
877 3
878 5
879 3
880 2
881 1
882 7
883 4
884 2
885 2
886 1
887 1
888 46
889 106
890 0
891 33
892 80
893 13
894 27
895 13
896 53
897 75
898 91
899 50
900 109
901 73
902 25
903 134
904 52
;

param Ttarget := 
1 1 1000
2 1 1000
3 1 1000
4 1 1000
5 1 500
6 1 500
7 1 500
8 1 500
1 2 1000
2 2 1000
3 2 1000
4 2 1000
5 2 500
6 2 500
7 2 500
8 2 500
1 3 1000
2 3 1000
3 3 1000
4 3 1000
5 3 500
6 3 500
7 3 500
8 3 500
1 4 1000
2 4 1000
3 4 1000
4 4 1000
5 4 500
6 4 500
7 4 500
8 4 500
1 5 1000
2 5 1000
3 5 1000
4 5 1000
5 5 500
6 5 500
7 5 500
8 5 500
;

set Bannlisti := 
;
set Fixlisti := 
1 8 1 
2 8 1 
3 8 1 
4 8 1 
5 8 1 
6 8 1 
7 8 1 
8 8 1 
9 8 1 
10 8 1 
11 8 1 
12 8 1 
13 8 1 
14 8 1 
15 8 1 
16 8 1 
17 8 1 
18 8 1 
19 8 1 
20 2 1 
21 2 1 
22 2 1 
23 2 1 
24 2 1 
25 2 1 
26 2 1 
27 2 1 
28 2 1 
29 2 1 
30 2 1 
31 2 1 
32 2 1 
33 8 1 
34 8 1 
35 8 1 
36 8 1 
37 8 1 
38 8 1 
39 8 1 
40 1 1 
41 4 1 
42 4 1 
43 4 1 
44 8 1 
45 8 1 
46 8 1 
47 8 1 
48 8 1 
49 8 1 
50 8 1 
51 8 1 
52 8 1 
53 8 1 
54 8 1 
55 8 1 
56 8 1 
57 8 1 
58 8 1 
59 8 1 
60 8 1 
61 8 1 
62 8 1 
63 8 1 
64 8 1 
65 8 1 
66 8 1 
67 8 1 
68 8 1 
69 8 1 
70 8 1 
71 8 1 
72 7 1 
73 7 1 
74 7 1 
75 7 1 
76 7 1 
77 7 1 
78 7 1 
79 7 1 
80 8 1 
81 8 1 
82 7 1 
83 8 1 
84 8 1 
85 8 1 
86 8 1 
87 8 1 
88 1 1 
89 1 1 
90 1 1 
91 1 1 
92 1 1 
93 1 1 
94 1 1 
95 1 1 
96 1 1 
97 1 1 
98 1 1 
99 1 1 
100 1 1 
101 1 1 
102 1 1 
103 1 1 
104 1 1 
105 1 1 
106 1 1 
107 1 1 
108 1 1 
109 1 1 
110 1 1 
111 1 1 
112 1 1 
113 1 1 
114 1 1 
115 1 1 
116 1 1 
117 1 1 
118 1 1 
119 1 1 
120 1 4 
121 1 1 
122 1 1 
123 1 1 
124 1 1 
125 1 1 
126 1 1 
127 1 1 
128 1 1 
129 1 1 
130 1 1 
131 1 1 
132 1 1 
133 2 4 
134 2 4 
135 2 4 
136 2 4 
137 2 4 
138 2 4 
139 2 4 
140 2 4 
141 2 4 
142 8 4 
143 8 4 
144 8 4 
145 8 4 
146 8 4 
147 8 4 
148 8 4 
149 8 4 
150 2 4 
151 2 4 
152 2 4 
153 2 4 
154 2 4 
155 2 4 
156 2 4 
157 2 4 
158 2 4 
159 2 4 
160 2 4 
161 8 4 
162 8 4 
163 8 4 
164 8 4 
165 8 4 
166 8 4 
167 8 4 
168 8 4 
169 8 4 
170 8 4 
171 8 4 
172 8 4 
173 8 4 
174 8 4 
175 8 4 
176 8 4 
177 8 4 
178 8 4 
179 8 4 
180 8 4 
181 8 4 
182 8 4 
183 8 4 
184 3 4 
185 3 4 
186 3 4 
187 3 4 
188 3 4 
189 3 4 
190 3 4 
191 3 4 
192 3 4 
193 3 4 
194 3 4 
195 3 4 
196 3 4 
197 3 4 
198 3 4 
199 3 4 
200 3 4 
201 3 4 
202 3 4 
203 3 4 
204 3 4 
205 3 4 
206 3 4 
207 3 4 
208 3 4 
209 3 4 
210 3 4 
211 3 4 
212 3 4 
213 3 4 
214 3 4 
215 3 4 
216 3 4 
217 3 4 
218 3 4 
219 3 4 
220 3 4 
221 3 4 
222 3 4 
223 3 4 
224 3 4 
225 3 4 
226 3 4 
227 3 4 
228 3 4 
229 3 4 
230 4 4 
231 4 4 
232 4 4 
233 4 4 
234 4 4 
235 4 4 
236 4 4 
237 4 4 
238 4 4 
239 4 4 
240 4 4 
241 4 4 
242 4 4 
243 4 4 
244 4 4 
245 4 4 
246 4 4 
247 4 4 
248 4 4 
249 4 4 
250 4 4 
251 5 4 
252 5 4 
253 5 4 
254 5 4 
255 5 4 
256 5 4 
257 5 4 
258 5 4 
259 5 4 
260 5 4 
261 5 4 
262 5 4 
263 5 4 
264 5 4 
265 5 4 
266 5 4 
267 5 4 
268 5 4 
269 5 4 
270 5 4 
271 5 4 
272 5 4 
273 8 4 
274 8 4 
275 8 4 
276 7 4 
277 7 4 
278 7 4 
279 7 4 
280 7 4 
281 8 4 
282 7 4 
283 7 4 
284 7 4 
285 7 4 
286 7 4 
287 7 4 
288 7 4 
289 7 4 
290 7 4 
291 7 4 
292 7 4 
293 7 4 
294 7 4 
295 7 4 
296 8 4 
297 8 4 
298 8 4 
299 8 4 
300 8 4 
301 8 4 
302 8 4 
303 8 4 
304 8 4 
305 8 4 
306 8 4 
307 8 4 
308 8 4 
309 5 4 
310 7 4 
311 7 4 
312 8 4 
313 8 4 
314 7 4 
315 7 4 
316 7 4 
317 7 4 
318 7 4 
319 7 4 
320 7 4 
321 7 4 
322 7 4 
323 7 4 
324 7 4 
325 7 4 
326 7 4 
327 7 4 
328 8 4 
329 7 4 
330 7 4 
331 7 4 
332 7 4 
333 7 4 
334 7 4 
335 7 4 
336 7 4 
337 8 4 
338 8 4 
339 8 4 
340 8 4 
341 8 4 
342 8 4 
343 8 4 
344 8 4 
345 7 4 
346 8 4 
347 1 4 
348 1 4 
349 1 4 
350 1 4 
351 1 4 
352 1 4 
353 1 4 
354 1 4 
355 1 4 
356 1 4 
357 1 4 
358 1 4 
359 1 4 
360 8 5 
361 2 5 
362 2 5 
363 2 5 
364 6 5 
365 6 5 
366 6 5 
367 6 5 
368 6 5 
369 6 5 
370 6 5 
371 6 5 
372 6 5 
373 6 5 
374 6 5 
375 6 5 
376 6 5 
377 6 5 
378 6 5 
379 6 5 
380 6 5 
381 6 5 
382 6 5 
383 6 5 
384 6 5 
385 6 5 
386 6 5 
387 6 5 
388 6 5 
389 6 5 
390 6 5 
391 6 5 
392 6 5 
393 6 5 
394 6 5 
395 8 5 
396 7 5 
397 8 5 
398 7 5 
399 8 5 
400 7 5 
401 7 5 
402 7 5 
403 7 5 
404 7 5 
405 7 5 
406 8 5 
407 7 5 
408 7 5 
409 4 5 
410 4 5 
411 8 5 
412 8 5 
413 8 5 
414 8 5 
415 8 5 
416 8 5 
417 8 5 
418 8 5 
419 8 5 
420 8 5 
421 8 5 
422 8 5 
423 8 5 
424 8 5 
425 8 5 
426 8 5 
427 8 5 
428 3 5 
429 3 5 
430 7 5 
431 7 5 
432 3 5 
433 1 5 
434 8 5 
435 7 5 
436 7 5 
437 1 5 
438 3 5 
439 8 5 
440 8 5 
441 1 5 
442 2 5 
443 1 5 
444 2 5 
445 1 5 
446 1 5 
447 1 5 
448 1 5 
449 1 5 
450 1 5 
451 1 5 
452 1 5 
453 1 5 
454 1 5 
455 1 5 
456 1 5 
457 1 5 
458 1 5 
459 2 6 
460 2 6 
461 2 6 
462 8 6 
463 2 6 
464 2 6 
465 2 6 
466 2 6 
467 2 6 
468 8 6 
469 8 6 
470 8 6 
471 8 6 
472 8 6 
473 8 6 
474 8 6 
475 8 6 
476 2 6 
477 2 6 
478 2 6 
479 2 6 
480 3 6 
481 3 6 
482 3 6 
483 3 6 
484 3 6 
485 3 6 
486 3 6 
487 3 6 
488 3 6 
489 3 6 
490 3 6 
491 3 6 
492 3 6 
493 3 6 
494 3 6 
495 3 6 
496 3 6 
497 3 6 
498 3 6 
499 3 6 
500 3 6 
501 3 6 
502 3 6 
503 3 6 
504 3 6 
505 3 6 
506 8 6 
507 3 6 
508 3 6 
509 3 6 
510 3 6 
511 3 6 
512 3 6 
513 3 6 
514 3 6 
515 3 6 
516 3 6 
517 3 6 
518 3 6 
519 3 6 
520 3 6 
521 3 6 
522 3 6 
523 3 6 
524 3 6 
525 3 6 
526 3 6 
527 3 6 
528 3 6 
529 3 6 
530 3 6 
531 4 6 
532 4 6 
533 4 6 
534 4 6 
535 4 6 
536 4 6 
537 4 6 
538 4 6 
539 4 6 
540 4 6 
541 3 6 
542 3 6 
543 4 6 
544 4 6 
545 4 6 
546 4 6 
547 4 6 
548 4 6 
549 4 6 
550 3 6 
551 3 6 
552 3 6 
553 2 6 
554 8 6 
555 8 6 
556 8 6 
557 3 6 
558 3 6 
559 3 6 
560 3 6 
561 3 6 
562 3 6 
563 3 6 
564 3 6 
565 3 6 
566 3 6 
567 2 6 
568 2 6 
569 2 6 
570 8 6 
571 8 6 
572 8 6 
573 8 6 
574 8 6 
575 8 6 
576 8 6 
577 8 6 
578 5 6 
579 5 6 
580 5 6 
581 5 6 
582 5 6 
583 5 6 
584 5 6 
585 5 6 
586 5 6 
587 5 6 
588 5 6 
589 5 6 
590 5 6 
591 5 6 
592 5 6 
593 5 6 
594 5 6 
595 5 6 
596 5 6 
597 5 6 
598 5 6 
599 5 6 
600 5 6 
601 5 6 
602 5 6 
603 5 6 
604 5 6 
605 5 6 
606 5 6 
607 5 6 
608 5 6 
609 5 6 
610 5 6 
611 5 6 
612 8 6 
613 8 6 
614 8 6 
615 8 6 
616 8 6 
617 8 6 
618 8 6 
619 8 6 
620 8 6 
621 8 6 
622 8 6 
623 8 6 
624 8 6 
625 8 6 
626 8 6 
627 5 6 
628 5 6 
629 5 6 
630 5 6 
631 5 6 
632 5 6 
633 5 6 
634 8 6 
635 8 6 
636 8 6 
637 8 6 
638 8 6 
639 8 6 
640 8 6 
641 8 6 
642 8 6 
643 8 6 
644 8 6 
645 8 6 
646 3 6 
647 3 6 
648 3 6 
649 3 6 
650 3 6 
651 3 6 
652 3 6 
653 3 6 
654 8 6 
655 8 6 
656 8 6 
657 8 6 
658 8 6 
659 8 6 
660 8 6 
661 8 6 
662 8 6 
663 8 6 
664 8 6 
665 8 6 
666 8 6 
667 7 6 
668 7 6 
669 7 6 
670 7 6 
671 8 6 
672 8 6 
673 8 6 
674 8 6 
675 8 6 
676 8 6 
677 8 6 
678 8 6 
679 7 6 
680 7 6 
681 7 6 
682 7 6 
683 7 6 
684 7 6 
685 7 6 
686 7 6 
687 7 6 
688 8 6 
689 8 6 
690 8 6 
691 7 6 
692 7 6 
693 7 6 
694 7 6 
695 7 6 
696 7 6 
697 7 6 
698 7 6 
699 7 6 
700 7 6 
701 7 6 
702 7 6 
703 8 6 
704 7 6 
705 7 6 
706 7 6 
707 1 6 
708 1 6 
709 1 6 
710 1 6 
711 1 6 
712 1 6 
713 1 6 
714 1 7 
715 1 7 
716 1 7 
717 1 7 
718 1 7 
719 1 6 
720 1 6 
721 1 6 
722 1 6 
723 1 6 
724 1 6 
725 1 6 
726 1 6 
727 1 6 
728 1 6 
729 1 6 
730 1 6 
731 1 6 
732 1 6 
733 1 6 
734 1 7 
735 1 7 
736 1 7 
737 1 7 
738 1 7 
739 1 7 
740 1 7 
741 1 7 
742 4 7 
743 4 7 
744 4 7 
745 2 7 
746 4 7 
747 8 7 
748 8 7 
749 8 7 
750 6 7 
751 6 7 
752 6 7 
753 6 7 
754 6 7 
755 6 7 
756 6 7 
757 6 7 
758 6 7 
759 6 7 
760 6 7 
761 6 7 
762 6 7 
763 6 7 
764 6 7 
765 6 7 
766 6 7 
767 6 7 
768 6 7 
769 6 7 
770 6 7 
771 6 7 
772 6 7 
773 6 7 
774 6 7 
775 6 7 
776 6 7 
777 6 7 
778 6 7 
779 7 7 
780 7 7 
781 7 7 
782 7 7 
783 7 7 
784 7 7 
785 7 7 
786 7 7 
787 7 7 
788 7 7 
789 7 7 
790 7 7 
791 7 7 
792 7 7 
793 7 7 
794 7 7 
795 7 7 
796 7 7 
797 7 7 
798 7 7 
799 7 7 
800 7 7 
801 7 7 
802 7 7 
803 7 7 
804 7 7 
805 7 7 
806 7 7 
807 8 7 
808 8 7 
809 8 7 
810 7 7 
811 7 7 
812 7 7 
813 7 7 
814 7 7 
815 7 7 
816 7 7 
817 7 7 
818 7 7 
819 7 7 
820 7 7 
821 7 7 
822 8 7 
823 8 7 
824 8 7 
825 8 7 
826 8 7 
827 7 7 
828 7 7 
829 7 7 
830 7 7 
831 7 7 
832 7 7 
833 7 7 
834 7 7 
835 7 7 
836 7 7 
837 7 7 
838 7 7 
839 7 7 
840 7 7 
841 7 7 
842 7 7 
843 7 7 
844 7 7 
845 8 7 
846 8 7 
847 8 7 
848 8 7 
849 8 7 
850 8 7 
851 8 7 
852 8 7 
853 8 7 
854 7 7 
855 8 7 
856 8 7 
857 8 7 
858 8 7 
859 8 7 
860 8 7 
861 8 7 
862 8 7 
863 7 7 
864 8 7 
865 8 7 
866 8 7 
867 8 7 
868 8 7 
869 8 7 
870 8 7 
871 8 7 
872 8 7 
873 8 7 
874 8 7 
875 8 7 
876 8 7 
877 8 7 
878 8 7 
879 8 7 
880 8 7 
881 8 7 
882 8 7 
883 8 7 
884 8 7 
885 7 7 
886 8 7 
887 8 7 
888 8 7 
889 8 7 
890 8 7 
891 8 7 
892 8 7 
893 8 7 
894 8 7 
895 8 7 
896 8 7 
897 1 7 
898 1 7 
899 1 7 
900 1 7 
901 1 7 
902 1 7 
903 1 7 
904 1 7 
;
end;
