param S := 922;
param T := 8;
param D := 5;
param windowsize := 0;

param A := 
1 9
2 16
3 46
4 37
5 44
6 38
7 179
8 36
9 13
10 7
11 3
12 474
13 12
14 18
15 7
16 4
17 1
18 18
19 1
20 12
21 3
22 1
23 26
24 12
25 11
26 80
27 14
28 4
29 12
30 12
31 44
32 106
33 86
34 16
35 78
36 36
37 36
38 9
39 4
40 4
41 4
42 53
43 11
44 12
45 26
46 0
47 36
48 320
49 26
50 44
51 11
52 0
53 15
54 4
55 19
56 4
57 2
58 2
59 11
60 11
61 9
62 12
63 9
64 22
65 4
66 18
67 2
68 44
69 33
70 53
71 31
72 14
73 7
74 179
75 88
76 22
77 21
78 90
79 36
80 265
81 90
82 44
83 4
84 14
85 66
86 2
87 2
88 3
89 14
90 8
91 46
92 5
93 22
94 1
95 39
96 17
97 12
98 2
99 2
100 13
101 2
102 2
103 2
104 4
105 9
106 4
107 2
108 2
109 7
110 4
111 2
112 2
113 1
114 2
115 6
116 4
117 2
118 10
119 23
120 4
121 11
122 59
123 4
124 18
125 110
126 2
127 4
128 4
129 9
130 4
131 7
132 2
133 4
134 2
135 9
136 11
137 0
138 9
139 6
140 5
141 4
142 2
143 0
144 7
145 4
146 4
147 91
148 109
149 73
150 73
151 55
152 73
153 4
154 88
155 88
156 40
157 94
158 219
159 47
160 79
161 71
162 48
163 81
164 79
165 158
166 275
167 73
168 60
169 6
170 10
171 1
172 134
173 65
174 133
175 107
176 106
177 80
178 150
179 88
180 106
181 107
182 98
183 133
184 221
185 179
186 177
187 186
188 250
189 270
190 284
191 400
192 133
193 111
194 36
195 21
196 88
197 9
198 14
199 15
200 55
201 18
202 9
203 7
204 8
205 8
206 7
207 4
208 7
209 7
210 13
211 9
212 9
213 4
214 4
215 244
216 143
217 25
218 13
219 9
220 38
221 23
222 4
223 7
224 13
225 72
226 44
227 8
228 44
229 7
230 4
231 1
232 1
233 4
234 9
235 9
236 6
237 4
238 5
239 86
240 47
241 221
242 411
243 333
244 133
245 15
246 53
247 53
248 38
249 9
250 125
251 16
252 30
253 34
254 8
255 6
256 66
257 55
258 53
259 236
260 74
261 60
262 93
263 55
264 47
265 221
266 110
267 9
268 15
269 4
270 15
271 52
272 265
273 215
274 85
275 133
276 86
277 107
278 22
279 13
280 44
281 2
282 13
283 4
284 9
285 2
286 12
287 6
288 4
289 16
290 26
291 19
292 73
293 4
294 4
295 53
296 4
297 22
298 20
299 10
300 22
301 13
302 16
303 14
304 3
305 2
306 1
307 3
308 3
309 62
310 21
311 61
312 62
313 14
314 62
315 30
316 32
317 30
318 30
319 13
320 33
321 66
322 9
323 9
324 12
325 5
326 9
327 12
328 14
329 3
330 13
331 9
332 9
333 11
334 11
335 7
336 36
337 36
338 91
339 55
340 36
341 18
342 36
343 44
344 106
345 221
346 33
347 10
348 15
349 64
350 96
351 54
352 2
353 66
354 4
355 11
356 106
357 64
358 4
359 6
360 4
361 4
362 7
363 4
364 45
365 199
366 54
367 8
368 16
369 24
370 11
371 78
372 7
373 55
374 9
375 1
376 73
377 24
378 12
379 99
380 1
381 12
382 2
383 4
384 9
385 9
386 18
387 4
388 7
389 7
390 2
391 12
392 6
393 12
394 43
395 43
396 48
397 81
398 129
399 129
400 133
401 107
402 133
403 2
404 18
405 14
406 11
407 7
408 36
409 12
410 1
411 89
412 0
413 1
414 0
415 2
416 2
417 69
418 26
419 72
420 13
421 22
422 4
423 4
424 4
425 4
426 3
427 2
428 7
429 7
430 3
431 22
432 107
433 14
434 40
435 20
436 7
437 53
438 11
439 88
440 66
441 44
442 7
443 88
444 322
445 11
446 22
447 4
448 11
449 14
450 4
451 7
452 44
453 13
454 1
455 11
456 9
457 7
458 4
459 4
460 7
461 4
462 4
463 2
464 48
465 48
466 12
467 4
468 2
469 6
470 12
471 2
472 28
473 7
474 5
475 4
476 18
477 90
478 18
479 5
480 22
481 66
482 7
483 66
484 25
485 9
486 18
487 7
488 20
489 2
490 2
491 8
492 8
493 1
494 4
495 8
496 16
497 88
498 102
499 18
500 7
501 5
502 44
503 5
504 4
505 18
506 2
507 4
508 22
509 22
510 7
511 7
512 1
513 1
514 2
515 1
516 76
517 37
518 17
519 76
520 55
521 55
522 17
523 11
524 7
525 9
526 4
527 1
528 1
529 1
530 7
531 30
532 5
533 3
534 18
535 2
536 2
537 17
538 8
539 22
540 9
541 2
542 12
543 2
544 35
545 0
546 9
547 34
548 2
549 8
550 16
551 1
552 3
553 5
554 73
555 4
556 12
557 3
558 30
559 5
560 18
561 9
562 9
563 9
564 9
565 15
566 40
567 42
568 9
569 14
570 30
571 101
572 30
573 55
574 50
575 24
576 0
577 50
578 75
579 75
580 26
581 17
582 5
583 5
584 44
585 40
586 14
587 10
588 2
589 4
590 8
591 4
592 17
593 11
594 8
595 18
596 18
597 24
598 72
599 35
600 33
601 18
602 72
603 40
604 27
605 4
606 18
607 15
608 74
609 177
610 22
611 101
612 137
613 33
614 133
615 221
616 146
617 52
618 88
619 106
620 88
621 86
622 537
623 0
624 7
625 8
626 34
627 16
628 30
629 16
630 40
631 44
632 7
633 7
634 11
635 22
636 6
637 9
638 11
639 9
640 27
641 18
642 5
643 25
644 1
645 1
646 12
647 1
648 2
649 6
650 6
651 9
652 5
653 9
654 150
655 106
656 106
657 86
658 265
659 107
660 53
661 46
662 95
663 37
664 222
665 36
666 23
667 30
668 46
669 146
670 0
671 21
672 4
673 18
674 4
675 61
676 5
677 22
678 18
679 9
680 64
681 40
682 44
683 27
684 9
685 52
686 17
687 24
688 9
689 5
690 16
691 4
692 9
693 17
694 9
695 133
696 17
697 4
698 5
699 9
700 8
701 17
702 18
703 4
704 22
705 11
706 106
707 4
708 20
709 4
710 4
711 14
712 38
713 42
714 9
715 53
716 46
717 4
718 55
719 4
720 15
721 7
722 9
723 1
724 7
725 5
726 5
727 14
728 9
729 8
730 5
731 14
732 5
733 18
734 14
735 5
736 22
737 18
738 4
739 5
740 7
741 2
742 2
743 4
744 5
745 4
746 5
747 13
748 20
749 22
750 4
751 18
752 4
753 2
754 3
755 4
756 9
757 9
758 4
759 14
760 76
761 46
762 84
763 30
764 6
765 16
766 8
767 6
768 2
769 16
770 4
771 2
772 7
773 8
774 9
775 4
776 11
777 4
778 7
779 1
780 8
781 4
782 1
783 55
784 16
785 16
786 10
787 9
788 13
789 159
790 107
791 64
792 44
793 3
794 13
795 2
796 13
797 9
798 3
799 1
800 4
801 1
802 14
803 4
804 18
805 13
806 33
807 9
808 17
809 9
810 27
811 40
812 9
813 13
814 137
815 33
816 9
817 11
818 125
819 251
820 9
821 24
822 128
823 365
824 91
825 1
826 5
827 1
828 69
829 28
830 55
831 186
832 60
833 25
834 3
835 0
836 27
837 11
838 2
839 5
840 6
841 94
842 158
843 215
844 4
845 2
846 2
847 20
848 14
849 14
850 18
851 18
852 18
853 18
854 18
855 14
856 14
857 2
858 18
859 31
860 5
861 2
862 3
863 11
864 19
865 6
866 1
867 3
868 3
869 73
870 24
871 19
872 14
873 25
874 60
875 86
876 7
877 113
878 22
879 107
880 124
881 133
882 106
883 107
884 42
885 38
886 4
887 30
888 8
889 31
890 52
891 1
892 152
893 62
894 101
895 62
896 85
897 58
898 79
899 22
900 13
901 9
902 9
903 2
904 13
905 13
906 4
907 2
908 2
909 221
910 107
911 133
912 106
913 8
914 2
915 4
916 7
917 7
918 6
919 7
920 7
921 12
922 7
;

param Ttarget := 
1 1 1000
2 1 1000
3 1 1000
4 1 1000
5 1 500
6 1 500
7 1 500
8 1 500
1 2 1000
2 2 1000
3 2 1000
4 2 1000
5 2 500
6 2 500
7 2 500
8 2 500
1 3 1000
2 3 1000
3 3 1000
4 3 1000
5 3 500
6 3 500
7 3 500
8 3 500
1 4 1000
2 4 1000
3 4 1000
4 4 1000
5 4 500
6 4 500
7 4 500
8 4 500
1 5 1000
2 5 1000
3 5 1000
4 5 1000
5 5 500
6 5 500
7 5 500
8 5 500
;

set Bannlisti := 
;
set Fixlisti := 
1 2 1 
2 2 1 
3 2 1 
4 2 1 
5 2 1 
6 2 1 
7 2 1 
8 2 1 
9 2 1 
10 2 1 
11 2 1 
12 2 1 
13 8 1 
14 8 1 
15 8 1 
16 8 1 
17 8 1 
18 8 1 
19 8 1 
20 8 1 
21 8 1 
22 8 1 
23 3 1 
24 3 1 
25 3 1 
26 3 1 
27 3 1 
28 3 1 
29 3 1 
30 3 1 
31 4 1 
32 4 1 
33 4 1 
34 4 1 
35 4 1 
36 4 1 
37 4 1 
38 4 1 
39 8 1 
40 8 1 
41 8 1 
42 8 1 
43 8 1 
44 8 1 
45 8 1 
46 8 1 
47 8 1 
48 8 1 
49 8 1 
50 8 1 
51 8 1 
52 8 1 
53 8 1 
54 8 1 
55 8 1 
56 8 1 
57 8 1 
58 8 1 
59 8 1 
60 8 1 
61 8 1 
62 4 1 
63 5 1 
64 5 1 
65 5 1 
66 5 1 
67 8 1 
68 5 1 
69 5 1 
70 5 1 
71 5 1 
72 5 1 
73 5 1 
74 5 1 
75 5 1 
76 5 1 
77 5 1 
78 5 1 
79 5 1 
80 5 1 
81 5 1 
82 5 1 
83 5 1 
84 5 1 
85 8 1 
86 7 1 
87 8 1 
88 8 1 
89 8 1 
90 8 1 
91 8 1 
92 8 1 
93 7 1 
94 7 1 
95 7 1 
96 7 1 
97 7 1 
98 7 1 
99 7 1 
100 7 1 
101 7 1 
102 7 1 
103 7 1 
104 7 1 
105 7 1 
106 7 1 
107 7 1 
108 7 1 
109 7 1 
110 7 1 
111 7 1 
112 7 1 
113 7 1 
114 7 1 
115 7 1 
116 7 1 
117 7 1 
118 7 1 
119 7 1 
120 7 1 
121 7 1 
122 7 1 
123 7 1 
124 7 1 
125 7 1 
126 7 1 
127 7 1 
128 7 1 
129 7 1 
130 7 1 
131 7 1 
132 7 1 
133 7 1 
134 7 1 
135 5 1 
136 5 1 
137 5 1 
138 5 1 
139 7 1 
140 5 1 
141 8 1 
142 8 1 
143 8 1 
144 8 1 
145 8 1 
146 8 1 
147 1 1 
148 1 1 
149 1 1 
150 1 1 
151 1 1 
152 1 1 
153 1 1 
154 1 1 
155 1 2 
156 1 2 
157 1 1 
158 1 1 
159 1 1 
160 1 1 
161 1 1 
162 1 1 
163 1 1 
164 1 1 
165 1 1 
166 2 2 
167 2 2 
168 2 2 
169 2 2 
170 2 2 
171 2 2 
172 2 2 
173 3 2 
174 3 2 
175 3 2 
176 3 2 
177 3 2 
178 3 2 
179 3 2 
180 3 2 
181 3 2 
182 3 2 
183 3 2 
184 3 2 
185 3 2 
186 3 2 
187 3 2 
188 3 2 
189 3 2 
190 3 2 
191 3 2 
192 3 2 
193 3 2 
194 3 2 
195 3 2 
196 3 2 
197 3 2 
198 3 2 
199 3 2 
200 3 2 
201 3 2 
202 3 2 
203 3 2 
204 3 2 
205 3 2 
206 3 2 
207 3 2 
208 3 2 
209 3 2 
210 3 2 
211 3 2 
212 3 2 
213 3 2 
214 3 2 
215 3 2 
216 3 2 
217 3 2 
218 3 2 
219 3 2 
220 3 2 
221 3 2 
222 3 2 
223 3 2 
224 3 2 
225 3 2 
226 3 2 
227 3 2 
228 3 2 
229 3 2 
230 3 2 
231 8 2 
232 8 2 
233 7 2 
234 6 2 
235 6 2 
236 6 2 
237 6 2 
238 6 2 
239 6 2 
240 6 2 
241 6 2 
242 6 2 
243 6 2 
244 6 2 
245 6 2 
246 6 2 
247 6 2 
248 6 2 
249 6 2 
250 6 2 
251 6 2 
252 6 2 
253 6 2 
254 6 2 
255 6 2 
256 6 2 
257 6 2 
258 6 2 
259 6 2 
260 6 2 
261 6 2 
262 6 2 
263 6 2 
264 6 2 
265 6 2 
266 6 2 
267 6 2 
268 6 2 
269 8 2 
270 8 2 
271 6 2 
272 6 2 
273 6 2 
274 6 2 
275 6 2 
276 6 2 
277 6 2 
278 8 2 
279 8 2 
280 8 2 
281 8 2 
282 8 2 
283 8 2 
284 7 2 
285 7 2 
286 7 2 
287 7 2 
288 7 2 
289 8 2 
290 4 2 
291 4 2 
292 4 2 
293 8 2 
294 8 2 
295 8 2 
296 8 2 
297 8 2 
298 7 2 
299 7 2 
300 7 2 
301 7 2 
302 7 2 
303 7 2 
304 7 2 
305 7 2 
306 7 2 
307 8 2 
308 8 2 
309 7 2 
310 7 2 
311 7 2 
312 7 2 
313 7 2 
314 7 2 
315 7 2 
316 7 2 
317 7 2 
318 7 2 
319 8 2 
320 8 2 
321 8 2 
322 8 2 
323 8 2 
324 8 2 
325 8 2 
326 8 2 
327 8 2 
328 8 2 
329 8 2 
330 8 2 
331 8 2 
332 8 2 
333 8 2 
334 8 2 
335 8 2 
336 1 2 
337 1 2 
338 1 2 
339 1 2 
340 1 2 
341 1 2 
342 1 2 
343 1 2 
344 1 2 
345 1 2 
346 1 2 
347 1 2 
348 1 2 
349 1 2 
350 1 2 
351 1 2 
352 1 2 
353 1 2 
354 1 2 
355 1 2 
356 1 2 
357 1 2 
358 1 2 
359 1 2 
360 1 2 
361 1 2 
362 1 2 
363 1 2 
364 2 3 
365 8 3 
366 8 3 
367 8 3 
368 8 3 
369 8 3 
370 8 3 
371 8 3 
372 8 3 
373 2 3 
374 2 3 
375 8 3 
376 2 3 
377 8 3 
378 8 3 
379 2 3 
380 8 3 
381 8 3 
382 8 3 
383 3 3 
384 3 3 
385 3 3 
386 3 3 
387 3 3 
388 3 3 
389 3 3 
390 3 3 
391 4 3 
392 4 3 
393 4 3 
394 4 3 
395 4 3 
396 4 3 
397 4 3 
398 4 3 
399 4 3 
400 4 3 
401 4 3 
402 4 3 
403 4 3 
404 4 3 
405 4 3 
406 4 3 
407 4 3 
408 4 3 
409 4 3 
410 4 3 
411 4 3 
412 8 3 
413 8 3 
414 8 3 
415 8 3 
416 5 3 
417 5 3 
418 5 3 
419 5 3 
420 5 3 
421 5 3 
422 5 3 
423 5 3 
424 8 3 
425 6 3 
426 5 3 
427 5 3 
428 5 3 
429 5 3 
430 5 3 
431 5 3 
432 5 3 
433 5 3 
434 5 3 
435 5 3 
436 5 3 
437 5 3 
438 5 3 
439 5 3 
440 5 3 
441 5 3 
442 5 3 
443 5 3 
444 5 3 
445 5 3 
446 5 3 
447 5 3 
448 5 3 
449 7 3 
450 7 3 
451 7 3 
452 7 3 
453 7 3 
454 7 3 
455 7 3 
456 7 3 
457 7 3 
458 7 3 
459 7 3 
460 7 3 
461 7 3 
462 7 3 
463 7 3 
464 3 3 
465 3 3 
466 3 3 
467 3 3 
468 3 3 
469 8 3 
470 8 3 
471 8 3 
472 8 3 
473 8 3 
474 8 3 
475 8 3 
476 7 3 
477 7 3 
478 7 3 
479 7 3 
480 7 3 
481 7 3 
482 7 3 
483 7 3 
484 7 3 
485 7 3 
486 7 3 
487 7 3 
488 7 3 
489 7 3 
490 7 3 
491 8 3 
492 8 3 
493 8 3 
494 8 3 
495 8 3 
496 8 3 
497 5 3 
498 5 3 
499 5 3 
500 5 3 
501 5 3 
502 5 3 
503 8 3 
504 8 3 
505 8 3 
506 8 3 
507 8 3 
508 8 3 
509 8 3 
510 8 3 
511 8 3 
512 8 3 
513 8 3 
514 8 3 
515 8 3 
516 7 3 
517 7 3 
518 7 3 
519 7 3 
520 7 3 
521 7 3 
522 7 3 
523 8 3 
524 8 3 
525 8 3 
526 8 3 
527 7 3 
528 7 3 
529 7 3 
530 7 3 
531 7 3 
532 7 3 
533 7 3 
534 7 3 
535 8 3 
536 8 3 
537 7 3 
538 7 3 
539 8 3 
540 8 3 
541 8 3 
542 8 3 
543 7 3 
544 7 3 
545 3 3 
546 3 3 
547 5 3 
548 1 3 
549 7 3 
550 7 3 
551 7 3 
552 7 3 
553 7 3 
554 8 3 
555 8 3 
556 8 3 
557 8 3 
558 8 3 
559 1 3 
560 1 3 
561 1 3 
562 1 3 
563 1 3 
564 1 3 
565 1 3 
566 1 3 
567 1 3 
568 1 3 
569 1 3 
570 1 3 
571 1 3 
572 1 3 
573 1 3 
574 1 4 
575 1 4 
576 1 4 
577 1 4 
578 1 4 
579 1 4 
580 1 4 
581 1 4 
582 1 3 
583 1 3 
584 1 4 
585 1 4 
586 1 4 
587 1 4 
588 1 4 
589 1 4 
590 1 4 
591 1 4 
592 2 4 
593 2 4 
594 2 4 
595 1 4 
596 2 4 
597 2 4 
598 2 4 
599 2 4 
600 2 4 
601 2 4 
602 2 4 
603 2 4 
604 2 4 
605 2 4 
606 3 4 
607 3 4 
608 3 4 
609 3 4 
610 3 4 
611 3 4 
612 3 4 
613 3 4 
614 3 4 
615 3 4 
616 3 4 
617 3 4 
618 3 4 
619 3 4 
620 3 4 
621 3 4 
622 3 4 
623 3 4 
624 3 4 
625 3 4 
626 3 4 
627 3 4 
628 3 4 
629 3 4 
630 3 4 
631 3 4 
632 3 4 
633 3 4 
634 3 4 
635 3 4 
636 3 4 
637 3 4 
638 3 4 
639 3 4 
640 3 4 
641 3 4 
642 3 4 
643 3 4 
644 8 4 
645 8 4 
646 8 4 
647 8 4 
648 8 4 
649 6 4 
650 6 4 
651 6 4 
652 6 4 
653 6 4 
654 6 4 
655 6 4 
656 6 4 
657 6 4 
658 6 4 
659 6 4 
660 6 4 
661 6 4 
662 6 4 
663 6 4 
664 6 4 
665 6 4 
666 6 4 
667 6 4 
668 6 4 
669 6 4 
670 6 4 
671 8 4 
672 6 4 
673 6 4 
674 6 4 
675 6 4 
676 6 4 
677 6 4 
678 6 4 
679 6 4 
680 6 4 
681 6 4 
682 6 4 
683 6 4 
684 7 4 
685 7 4 
686 7 4 
687 7 4 
688 7 4 
689 7 4 
690 7 4 
691 7 4 
692 7 4 
693 7 4 
694 7 4 
695 7 4 
696 7 4 
697 7 4 
698 7 4 
699 7 4 
700 7 4 
701 7 4 
702 7 4 
703 7 4 
704 7 4 
705 7 4 
706 7 4 
707 7 4 
708 7 4 
709 7 4 
710 7 4 
711 7 4 
712 7 4 
713 7 4 
714 7 4 
715 7 4 
716 7 4 
717 7 4 
718 7 4 
719 7 4 
720 7 4 
721 7 4 
722 7 4 
723 7 4 
724 7 4 
725 7 4 
726 7 4 
727 7 4 
728 7 4 
729 7 4 
730 7 4 
731 7 4 
732 7 4 
733 7 4 
734 7 4 
735 7 4 
736 7 4 
737 7 4 
738 7 4 
739 7 4 
740 7 4 
741 7 4 
742 7 4 
743 7 4 
744 7 4 
745 7 4 
746 7 4 
747 8 4 
748 8 4 
749 8 4 
750 8 4 
751 8 4 
752 8 4 
753 8 4 
754 7 4 
755 7 4 
756 7 4 
757 7 4 
758 7 4 
759 7 4 
760 7 4 
761 7 4 
762 7 4 
763 7 4 
764 7 4 
765 8 4 
766 8 4 
767 8 4 
768 8 4 
769 8 4 
770 8 4 
771 8 4 
772 8 4 
773 8 4 
774 8 4 
775 8 4 
776 8 4 
777 8 4 
778 7 4 
779 7 4 
780 7 4 
781 7 4 
782 7 4 
783 8 4 
784 8 4 
785 8 4 
786 8 4 
787 8 4 
788 6 4 
789 8 4 
790 8 4 
791 8 4 
792 8 4 
793 8 4 
794 8 4 
795 8 4 
796 8 4 
797 8 4 
798 8 4 
799 8 4 
800 8 4 
801 8 4 
802 7 4 
803 8 4 
804 8 4 
805 8 4 
806 8 4 
807 8 4 
808 8 4 
809 8 4 
810 8 4 
811 8 4 
812 8 4 
813 7 4 
814 1 4 
815 1 4 
816 1 4 
817 1 5 
818 1 4 
819 1 4 
820 1 4 
821 1 4 
822 1 4 
823 1 4 
824 1 4 
825 1 5 
826 2 5 
827 1 5 
828 2 5 
829 2 5 
830 2 5 
831 2 5 
832 2 5 
833 2 5 
834 7 5 
835 6 5 
836 6 5 
837 6 5 
838 1 5 
839 1 5 
840 3 5 
841 8 5 
842 8 5 
843 8 5 
844 8 5 
845 8 5 
846 8 5 
847 8 5 
848 8 5 
849 8 5 
850 8 5 
851 8 5 
852 8 5 
853 8 5 
854 8 5 
855 8 5 
856 8 5 
857 8 5 
858 8 5 
859 8 5 
860 8 5 
861 8 5 
862 7 5 
863 8 5 
864 8 5 
865 7 5 
866 7 5 
867 7 5 
868 7 5 
869 7 5 
870 7 5 
871 7 5 
872 8 5 
873 8 5 
874 8 5 
875 3 5 
876 7 5 
877 1 5 
878 1 5 
879 1 5 
880 1 5 
881 1 5 
882 1 5 
883 1 5 
884 1 5 
885 1 5 
886 1 5 
887 1 5 
888 1 5 
889 1 5 
890 1 5 
891 1 5 
892 1 5 
893 1 5 
894 1 5 
895 1 5 
896 1 5 
897 1 5 
898 1 5 
899 1 5 
900 1 5 
901 1 5 
902 1 5 
903 1 5 
904 1 5 
905 1 5 
906 1 5 
907 1 5 
908 1 5 
909 1 5 
910 1 5 
911 1 5 
912 1 5 
913 8 5 
914 8 5 
915 8 5 
916 8 5 
917 8 5 
918 8 5 
919 8 5 
920 8 5 
921 8 5 
922 8 5 
;
end;
