param S := 507;
param T := 8;
param D := 5;
param windowsize := 0;

param A := 
1 251
2 182
3 182
4 28
5 9
6 150
7 100
8 91
9 5
10 10
11 28
12 81
13 158
14 5
15 66
16 338
17 111
18 20
19 20
20 40
21 66
22 221
23 134
24 168
25 7
26 7
27 88
28 36
29 36
30 221
31 55
32 88
33 27
34 40
35 221
36 64
37 4
38 9
39 13
40 22
41 8
42 2
43 91
44 182
45 52
46 63
47 134
48 52
49 42
50 106
51 80
52 133
53 107
54 133
55 122
56 358
57 133
58 27
59 71
60 4
61 36
62 72
63 44
64 76
65 27
66 55
67 4
68 18
69 4
70 5
71 13
72 4
73 2
74 4
75 22
76 4
77 11
78 2
79 88
80 29
81 44
82 44
83 44
84 88
85 18
86 7
87 4
88 8
89 4
90 6
91 46
92 7
93 7
94 9
95 21
96 15
97 4
98 18
99 8
100 13
101 2
102 9
103 7
104 6
105 2
106 4
107 4
108 2
109 17
110 7
111 9
112 4
113 3
114 8
115 66
116 4
117 2
118 129
119 11
120 13
121 2
122 4
123 9
124 5
125 2
126 30
127 9
128 6
129 6
130 9
131 9
132 10
133 3
134 1
135 1
136 12
137 1
138 1
139 129
140 137
141 53
142 53
143 86
144 107
145 318
146 398
147 133
148 9
149 73
150 80
151 47
152 92
153 46
154 64
155 50
156 37
157 66
158 18
159 11
160 14
161 13
162 13
163 13
164 76
165 20
166 30
167 7
168 38
169 69
170 7
171 23
172 6
173 8
174 22
175 14
176 18
177 44
178 14
179 31
180 22
181 24
182 36
183 52
184 36
185 27
186 31
187 18
188 44
189 4
190 4
191 9
192 13
193 5
194 7
195 1
196 251
197 182
198 91
199 61
200 61
201 5
202 182
203 25
204 100
205 219
206 109
207 146
208 48
209 12
210 134
211 11
212 134
213 8
214 40
215 5
216 63
217 110
218 21
219 99
220 13
221 55
222 44
223 134
224 100
225 4
226 4
227 2
228 7
229 7
230 42
231 168
232 113
233 2
234 3
235 13
236 7
237 7
238 268
239 18
240 40
241 11
242 73
243 19
244 140
245 36
246 18
247 13
248 328
249 148
250 5
251 35
252 6
253 4
254 21
255 84
256 6
257 63
258 292
259 43
260 43
261 36
262 108
263 26
264 26
265 133
266 150
267 88
268 98
269 66
270 86
271 129
272 88
273 36
274 41
275 34
276 71
277 46
278 44
279 83
280 44
281 4
282 9
283 14
284 40
285 20
286 12
287 69
288 7
289 11
290 18
291 4
292 9
293 2
294 4
295 4
296 18
297 4
298 53
299 88
300 8
301 22
302 44
303 36
304 16
305 7
306 18
307 16
308 14
309 15
310 9
311 0
312 2
313 4
314 4
315 9
316 16
317 4
318 9
319 30
320 2
321 1
322 14
323 8
324 3
325 2
326 20
327 9
328 13
329 2
330 5
331 2
332 18
333 11
334 129
335 22
336 33
337 80
338 186
339 40
340 36
341 27
342 20
343 9
344 4
345 4
346 22
347 7
348 20
349 90
350 4
351 14
352 17
353 107
354 133
355 22
356 18
357 2
358 9
359 11
360 35
361 36
362 6
363 6
364 6
365 9
366 2
367 6
368 221
369 265
370 411
371 107
372 86
373 0
374 37
375 84
376 115
377 44
378 90
379 110
380 105
381 22
382 36
383 67
384 51
385 13
386 22
387 305
388 169
389 3
390 5
391 8
392 8
393 18
394 5
395 4
396 97
397 17
398 17
399 13
400 24
401 11
402 16
403 5
404 127
405 1
406 1
407 3
408 1
409 2
410 7
411 28
412 76
413 13
414 13
415 18
416 4
417 17
418 14
419 0
420 10
421 22
422 7
423 9
424 11
425 4
426 4
427 9
428 4
429 2
430 110
431 5
432 25
433 28
434 28
435 0
436 41
437 4
438 51
439 2
440 5
441 14
442 20
443 2
444 7
445 13
446 13
447 7
448 7
449 27
450 13
451 13
452 3
453 27
454 20
455 27
456 13
457 21
458 65
459 22
460 66
461 4
462 32
463 32
464 32
465 12
466 32
467 13
468 162
469 21
470 2
471 12
472 17
473 12
474 6
475 11
476 40
477 13
478 2
479 3
480 7
481 13
482 44
483 13
484 7
485 5
486 10
487 15
488 9
489 13
490 4
491 9
492 13
493 2
494 18
495 53
496 27
497 13
498 2
499 53
500 27
501 37
502 16
503 20
504 44
505 33
506 80
507 2
;

param Ttarget := 
1 1 1000
2 1 1000
3 1 1000
4 1 1000
5 1 500
6 1 500
7 1 500
8 1 500
1 2 1000
2 2 1000
3 2 1000
4 2 1000
5 2 500
6 2 500
7 2 500
8 2 500
1 3 1000
2 3 1000
3 3 1000
4 3 1000
5 3 500
6 3 500
7 3 500
8 3 500
1 4 1000
2 4 1000
3 4 1000
4 4 1000
5 4 500
6 4 500
7 4 500
8 4 500
1 5 1000
2 5 1000
3 5 1000
4 5 1000
5 5 500
6 5 500
7 5 500
8 5 500
;

set Bannlisti := 
;
set Fixlisti := 
1 1 1 
2 1 1 
3 1 1 
4 1 1 
5 1 1 
6 1 4 
7 1 4 
8 1 4 
9 1 4 
10 1 4 
11 1 4 
12 1 4 
13 1 4 
14 1 4 
15 1 4 
16 1 4 
17 1 4 
18 1 4 
19 1 4 
20 1 4 
21 1 4 
22 1 4 
23 1 4 
24 1 4 
25 1 4 
26 1 4 
27 1 4 
28 1 4 
29 1 4 
30 1 4 
31 1 4 
32 1 4 
33 1 4 
34 1 4 
35 1 4 
36 1 4 
37 2 4 
38 2 4 
39 2 4 
40 2 4 
41 2 4 
42 2 4 
43 2 4 
44 2 4 
45 2 4 
46 2 4 
47 2 4 
48 3 4 
49 3 4 
50 3 4 
51 3 4 
52 3 4 
53 3 4 
54 3 4 
55 3 4 
56 3 4 
57 3 4 
58 3 4 
59 3 4 
60 3 4 
61 3 4 
62 3 4 
63 3 4 
64 3 4 
65 3 4 
66 3 4 
67 3 4 
68 3 4 
69 3 4 
70 3 4 
71 3 4 
72 3 4 
73 3 4 
74 3 4 
75 3 4 
76 3 4 
77 8 4 
78 3 4 
79 3 4 
80 3 4 
81 3 4 
82 3 4 
83 3 4 
84 3 4 
85 3 4 
86 3 4 
87 3 4 
88 3 4 
89 3 4 
90 3 4 
91 3 4 
92 3 4 
93 3 4 
94 6 4 
95 6 4 
96 6 4 
97 6 4 
98 6 4 
99 6 4 
100 6 4 
101 6 4 
102 6 4 
103 8 4 
104 8 4 
105 8 4 
106 8 4 
107 8 4 
108 8 4 
109 2 4 
110 8 4 
111 8 4 
112 8 4 
113 8 4 
114 8 4 
115 8 4 
116 8 4 
117 8 4 
118 8 4 
119 8 4 
120 8 4 
121 8 4 
122 8 4 
123 8 4 
124 8 4 
125 8 4 
126 8 4 
127 6 4 
128 6 4 
129 6 4 
130 6 4 
131 6 4 
132 6 4 
133 6 4 
134 8 4 
135 8 4 
136 8 4 
137 8 4 
138 8 4 
139 6 4 
140 6 4 
141 6 4 
142 6 4 
143 6 4 
144 6 4 
145 6 4 
146 6 4 
147 6 4 
148 6 4 
149 6 4 
150 6 4 
151 6 4 
152 6 4 
153 6 4 
154 6 4 
155 6 4 
156 6 4 
157 6 4 
158 6 4 
159 7 4 
160 7 4 
161 7 4 
162 8 4 
163 8 4 
164 7 4 
165 7 4 
166 7 4 
167 7 4 
168 7 4 
169 7 4 
170 7 4 
171 7 4 
172 7 4 
173 8 4 
174 8 4 
175 8 4 
176 8 4 
177 8 4 
178 8 4 
179 8 4 
180 8 4 
181 8 4 
182 8 4 
183 7 4 
184 7 4 
185 7 4 
186 7 4 
187 7 4 
188 7 4 
189 8 4 
190 8 4 
191 8 4 
192 8 4 
193 8 4 
194 8 4 
195 8 4 
196 1 4 
197 1 4 
198 1 4 
199 1 4 
200 1 4 
201 1 4 
202 1 4 
203 1 4 
204 1 4 
205 1 4 
206 1 4 
207 1 4 
208 1 4 
209 1 4 
210 1 4 
211 1 4 
212 1 4 
213 1 4 
214 1 4 
215 1 4 
216 1 4 
217 1 4 
218 1 4 
219 1 4 
220 1 4 
221 1 4 
222 1 4 
223 1 4 
224 1 4 
225 1 4 
226 1 4 
227 1 4 
228 1 4 
229 1 5 
230 1 5 
231 1 5 
232 1 5 
233 1 5 
234 1 5 
235 1 5 
236 1 5 
237 1 4 
238 1 4 
239 1 4 
240 1 4 
241 2 5 
242 2 5 
243 2 5 
244 2 5 
245 8 5 
246 8 5 
247 8 5 
248 2 5 
249 2 5 
250 2 5 
251 2 5 
252 2 5 
253 2 5 
254 2 5 
255 2 5 
256 2 5 
257 2 5 
258 2 5 
259 2 5 
260 2 5 
261 1 4 
262 1 4 
263 1 4 
264 1 4 
265 3 5 
266 3 5 
267 3 5 
268 3 5 
269 3 5 
270 3 5 
271 3 5 
272 3 5 
273 3 5 
274 3 5 
275 3 5 
276 3 5 
277 3 5 
278 3 5 
279 3 5 
280 3 5 
281 3 5 
282 3 5 
283 3 5 
284 3 5 
285 3 5 
286 4 5 
287 4 5 
288 3 5 
289 3 5 
290 3 5 
291 3 5 
292 3 5 
293 3 5 
294 3 5 
295 3 5 
296 3 5 
297 3 5 
298 3 5 
299 3 5 
300 3 5 
301 3 5 
302 3 5 
303 3 5 
304 3 5 
305 3 5 
306 3 5 
307 3 5 
308 3 5 
309 3 5 
310 3 5 
311 3 5 
312 3 5 
313 3 5 
314 3 5 
315 3 5 
316 3 5 
317 3 5 
318 3 5 
319 3 5 
320 3 5 
321 3 5 
322 3 5 
323 3 5 
324 2 5 
325 3 5 
326 3 5 
327 3 5 
328 3 5 
329 3 5 
330 3 5 
331 3 5 
332 3 5 
333 3 5 
334 3 5 
335 3 5 
336 3 5 
337 3 5 
338 3 5 
339 3 5 
340 3 5 
341 3 5 
342 3 5 
343 3 5 
344 3 5 
345 3 5 
346 3 5 
347 3 5 
348 3 5 
349 5 5 
350 8 5 
351 5 5 
352 5 5 
353 5 5 
354 5 5 
355 5 5 
356 5 5 
357 5 5 
358 5 5 
359 5 5 
360 8 5 
361 8 5 
362 6 5 
363 6 5 
364 6 5 
365 6 5 
366 6 5 
367 6 5 
368 6 5 
369 6 5 
370 6 5 
371 6 5 
372 6 5 
373 6 5 
374 6 5 
375 6 5 
376 6 5 
377 6 5 
378 6 5 
379 6 5 
380 6 5 
381 6 5 
382 6 5 
383 6 5 
384 6 5 
385 6 5 
386 6 5 
387 6 5 
388 6 5 
389 7 5 
390 7 5 
391 7 5 
392 7 5 
393 7 5 
394 7 5 
395 7 5 
396 7 5 
397 7 5 
398 7 5 
399 7 5 
400 7 5 
401 7 5 
402 7 5 
403 7 5 
404 8 5 
405 7 5 
406 7 5 
407 7 5 
408 7 5 
409 7 5 
410 7 5 
411 7 5 
412 7 5 
413 8 5 
414 7 5 
415 7 5 
416 7 5 
417 7 5 
418 7 5 
419 7 5 
420 7 5 
421 8 5 
422 8 5 
423 7 5 
424 7 5 
425 7 5 
426 7 5 
427 7 5 
428 8 5 
429 8 5 
430 8 5 
431 7 5 
432 7 5 
433 7 5 
434 7 5 
435 7 5 
436 7 5 
437 7 5 
438 7 5 
439 7 5 
440 7 5 
441 7 5 
442 7 5 
443 8 5 
444 8 5 
445 8 5 
446 8 5 
447 8 5 
448 8 5 
449 8 5 
450 8 5 
451 8 5 
452 8 5 
453 8 5 
454 8 5 
455 8 5 
456 8 5 
457 8 5 
458 7 5 
459 7 5 
460 7 5 
461 8 5 
462 7 5 
463 7 5 
464 7 5 
465 7 5 
466 7 5 
467 7 5 
468 8 5 
469 8 5 
470 8 5 
471 8 5 
472 8 5 
473 8 5 
474 8 5 
475 8 5 
476 8 5 
477 8 5 
478 8 5 
479 8 5 
480 8 5 
481 8 5 
482 8 5 
483 8 5 
484 7 5 
485 8 5 
486 8 5 
487 8 5 
488 8 5 
489 8 5 
490 8 5 
491 8 5 
492 8 5 
493 8 5 
494 8 5 
495 8 5 
496 8 5 
497 8 5 
498 8 5 
499 8 5 
500 8 5 
501 8 5 
502 8 5 
503 8 5 
504 8 5 
505 8 5 
506 8 5 
507 8 5 
;
end;
