param S := 848;
param T := 8;
param D := 5;
param windowsize := 0;

param A := 
1 4
2 7
3 2
4 2
5 7
6 4
7 18
8 107
9 16
10 166
11 193
12 133
13 168
14 79
15 73
16 24
17 24
18 36
19 4
20 0
21 1
22 1
23 0
24 0
25 2
26 9
27 17
28 24
29 3
30 1
31 22
32 55
33 22
34 7
35 55
36 110
37 36
38 31
39 4
40 9
41 2
42 4
43 8
44 9
45 7
46 9
47 0
48 12
49 12
50 52
51 12
52 24
53 12
54 52
55 44
56 72
57 86
58 106
59 129
60 77
61 129
62 11
63 7
64 9
65 21
66 4
67 4
68 1
69 265
70 11
71 17
72 7
73 4
74 8
75 9
76 24
77 36
78 44
79 27
80 4
81 13
82 7
83 4
84 4
85 0
86 9
87 2
88 9
89 12
90 14
91 18
92 2
93 5
94 2
95 19
96 2
97 4
98 12
99 15
100 11
101 48
102 48
103 12
104 4
105 12
106 2
107 14
108 28
109 14
110 5
111 3
112 6
113 36
114 36
115 9
116 1
117 20
118 11
119 33
120 12
121 1
122 1
123 1
124 2
125 0
126 5
127 2
128 1
129 17
130 13
131 30
132 23
133 12
134 12
135 46
136 46
137 16
138 1
139 4
140 9
141 7
142 76
143 4
144 18
145 18
146 2
147 13
148 14
149 2
150 18
151 44
152 20
153 4
154 8
155 9
156 9
157 2
158 4
159 2
160 2
161 4
162 9
163 11
164 4
165 15
166 12
167 6
168 9
169 305
170 36
171 1
172 16
173 23
174 0
175 9
176 150
177 50
178 100
179 125
180 12
181 55
182 55
183 73
184 73
185 5
186 28
187 5
188 37
189 80
190 30
191 259
192 55
193 1
194 42
195 19
196 11
197 243
198 4
199 0
200 5
201 13
202 36
203 292
204 5
205 5
206 61
207 11
208 80
209 28
210 46
211 44
212 38
213 88
214 20
215 11
216 72
217 28
218 40
219 5
220 9
221 4
222 62
223 5
224 2
225 2
226 54
227 14
228 2
229 64
230 265
231 106
232 141
233 150
234 86
235 107
236 133
237 106
238 98
239 38
240 23
241 11
242 36
243 13
244 36
245 76
246 13
247 22
248 133
249 358
250 86
251 250
252 4
253 13
254 7
255 33
256 13
257 7
258 9
259 4
260 19
261 4
262 8
263 11
264 13
265 17
266 13
267 88
268 8
269 27
270 27
271 22
272 4
273 7
274 0
275 4
276 12
277 12
278 18
279 18
280 96
281 107
282 129
283 64
284 80
285 12
286 11
287 1
288 2
289 17
290 88
291 36
292 32
293 36
294 32
295 16
296 4
297 7
298 5
299 27
300 18
301 5
302 10
303 9
304 9
305 6
306 6
307 6
308 411
309 34
310 94
311 66
312 50
313 46
314 129
315 47
316 48
317 55
318 88
319 115
320 23
321 50
322 16
323 95
324 106
325 11
326 118
327 46
328 22
329 2
330 44
331 22
332 17
333 21
334 7
335 18
336 215
337 7
338 7
339 11
340 4
341 4
342 7
343 106
344 107
345 17
346 24
347 7
348 16
349 51
350 11
351 4
352 68
353 46
354 42
355 12
356 18
357 14
358 53
359 9
360 66
361 133
362 7
363 13
364 4
365 6
366 18
367 5
368 22
369 55
370 27
371 14
372 9
373 13
374 4
375 9
376 17
377 4
378 4
379 3
380 6
381 7
382 18
383 22
384 16
385 18
386 18
387 35
388 11
389 35
390 22
391 3
392 94
393 73
394 9
395 12
396 49
397 81
398 16
399 1
400 0
401 46
402 4
403 52
404 100
405 9
406 9
407 61
408 36
409 109
410 91
411 36
412 109
413 73
414 43
415 81
416 85
417 48
418 95
419 50
420 84
421 47
422 152
423 94
424 47
425 66
426 33
427 134
428 133
429 133
430 106
431 133
432 317
433 158
434 169
435 13
436 84
437 49
438 2
439 51
440 28
441 107
442 80
443 86
444 187
445 221
446 66
447 9
448 4
449 12
450 9
451 9
452 22
453 11
454 8
455 19
456 9
457 4
458 4
459 3
460 79
461 12
462 2
463 9
464 13
465 2
466 22
467 7
468 13
469 4
470 36
471 14
472 20
473 14
474 14
475 7
476 8
477 8
478 22
479 4
480 7
481 2
482 9
483 6
484 4
485 9
486 13
487 44
488 9
489 9
490 62
491 12
492 12
493 10
494 6
495 4
496 5
497 5
498 10
499 6
500 12
501 0
502 11
503 18
504 14
505 22
506 9
507 13
508 13
509 9
510 18
511 7
512 11
513 9
514 9
515 16
516 7
517 3
518 18
519 4
520 9
521 54
522 40
523 8
524 40
525 221
526 10
527 91
528 122
529 61
530 5
531 75
532 50
533 91
534 109
535 91
536 96
537 24
538 133
539 2
540 65
541 18
542 44
543 44
544 11
545 13
546 0
547 4
548 4
549 19
550 11
551 63
552 73
553 2
554 2
555 26
556 23
557 5
558 17
559 4
560 2
561 474
562 14
563 18
564 18
565 0
566 18
567 150
568 186
569 13
570 7
571 12
572 7
573 36
574 18
575 7
576 1
577 2
578 24
579 6
580 1
581 5
582 3
583 4
584 3
585 3
586 6
587 10
588 3
589 7
590 7
591 18
592 6
593 18
594 8
595 3
596 2
597 6
598 52
599 60
600 36
601 36
602 36
603 36
604 12
605 36
606 24
607 22
608 1
609 2
610 0
611 3
612 46
613 152
614 44
615 129
616 107
617 80
618 0
619 44
620 8
621 21
622 7
623 1
624 11
625 0
626 2
627 15
628 0
629 52
630 18
631 16
632 66
633 13
634 107
635 179
636 22
637 90
638 18
639 4
640 4
641 11
642 7
643 22
644 9
645 7
646 22
647 65
648 17
649 12
650 16
651 110
652 4
653 22
654 55
655 110
656 2
657 4
658 25
659 18
660 2
661 5
662 4
663 18
664 18
665 22
666 13
667 55
668 51
669 4
670 7
671 6
672 4
673 2
674 54
675 135
676 4
677 0
678 1
679 0
680 0
681 0
682 1
683 0
684 0
685 0
686 12
687 150
688 25
689 75
690 97
691 12
692 28
693 91
694 73
695 36
696 109
697 73
698 75
699 75
700 40
701 5
702 107
703 106
704 86
705 115
706 88
707 107
708 107
709 177
710 186
711 88
712 159
713 11
714 19
715 66
716 9
717 68
718 72
719 14
720 35
721 125
722 7
723 143
724 25
725 4
726 24
727 7
728 10
729 11
730 109
731 146
732 69
733 73
734 5
735 0
736 0
737 0
738 0
739 39
740 73
741 36
742 2
743 18
744 14
745 18
746 18
747 17
748 17
749 16
750 14
751 1
752 9
753 7
754 5
755 84
756 58
757 150
758 106
759 81
760 133
761 5
762 36
763 6
764 6
765 61
766 37
767 23
768 19
769 23
770 179
771 179
772 265
773 107
774 18
775 22
776 7
777 8
778 19
779 20
780 133
781 8
782 7
783 3
784 44
785 2
786 5
787 14
788 8
789 13
790 4
791 12
792 4
793 27
794 21
795 13
796 9
797 2
798 9
799 13
800 40
801 44
802 18
803 0
804 12
805 22
806 11
807 59
808 9
809 24
810 2
811 133
812 22
813 18
814 13
815 14
816 7
817 7
818 7
819 7
820 53
821 73
822 73
823 55
824 55
825 36
826 5
827 4
828 9
829 12
830 4
831 4
832 193
833 168
834 106
835 27
836 221
837 88
838 221
839 107
840 106
841 133
842 44
843 79
844 73
845 28
846 146
847 26
848 91
;

param Ttarget := 
1 1 1000
2 1 1000
3 1 1000
4 1 1000
5 1 500
6 1 500
7 1 500
8 1 500
1 2 1000
2 2 1000
3 2 1000
4 2 1000
5 2 500
6 2 500
7 2 500
8 2 500
1 3 1000
2 3 1000
3 3 1000
4 3 1000
5 3 500
6 3 500
7 3 500
8 3 500
1 4 1000
2 4 1000
3 4 1000
4 4 1000
5 4 500
6 4 500
7 4 500
8 4 500
1 5 1000
2 5 1000
3 5 1000
4 5 1000
5 5 500
6 5 500
7 5 500
8 5 500
;

set Bannlisti := 
;
set Fixlisti := 
1 6 1 
2 5 1 
3 8 1 
4 8 1 
5 6 1 
6 5 1 
7 1 1 
8 1 1 
9 1 1 
10 1 1 
11 1 1 
12 1 1 
13 1 1 
14 2 1 
15 2 1 
16 2 1 
17 8 1 
18 8 1 
19 1 1 
20 1 1 
21 1 1 
22 2 1 
23 1 1 
24 8 1 
25 1 1 
26 3 1 
27 3 1 
28 3 1 
29 3 1 
30 3 1 
31 3 1 
32 3 1 
33 3 1 
34 3 1 
35 3 1 
36 3 1 
37 3 1 
38 3 1 
39 3 1 
40 3 1 
41 4 1 
42 4 1 
43 4 1 
44 4 1 
45 4 1 
46 4 1 
47 4 1 
48 4 1 
49 4 1 
50 4 1 
51 4 1 
52 4 1 
53 4 1 
54 4 1 
55 4 1 
56 4 1 
57 4 1 
58 4 1 
59 4 1 
60 4 1 
61 4 1 
62 5 1 
63 5 1 
64 5 1 
65 5 1 
66 5 1 
67 8 1 
68 8 1 
69 5 1 
70 5 1 
71 8 1 
72 8 1 
73 8 1 
74 8 1 
75 8 1 
76 8 1 
77 8 1 
78 8 1 
79 8 1 
80 8 1 
81 8 1 
82 8 1 
83 8 1 
84 5 1 
85 5 1 
86 5 1 
87 5 1 
88 5 1 
89 7 1 
90 8 1 
91 8 1 
92 8 1 
93 8 1 
94 8 1 
95 8 1 
96 8 1 
97 8 1 
98 8 1 
99 8 1 
100 8 1 
101 3 1 
102 3 1 
103 3 1 
104 3 1 
105 8 1 
106 8 1 
107 8 1 
108 8 1 
109 8 1 
110 8 1 
111 8 1 
112 8 1 
113 8 1 
114 8 1 
115 8 1 
116 8 1 
117 8 1 
118 5 1 
119 8 1 
120 8 1 
121 7 1 
122 7 1 
123 7 1 
124 7 1 
125 7 1 
126 7 1 
127 7 1 
128 7 1 
129 7 1 
130 7 1 
131 7 1 
132 7 1 
133 7 1 
134 7 1 
135 7 1 
136 7 1 
137 7 1 
138 7 1 
139 7 1 
140 7 1 
141 7 1 
142 7 1 
143 8 1 
144 8 1 
145 8 1 
146 1 1 
147 7 1 
148 7 1 
149 8 1 
150 5 1 
151 5 1 
152 7 1 
153 7 1 
154 7 1 
155 7 1 
156 7 1 
157 7 1 
158 7 1 
159 7 1 
160 7 1 
161 8 1 
162 8 1 
163 8 1 
164 8 1 
165 8 1 
166 8 1 
167 8 1 
168 8 1 
169 8 1 
170 8 1 
171 8 1 
172 8 1 
173 8 1 
174 8 1 
175 1 1 
176 1 1 
177 1 1 
178 1 1 
179 1 1 
180 1 1 
181 1 1 
182 1 1 
183 1 1 
184 1 1 
185 1 1 
186 1 1 
187 1 1 
188 1 1 
189 1 1 
190 1 1 
191 1 1 
192 1 1 
193 1 1 
194 1 1 
195 1 1 
196 1 2 
197 1 2 
198 7 2 
199 1 1 
200 1 1 
201 1 2 
202 1 2 
203 2 2 
204 8 2 
205 8 2 
206 8 2 
207 2 2 
208 2 2 
209 2 2 
210 2 2 
211 2 2 
212 2 2 
213 2 2 
214 2 2 
215 2 2 
216 2 2 
217 2 2 
218 2 2 
219 2 2 
220 2 2 
221 2 2 
222 2 2 
223 2 2 
224 2 2 
225 2 2 
226 2 2 
227 1 2 
228 2 2 
229 3 2 
230 3 2 
231 3 2 
232 3 2 
233 3 2 
234 3 2 
235 3 2 
236 3 2 
237 3 2 
238 3 2 
239 3 2 
240 3 2 
241 3 2 
242 3 2 
243 3 2 
244 3 2 
245 3 2 
246 3 2 
247 3 2 
248 3 2 
249 3 2 
250 3 2 
251 3 2 
252 3 2 
253 3 2 
254 3 2 
255 3 2 
256 3 2 
257 3 2 
258 3 2 
259 3 2 
260 3 2 
261 3 2 
262 3 2 
263 3 2 
264 3 2 
265 3 2 
266 3 2 
267 3 2 
268 3 2 
269 3 2 
270 3 2 
271 3 2 
272 3 2 
273 3 2 
274 3 2 
275 3 2 
276 3 2 
277 3 2 
278 8 2 
279 8 2 
280 8 2 
281 8 2 
282 8 2 
283 8 2 
284 8 2 
285 8 2 
286 8 2 
287 8 2 
288 8 2 
289 8 2 
290 8 2 
291 8 2 
292 8 2 
293 6 2 
294 8 2 
295 8 2 
296 8 2 
297 8 2 
298 8 2 
299 8 2 
300 8 2 
301 6 2 
302 6 2 
303 6 2 
304 6 2 
305 6 2 
306 6 2 
307 6 2 
308 6 2 
309 6 2 
310 6 2 
311 6 2 
312 6 2 
313 6 2 
314 6 2 
315 6 2 
316 6 2 
317 6 2 
318 6 2 
319 6 2 
320 6 2 
321 6 2 
322 6 2 
323 6 2 
324 6 2 
325 6 2 
326 6 2 
327 6 2 
328 6 2 
329 6 2 
330 6 2 
331 6 2 
332 6 2 
333 8 2 
334 6 2 
335 6 2 
336 6 2 
337 6 2 
338 6 2 
339 6 2 
340 6 2 
341 6 2 
342 6 2 
343 6 2 
344 6 2 
345 7 2 
346 7 2 
347 7 2 
348 7 2 
349 7 2 
350 7 2 
351 8 2 
352 7 2 
353 7 2 
354 7 2 
355 7 2 
356 7 2 
357 7 2 
358 7 2 
359 7 2 
360 7 2 
361 7 2 
362 7 2 
363 7 2 
364 7 2 
365 7 2 
366 7 2 
367 7 2 
368 7 2 
369 7 2 
370 8 2 
371 8 2 
372 7 2 
373 7 2 
374 7 2 
375 7 2 
376 7 2 
377 7 2 
378 7 2 
379 7 2 
380 8 2 
381 8 2 
382 7 2 
383 7 2 
384 7 2 
385 7 2 
386 7 2 
387 7 2 
388 7 2 
389 7 2 
390 7 2 
391 3 2 
392 8 2 
393 8 2 
394 7 2 
395 8 2 
396 8 2 
397 8 2 
398 8 2 
399 8 2 
400 8 2 
401 8 2 
402 8 2 
403 4 3 
404 1 2 
405 1 2 
406 1 2 
407 1 2 
408 1 2 
409 1 2 
410 1 2 
411 1 2 
412 1 2 
413 1 2 
414 1 2 
415 1 3 
416 1 3 
417 1 3 
418 1 3 
419 1 3 
420 1 3 
421 1 3 
422 1 3 
423 1 3 
424 1 3 
425 1 2 
426 1 2 
427 1 2 
428 1 2 
429 1 2 
430 1 2 
431 1 2 
432 1 2 
433 1 2 
434 2 3 
435 2 3 
436 2 3 
437 2 3 
438 2 3 
439 2 3 
440 2 3 
441 3 3 
442 3 3 
443 3 3 
444 3 3 
445 3 3 
446 3 3 
447 3 3 
448 3 3 
449 3 3 
450 3 3 
451 3 3 
452 3 3 
453 3 3 
454 8 3 
455 8 3 
456 8 3 
457 8 3 
458 8 3 
459 8 3 
460 8 3 
461 1 3 
462 3 3 
463 3 3 
464 3 3 
465 3 3 
466 3 3 
467 3 3 
468 3 3 
469 3 3 
470 3 3 
471 3 3 
472 5 3 
473 7 3 
474 7 3 
475 8 3 
476 8 3 
477 8 3 
478 8 3 
479 8 3 
480 8 3 
481 8 3 
482 8 3 
483 8 3 
484 8 3 
485 7 3 
486 8 3 
487 8 3 
488 8 3 
489 8 3 
490 7 3 
491 7 3 
492 7 3 
493 7 3 
494 7 3 
495 7 3 
496 8 3 
497 8 3 
498 8 3 
499 8 3 
500 8 3 
501 8 3 
502 8 3 
503 8 3 
504 8 3 
505 8 3 
506 8 3 
507 8 3 
508 8 3 
509 8 3 
510 8 3 
511 8 3 
512 8 3 
513 8 3 
514 8 3 
515 8 3 
516 8 3 
517 8 3 
518 8 3 
519 8 3 
520 8 3 
521 1 3 
522 1 3 
523 1 3 
524 1 3 
525 1 3 
526 1 3 
527 1 3 
528 1 3 
529 1 3 
530 1 3 
531 1 3 
532 1 3 
533 1 3 
534 1 3 
535 1 3 
536 1 6 
537 8 6 
538 8 6 
539 8 6 
540 2 6 
541 2 6 
542 2 6 
543 2 6 
544 2 6 
545 2 6 
546 2 6 
547 2 6 
548 2 6 
549 2 6 
550 2 6 
551 2 6 
552 2 6 
553 8 6 
554 8 6 
555 2 6 
556 2 6 
557 8 6 
558 8 6 
559 8 6 
560 8 6 
561 2 6 
562 8 6 
563 8 6 
564 8 6 
565 3 6 
566 3 6 
567 3 6 
568 3 6 
569 3 6 
570 8 6 
571 8 6 
572 8 6 
573 8 6 
574 8 6 
575 8 6 
576 8 6 
577 8 6 
578 8 6 
579 8 6 
580 8 6 
581 8 6 
582 8 6 
583 8 6 
584 8 3 
585 8 3 
586 8 3 
587 8 3 
588 8 3 
589 8 3 
590 8 3 
591 8 3 
592 8 3 
593 8 3 
594 3 6 
595 3 6 
596 8 6 
597 4 6 
598 4 6 
599 4 6 
600 4 6 
601 4 6 
602 4 6 
603 4 6 
604 4 6 
605 4 6 
606 4 6 
607 4 6 
608 2 6 
609 2 6 
610 2 6 
611 2 6 
612 4 6 
613 4 6 
614 4 6 
615 4 6 
616 4 6 
617 4 6 
618 4 6 
619 4 6 
620 4 6 
621 4 6 
622 8 6 
623 4 6 
624 4 6 
625 8 6 
626 8 6 
627 6 6 
628 6 6 
629 5 6 
630 5 6 
631 5 6 
632 5 6 
633 5 6 
634 5 6 
635 5 6 
636 5 6 
637 5 6 
638 5 6 
639 8 6 
640 5 6 
641 5 6 
642 5 6 
643 5 6 
644 5 6 
645 5 6 
646 5 6 
647 7 6 
648 7 6 
649 7 6 
650 7 6 
651 7 6 
652 7 6 
653 7 6 
654 7 6 
655 7 6 
656 7 6 
657 7 6 
658 7 6 
659 7 6 
660 7 6 
661 7 6 
662 7 6 
663 7 6 
664 7 6 
665 7 6 
666 5 6 
667 5 6 
668 5 6 
669 5 6 
670 5 6 
671 5 6 
672 5 6 
673 3 6 
674 8 6 
675 8 6 
676 1 6 
677 2 6 
678 8 6 
679 1 6 
680 2 6 
681 1 6 
682 2 6 
683 2 6 
684 4 6 
685 4 6 
686 1 7 
687 1 7 
688 1 7 
689 1 7 
690 1 7 
691 1 7 
692 1 6 
693 1 6 
694 1 6 
695 1 6 
696 1 6 
697 1 6 
698 1 6 
699 1 6 
700 1 6 
701 2 7 
702 3 7 
703 3 7 
704 3 7 
705 3 7 
706 3 7 
707 3 7 
708 3 7 
709 3 7 
710 3 7 
711 3 7 
712 3 7 
713 3 7 
714 3 7 
715 3 7 
716 3 7 
717 3 7 
718 3 7 
719 3 7 
720 3 7 
721 3 7 
722 3 7 
723 3 7 
724 3 7 
725 3 7 
726 3 7 
727 3 7 
728 4 7 
729 3 7 
730 2 7 
731 2 7 
732 2 7 
733 2 7 
734 3 7 
735 3 7 
736 3 7 
737 3 7 
738 3 7 
739 4 7 
740 4 7 
741 4 7 
742 5 7 
743 3 7 
744 3 7 
745 3 7 
746 3 7 
747 3 7 
748 3 7 
749 3 7 
750 3 7 
751 2 7 
752 3 7 
753 3 7 
754 3 7 
755 4 7 
756 1 7 
757 6 7 
758 6 7 
759 6 7 
760 6 7 
761 6 7 
762 6 7 
763 6 7 
764 6 7 
765 6 7 
766 6 7 
767 6 7 
768 6 7 
769 6 7 
770 6 7 
771 6 7 
772 6 7 
773 6 7 
774 7 7 
775 7 7 
776 7 7 
777 6 7 
778 6 7 
779 6 7 
780 6 7 
781 6 7 
782 6 7 
783 6 7 
784 6 7 
785 6 7 
786 8 7 
787 8 7 
788 8 7 
789 7 7 
790 7 7 
791 7 7 
792 8 7 
793 8 7 
794 8 7 
795 8 7 
796 8 7 
797 8 7 
798 8 7 
799 8 7 
800 7 7 
801 7 7 
802 7 7 
803 6 7 
804 8 7 
805 8 7 
806 8 7 
807 8 7 
808 8 7 
809 8 7 
810 8 7 
811 8 7 
812 8 7 
813 8 7 
814 8 7 
815 8 7 
816 8 7 
817 8 7 
818 8 7 
819 8 7 
820 1 7 
821 1 7 
822 1 7 
823 1 7 
824 1 7 
825 1 7 
826 1 7 
827 1 7 
828 1 7 
829 1 7 
830 1 7 
831 1 7 
832 1 7 
833 1 7 
834 1 7 
835 1 7 
836 1 7 
837 1 7 
838 1 7 
839 1 7 
840 1 7 
841 1 7 
842 1 7 
843 2 7 
844 2 7 
845 2 7 
846 2 7 
847 2 7 
848 2 7 
;
end;
