param S := 674;
param T := 8;
param D := 5;
param windowsize := 0;

param A := 
1 243
2 19
3 16
4 51
5 86
6 14
7 107
8 12
9 20
10 106
11 73
12 6
13 9
14 134
15 21
16 65
17 133
18 107
19 86
20 86
21 106
22 133
23 86
24 88
25 20
26 13
27 17
28 17
29 5
30 9
31 6
32 20
33 20
34 6
35 18
36 7
37 11
38 8
39 9
40 36
41 72
42 44
43 18
44 9
45 65
46 65
47 15
48 5
49 5
50 5
51 5
52 8
53 29
54 16
55 7
56 44
57 40
58 22
59 9
60 9
61 13
62 14
63 9
64 4
65 6
66 5
67 146
68 61
69 24
70 94
71 12
72 135
73 34
74 84
75 22
76 40
77 4
78 96
79 9
80 46
81 51
82 219
83 101
84 123
85 30
86 60
87 3
88 23
89 14
90 0
91 5
92 182
93 9
94 125
95 12
96 125
97 24
98 35
99 128
100 35
101 164
102 63
103 18
104 18
105 68
106 38
107 130
108 13
109 146
110 72
111 18
112 100
113 24
114 19
115 169
116 127
117 112
118 51
119 69
120 60
121 1
122 110
123 221
124 72
125 55
126 2
127 12
128 14
129 5
130 12
131 3
132 7
133 4
134 11
135 1
136 12
137 20
138 6
139 26
140 3
141 4
142 6
143 8
144 2
145 7
146 18
147 18
148 7
149 18
150 158
151 60
152 8
153 8
154 29
155 7
156 9
157 9
158 7
159 4
160 9
161 4
162 4
163 7
164 4
165 12
166 12
167 80
168 18
169 18
170 76
171 129
172 27
173 4
174 7
175 4
176 36
177 0
178 16
179 12
180 12
181 52
182 52
183 48
184 59
185 36
186 12
187 7
188 24
189 36
190 36
191 7
192 7
193 2
194 1
195 3
196 18
197 5
198 62
199 27
200 110
201 88
202 22
203 215
204 203
205 33
206 107
207 8
208 25
209 110
210 9
211 10
212 22
213 13
214 18
215 90
216 2
217 4
218 19
219 46
220 6
221 11
222 221
223 221
224 18
225 33
226 130
227 35
228 9
229 10
230 36
231 9
232 9
233 97
234 22
235 3
236 8
237 9
238 25
239 9
240 32
241 28
242 9
243 4
244 4
245 7
246 2
247 2
248 2
249 51
250 4
251 7
252 152
253 46
254 30
255 14
256 13
257 9
258 16
259 8
260 10
261 8
262 13
263 5
264 9
265 5
266 8
267 15
268 1
269 1
270 16
271 0
272 46
273 21
274 23
275 23
276 14
277 5
278 23
279 11
280 27
281 4
282 2
283 1
284 0
285 1
286 81
287 81
288 9
289 5
290 27
291 91
292 146
293 36
294 146
295 91
296 2
297 4
298 4
299 8
300 6
301 0
302 0
303 0
304 146
305 73
306 347
307 10
308 292
309 6
310 64
311 52
312 107
313 133
314 106
315 88
316 80
317 88
318 107
319 88
320 133
321 107
322 106
323 107
324 179
325 186
326 35
327 9
328 27
329 31
330 13
331 7
332 17
333 2
334 4
335 36
336 30
337 17
338 13
339 44
340 59
341 67
342 9
343 76
344 27
345 110
346 265
347 107
348 38
349 8
350 53
351 133
352 53
353 22
354 27
355 55
356 37
357 45
358 20
359 53
360 84
361 8
362 22
363 22
364 22
365 2
366 6
367 9
368 4
369 2
370 18
371 94
372 32
373 123
374 42
375 52
376 249
377 133
378 265
379 150
380 411
381 6
382 13
383 6
384 333
385 110
386 72
387 106
388 97
389 43
390 107
391 88
392 106
393 133
394 14
395 4
396 36
397 9
398 9
399 9
400 9
401 9
402 11
403 44
404 18
405 24
406 13
407 21
408 22
409 9
410 14
411 22
412 22
413 16
414 4
415 18
416 11
417 4
418 7
419 44
420 4
421 2
422 18
423 14
424 8
425 31
426 2
427 2
428 35
429 12
430 4
431 14
432 22
433 4
434 4
435 7
436 12
437 12
438 9
439 9
440 12
441 8
442 7
443 9
444 13
445 55
446 7
447 9
448 22
449 5
450 267
451 318
452 133
453 212
454 265
455 107
456 17
457 50
458 251
459 12
460 25
461 201
462 25
463 25
464 18
465 4
466 9
467 113
468 4
469 96
470 88
471 221
472 186
473 64
474 106
475 338
476 13
477 73
478 18
479 110
480 20
481 21
482 47
483 13
484 109
485 109
486 84
487 28
488 11
489 35
490 28
491 4
492 15
493 72
494 88
495 179
496 177
497 9
498 11
499 44
500 106
501 86
502 27
503 40
504 72
505 9
506 22
507 20
508 6
509 24
510 52
511 52
512 9
513 36
514 36
515 9
516 7
517 88
518 36
519 129
520 107
521 129
522 129
523 133
524 159
525 107
526 22
527 69
528 26
529 22
530 9
531 11
532 9
533 9
534 7
535 27
536 13
537 31
538 22
539 33
540 22
541 4
542 66
543 90
544 45
545 54
546 2
547 18
548 0
549 18
550 18
551 7
552 9
553 0
554 12
555 12
556 12
557 56
558 28
559 14
560 5
561 5
562 12
563 12
564 4
565 12
566 52
567 5
568 43
569 10
570 11
571 36
572 28
573 22
574 2
575 9
576 4
577 9
578 4
579 135
580 55
581 36
582 11
583 22
584 28
585 18
586 20
587 2
588 3
589 0
590 1
591 1
592 0
593 27
594 4
595 14
596 16
597 44
598 0
599 4
600 2
601 21
602 18
603 9
604 36
605 44
606 4
607 2
608 2
609 110
610 51
611 18
612 4
613 2
614 2
615 9
616 1
617 9
618 4
619 7
620 177
621 40
622 46
623 61
624 3
625 101
626 44
627 4
628 4
629 40
630 44
631 8
632 44
633 4
634 12
635 128
636 146
637 55
638 36
639 18
640 128
641 36
642 146
643 2
644 42
645 0
646 109
647 109
648 109
649 109
650 109
651 18
652 17
653 100
654 5
655 14
656 9
657 9
658 14
659 5
660 9
661 14
662 2
663 13
664 11
665 11
666 0
667 10
668 61
669 28
670 122
671 16
672 68
673 199
674 22
;

param Ttarget := 
1 1 1000
2 1 1000
3 1 1000
4 1 1000
5 1 500
6 1 500
7 1 500
8 1 500
1 2 1000
2 2 1000
3 2 1000
4 2 1000
5 2 500
6 2 500
7 2 500
8 2 500
1 3 1000
2 3 1000
3 3 1000
4 3 1000
5 3 500
6 3 500
7 3 500
8 3 500
1 4 1000
2 4 1000
3 4 1000
4 4 1000
5 4 500
6 4 500
7 4 500
8 4 500
1 5 1000
2 5 1000
3 5 1000
4 5 1000
5 5 500
6 5 500
7 5 500
8 5 500
;

set Bannlisti := 
;
set Fixlisti := 
1 1 1 
2 2 1 
3 2 1 
4 2 1 
5 8 1 
6 8 1 
7 8 1 
8 8 1 
9 8 1 
10 2 1 
11 2 1 
12 8 1 
13 8 1 
14 2 1 
15 8 1 
16 3 1 
17 3 1 
18 3 1 
19 3 1 
20 3 1 
21 3 1 
22 3 1 
23 3 1 
24 3 1 
25 3 1 
26 3 1 
27 3 1 
28 3 1 
29 3 1 
30 3 1 
31 3 1 
32 8 1 
33 3 1 
34 3 1 
35 3 1 
36 3 1 
37 3 1 
38 3 1 
39 3 1 
40 3 1 
41 3 1 
42 3 1 
43 3 1 
44 3 1 
45 7 1 
46 7 1 
47 8 1 
48 8 1 
49 8 1 
50 7 1 
51 8 1 
52 8 1 
53 8 1 
54 8 1 
55 8 1 
56 8 1 
57 8 1 
58 8 1 
59 8 1 
60 8 1 
61 8 1 
62 8 1 
63 8 1 
64 8 1 
65 8 1 
66 8 1 
67 1 1 
68 8 1 
69 8 1 
70 8 1 
71 8 1 
72 8 1 
73 8 1 
74 1 1 
75 1 1 
76 1 1 
77 1 1 
78 1 1 
79 1 1 
80 1 1 
81 1 1 
82 1 1 
83 1 1 
84 1 1 
85 1 1 
86 1 1 
87 1 1 
88 1 1 
89 1 1 
90 1 1 
91 1 1 
92 1 1 
93 1 1 
94 1 1 
95 1 1 
96 1 1 
97 1 1 
98 2 2 
99 2 2 
100 2 2 
101 2 2 
102 2 2 
103 2 2 
104 2 2 
105 2 2 
106 2 2 
107 2 2 
108 2 2 
109 2 2 
110 2 2 
111 2 2 
112 2 2 
113 2 2 
114 2 2 
115 2 2 
116 2 2 
117 2 2 
118 2 2 
119 3 2 
120 3 2 
121 8 2 
122 3 2 
123 3 2 
124 3 2 
125 3 2 
126 8 2 
127 8 2 
128 8 2 
129 8 2 
130 8 2 
131 8 2 
132 8 2 
133 8 2 
134 8 2 
135 8 2 
136 3 2 
137 3 2 
138 8 2 
139 8 2 
140 8 2 
141 8 2 
142 8 2 
143 8 2 
144 8 2 
145 8 2 
146 8 2 
147 8 2 
148 8 2 
149 8 2 
150 8 2 
151 8 2 
152 8 2 
153 8 2 
154 8 2 
155 8 2 
156 8 2 
157 8 2 
158 8 2 
159 8 2 
160 8 2 
161 8 2 
162 8 2 
163 8 2 
164 8 2 
165 4 2 
166 4 2 
167 8 2 
168 8 2 
169 8 2 
170 8 2 
171 8 2 
172 8 2 
173 8 2 
174 8 2 
175 8 2 
176 8 2 
177 8 2 
178 8 2 
179 4 2 
180 4 2 
181 4 2 
182 4 2 
183 4 2 
184 4 2 
185 4 2 
186 4 2 
187 8 2 
188 8 2 
189 8 2 
190 8 2 
191 8 2 
192 8 2 
193 8 2 
194 8 2 
195 8 2 
196 8 2 
197 8 2 
198 5 2 
199 5 2 
200 5 2 
201 5 2 
202 5 2 
203 5 2 
204 5 2 
205 5 2 
206 5 2 
207 5 2 
208 5 2 
209 5 2 
210 5 2 
211 5 2 
212 5 2 
213 5 2 
214 3 2 
215 5 2 
216 5 2 
217 8 2 
218 7 2 
219 7 2 
220 7 2 
221 7 2 
222 7 2 
223 7 2 
224 7 2 
225 7 2 
226 7 2 
227 7 2 
228 7 2 
229 7 2 
230 7 2 
231 7 2 
232 7 2 
233 7 2 
234 7 2 
235 7 2 
236 8 2 
237 7 2 
238 7 2 
239 7 2 
240 7 2 
241 7 2 
242 7 2 
243 8 2 
244 8 2 
245 8 2 
246 8 2 
247 8 2 
248 7 2 
249 7 2 
250 7 2 
251 7 2 
252 7 2 
253 7 2 
254 7 2 
255 7 2 
256 7 2 
257 7 2 
258 7 2 
259 7 2 
260 7 2 
261 7 2 
262 7 2 
263 7 2 
264 7 2 
265 7 2 
266 7 2 
267 7 2 
268 7 2 
269 7 2 
270 7 2 
271 7 2 
272 7 2 
273 7 2 
274 7 2 
275 7 2 
276 7 2 
277 7 2 
278 7 2 
279 7 2 
280 7 2 
281 8 2 
282 8 2 
283 8 2 
284 8 2 
285 8 2 
286 1 3 
287 1 3 
288 1 3 
289 1 3 
290 1 3 
291 1 3 
292 1 3 
293 1 3 
294 1 3 
295 1 3 
296 8 3 
297 1 3 
298 5 3 
299 4 3 
300 4 3 
301 1 3 
302 6 3 
303 6 3 
304 8 3 
305 4 3 
306 2 3 
307 2 3 
308 2 3 
309 2 3 
310 3 3 
311 3 3 
312 3 3 
313 3 3 
314 3 3 
315 3 3 
316 3 3 
317 3 3 
318 3 3 
319 3 3 
320 3 3 
321 3 3 
322 3 3 
323 3 3 
324 3 3 
325 3 3 
326 3 3 
327 3 3 
328 3 3 
329 3 3 
330 3 3 
331 3 3 
332 3 3 
333 3 3 
334 3 3 
335 3 3 
336 3 3 
337 3 3 
338 3 3 
339 3 3 
340 3 3 
341 3 3 
342 3 3 
343 3 3 
344 3 3 
345 6 3 
346 6 3 
347 6 3 
348 6 3 
349 6 3 
350 6 3 
351 6 3 
352 6 3 
353 6 3 
354 6 3 
355 6 3 
356 6 3 
357 6 3 
358 6 3 
359 6 3 
360 6 3 
361 6 3 
362 6 3 
363 6 3 
364 6 3 
365 6 3 
366 6 3 
367 6 3 
368 6 3 
369 6 3 
370 6 3 
371 6 3 
372 6 3 
373 6 3 
374 6 3 
375 6 3 
376 6 3 
377 6 3 
378 6 3 
379 6 3 
380 6 3 
381 6 3 
382 6 3 
383 6 3 
384 6 3 
385 6 3 
386 6 3 
387 6 3 
388 6 3 
389 6 3 
390 6 3 
391 6 3 
392 6 3 
393 6 3 
394 8 3 
395 8 3 
396 8 3 
397 8 3 
398 8 3 
399 8 3 
400 8 3 
401 8 3 
402 7 3 
403 8 3 
404 8 3 
405 8 3 
406 8 3 
407 8 3 
408 8 3 
409 8 3 
410 8 3 
411 8 3 
412 8 3 
413 8 3 
414 8 3 
415 8 3 
416 7 3 
417 7 3 
418 7 3 
419 7 3 
420 7 3 
421 7 3 
422 7 3 
423 7 3 
424 7 3 
425 8 3 
426 8 3 
427 8 3 
428 8 3 
429 8 3 
430 8 3 
431 8 3 
432 8 3 
433 8 3 
434 8 3 
435 8 3 
436 8 3 
437 8 3 
438 8 3 
439 8 3 
440 8 3 
441 8 3 
442 8 3 
443 8 3 
444 8 3 
445 8 3 
446 8 3 
447 8 3 
448 8 3 
449 8 3 
450 1 4 
451 1 4 
452 1 4 
453 1 4 
454 1 4 
455 1 4 
456 1 4 
457 1 4 
458 1 4 
459 1 4 
460 1 4 
461 1 4 
462 1 4 
463 1 4 
464 1 4 
465 1 4 
466 1 4 
467 1 4 
468 1 4 
469 1 4 
470 1 4 
471 1 4 
472 1 4 
473 1 4 
474 1 4 
475 1 4 
476 4 4 
477 4 4 
478 8 4 
479 8 4 
480 8 4 
481 2 4 
482 2 4 
483 2 4 
484 2 4 
485 2 4 
486 2 4 
487 2 4 
488 2 4 
489 2 4 
490 2 4 
491 2 4 
492 2 4 
493 2 4 
494 2 4 
495 2 4 
496 2 4 
497 8 4 
498 8 4 
499 4 4 
500 4 4 
501 4 4 
502 4 4 
503 4 4 
504 4 4 
505 4 4 
506 4 4 
507 4 4 
508 4 4 
509 4 4 
510 4 4 
511 4 4 
512 4 4 
513 4 4 
514 4 4 
515 4 4 
516 4 4 
517 4 4 
518 4 4 
519 4 4 
520 4 4 
521 4 4 
522 4 4 
523 4 4 
524 4 4 
525 4 4 
526 4 4 
527 5 4 
528 5 4 
529 5 4 
530 5 4 
531 5 4 
532 5 4 
533 5 4 
534 5 4 
535 5 4 
536 5 4 
537 5 4 
538 5 4 
539 5 4 
540 5 4 
541 5 4 
542 5 4 
543 5 4 
544 5 4 
545 5 4 
546 5 4 
547 5 4 
548 5 4 
549 5 4 
550 5 4 
551 8 4 
552 8 4 
553 8 4 
554 8 4 
555 8 4 
556 8 4 
557 8 4 
558 8 4 
559 8 4 
560 8 4 
561 8 4 
562 3 4 
563 3 4 
564 3 4 
565 3 4 
566 7 4 
567 8 4 
568 7 4 
569 7 4 
570 7 4 
571 7 4 
572 7 4 
573 7 4 
574 8 4 
575 8 4 
576 8 4 
577 8 4 
578 8 4 
579 7 4 
580 7 4 
581 7 4 
582 7 4 
583 7 4 
584 7 4 
585 8 4 
586 8 4 
587 8 4 
588 7 4 
589 7 4 
590 7 4 
591 7 4 
592 7 4 
593 8 4 
594 8 4 
595 8 4 
596 7 4 
597 7 4 
598 8 4 
599 8 4 
600 8 4 
601 7 4 
602 7 4 
603 7 4 
604 7 4 
605 7 4 
606 7 4 
607 7 4 
608 7 4 
609 5 4 
610 5 4 
611 5 4 
612 7 4 
613 7 4 
614 7 4 
615 7 4 
616 7 4 
617 7 4 
618 7 4 
619 7 4 
620 5 4 
621 7 4 
622 7 4 
623 7 4 
624 7 4 
625 7 4 
626 7 4 
627 8 4 
628 7 4 
629 7 4 
630 7 4 
631 7 4 
632 7 4 
633 7 4 
634 1 4 
635 1 4 
636 1 4 
637 1 4 
638 1 4 
639 1 4 
640 1 4 
641 1 4 
642 1 4 
643 1 4 
644 1 4 
645 1 4 
646 1 4 
647 1 4 
648 1 4 
649 1 4 
650 1 4 
651 1 4 
652 1 4 
653 1 4 
654 1 4 
655 1 4 
656 1 4 
657 1 4 
658 1 4 
659 1 4 
660 1 4 
661 1 4 
662 1 4 
663 1 4 
664 1 4 
665 1 4 
666 1 4 
667 1 4 
668 1 4 
669 1 4 
670 1 4 
671 1 4 
672 1 4 
673 1 4 
674 1 4 
;
end;
