param S := 959;
param T := 8;
param D := 5;
param windowsize := 0;

param A := 
1 59
2 12
3 1
4 19
5 5
6 32
7 169
8 32
9 73
10 19
11 24
12 24
13 46
14 44
15 88
16 130
17 22
18 80
19 37
20 93
21 54
22 40
23 18
24 7
25 16
26 65
27 179
28 67
29 22
30 18
31 9
32 16
33 4
34 122
35 23
36 7
37 143
38 44
39 40
40 5
41 27
42 40
43 36
44 76
45 111
46 23
47 88
48 13
49 118
50 143
51 36
52 78
53 26
54 265
55 257
56 16
57 72
58 18
59 13
60 4
61 11
62 36
63 32
64 22
65 13
66 14
67 22
68 121
69 71
70 18
71 60
72 31
73 45
74 55
75 12
76 13
77 18
78 27
79 76
80 249
81 53
82 55
83 45
84 27
85 47
86 5
87 82
88 106
89 53
90 158
91 106
92 305
93 221
94 200
95 159
96 9
97 20
98 21
99 23
100 7
101 5
102 221
103 94
104 123
105 231
106 110
107 221
108 150
109 411
110 150
111 110
112 7
113 45
114 44
115 19
116 9
117 3
118 18
119 9
120 9
121 4
122 22
123 18
124 15
125 9
126 7
127 18
128 22
129 18
130 4
131 11
132 13
133 22
134 9
135 5
136 72
137 22
138 22
139 2
140 4
141 18
142 18
143 110
144 27
145 265
146 61
147 5
148 5
149 42
150 55
151 23
152 110
153 5
154 18
155 5
156 28
157 9
158 11
159 9
160 6
161 4
162 8
163 4
164 9
165 18
166 13
167 9
168 8
169 13
170 9
171 4
172 4
173 13
174 11
175 134
176 12
177 36
178 26
179 17
180 36
181 4
182 5
183 4
184 72
185 66
186 14
187 14
188 9
189 16
190 7
191 9
192 18
193 22
194 16
195 31
196 9
197 29
198 44
199 53
200 14
201 135
202 54
203 14
204 0
205 4
206 36
207 251
208 25
209 109
210 40
211 122
212 221
213 225
214 94
215 47
216 62
217 62
218 72
219 487
220 244
221 52
222 59
223 77
224 12
225 146
226 146
227 84
228 106
229 79
230 73
231 5
232 61
233 1
234 107
235 107
236 80
237 141
238 115
239 150
240 106
241 107
242 66
243 86
244 129
245 44
246 11
247 1
248 106
249 158
250 265
251 86
252 88
253 2
254 98
255 80
256 358
257 86
258 21
259 59
260 115
261 43
262 33
263 106
264 1
265 53
266 53
267 38
268 106
269 266
270 53
271 2
272 1
273 35
274 9
275 2
276 7
277 2
278 2
279 4
280 27
281 4
282 2
283 2
284 2
285 7
286 4
287 2
288 52
289 9
290 52
291 11
292 48
293 9
294 51
295 31
296 11
297 16
298 3
299 3
300 37
301 8
302 7
303 4
304 13
305 9
306 2
307 4
308 9
309 18
310 4
311 19
312 11
313 4
314 2
315 3
316 2
317 61
318 12
319 61
320 5
321 11
322 10
323 122
324 69
325 26
326 72
327 88
328 42
329 14
330 168
331 133
332 104
333 113
334 5
335 14
336 134
337 100
338 23
339 73
340 81
341 38
342 7
343 10
344 303
345 219
346 84
347 101
348 216
349 35
350 28
351 31
352 146
353 18
354 33
355 88
356 238
357 190
358 38
359 88
360 44
361 212
362 40
363 221
364 106
365 0
366 0
367 1
368 177
369 6
370 11
371 104
372 106
373 182
374 69
375 169
376 5
377 6
378 15
379 10
380 6
381 3
382 24
383 12
384 7
385 36
386 5
387 4
388 7
389 18
390 7
391 36
392 54
393 7
394 7
395 1
396 4
397 6
398 4
399 24
400 3
401 12
402 14
403 2
404 14
405 8
406 6
407 18
408 3
409 5
410 5
411 27
412 4
413 8
414 7
415 12
416 13
417 7
418 9
419 32
420 16
421 29
422 2
423 16
424 13
425 7
426 27
427 12
428 66
429 26
430 16
431 3
432 14
433 1
434 2
435 4
436 3
437 7
438 19
439 13
440 24
441 24
442 69
443 37
444 95
445 71
446 24
447 97
448 4
449 0
450 50
451 53
452 8
453 129
454 107
455 129
456 86
457 37
458 179
459 9
460 13
461 18
462 22
463 11
464 40
465 88
466 44
467 88
468 9
469 26
470 430
471 72
472 179
473 265
474 107
475 7
476 9
477 17
478 12
479 7
480 3
481 28
482 17
483 3
484 11
485 29
486 55
487 18
488 22
489 29
490 22
491 18
492 26
493 9
494 13
495 13
496 10
497 12
498 5
499 22
500 72
501 44
502 2
503 4
504 2
505 0
506 78
507 59
508 168
509 28
510 72
511 38
512 38
513 14
514 18
515 63
516 7
517 19
518 55
519 104
520 55
521 20
522 88
523 96
524 46
525 67
526 36
527 8
528 18
529 113
530 11
531 9
532 9
533 25
534 18
535 4
536 27
537 55
538 46
539 135
540 67
541 55
542 157
543 32
544 72
545 141
546 35
547 8
548 398
549 107
550 9
551 2
552 2
553 4
554 7
555 4
556 2
557 4
558 5
559 3
560 61
561 792
562 21
563 47
564 210
565 47
566 62
567 144
568 317
569 154
570 634
571 237
572 251
573 251
574 75
575 365
576 8
577 8
578 12
579 12
580 438
581 14
582 11
583 16
584 5
585 2
586 86
587 36
588 158
589 120
590 18
591 44
592 107
593 12
594 7
595 5
596 182
597 253
598 0
599 63
600 19
601 103
602 5
603 112
604 24
605 73
606 267
607 7
608 32
609 32
610 43
611 43
612 4
613 11
614 48
615 14
616 71
617 160
618 166
619 106
620 72
621 7
622 18
623 129
624 52
625 106
626 106
627 133
628 122
629 133
630 221
631 716
632 86
633 44
634 4
635 7
636 66
637 21
638 44
639 44
640 125
641 22
642 42
643 4
644 9
645 4
646 4
647 11
648 61
649 8
650 2
651 4
652 9
653 4
654 0
655 17
656 16
657 12
658 4
659 40
660 32
661 42
662 52
663 52
664 90
665 13
666 6
667 150
668 133
669 86
670 128
671 107
672 5
673 399
674 133
675 172
676 179
677 44
678 2
679 52
680 22
681 95
682 4
683 4
684 2
685 13
686 4
687 2
688 4
689 13
690 7
691 2
692 51
693 20
694 9
695 9
696 9
697 4
698 11
699 4
700 18
701 33
702 9
703 2
704 13
705 2
706 9
707 2
708 2
709 22
710 42
711 9
712 7
713 2
714 4
715 7
716 13
717 32
718 10
719 7
720 49
721 2
722 9
723 23
724 2
725 4
726 13
727 22
728 12
729 8
730 4
731 5
732 21
733 27
734 18
735 14
736 18
737 81
738 2
739 21
740 9
741 9
742 9
743 14
744 2
745 7
746 5
747 23
748 24
749 12
750 26
751 9
752 12
753 9
754 5
755 2
756 4
757 9
758 7
759 9
760 7
761 35
762 9
763 21
764 27
765 133
766 22
767 13
768 18
769 62
770 13
771 22
772 11
773 9
774 3
775 212
776 124
777 133
778 318
779 133
780 221
781 22
782 110
783 9
784 0
785 14
786 107
787 90
788 106
789 193
790 44
791 33
792 33
793 22
794 317
795 44
796 9
797 12
798 182
799 164
800 182
801 81
802 221
803 44
804 106
805 9
806 8
807 107
808 90
809 193
810 22
811 162
812 5
813 9
814 146
815 182
816 146
817 18
818 7
819 9
820 9
821 2
822 9
823 31
824 3
825 2
826 44
827 16
828 0
829 8
830 127
831 63
832 9
833 110
834 12
835 11
836 0
837 19
838 0
839 7
840 36
841 48
842 81
843 44
844 129
845 133
846 88
847 80
848 54
849 9
850 22
851 74
852 8
853 18
854 15
855 1
856 7
857 14
858 53
859 110
860 66
861 90
862 215
863 75
864 66
865 27
866 2
867 4
868 18
869 36
870 9
871 32
872 13
873 8
874 7
875 30
876 7
877 3
878 9
879 90
880 11
881 2
882 2
883 0
884 0
885 2
886 4
887 132
888 38
889 7
890 46
891 8
892 18
893 48
894 48
895 12
896 6
897 4
898 7
899 12
900 7
901 2
902 4
903 4
904 42
905 4
906 17
907 1
908 5
909 1
910 4
911 12
912 18
913 10
914 12
915 8
916 76
917 0
918 1
919 1
920 3
921 1
922 1
923 2
924 5
925 2
926 24
927 0
928 0
929 7
930 14
931 22
932 76
933 44
934 44
935 40
936 19
937 24
938 25
939 25
940 7
941 5
942 7
943 5
944 17
945 11
946 5
947 56
948 22
949 182
950 11
951 122
952 30
953 27
954 91
955 182
956 91
957 602
958 52
959 24
;

param Ttarget := 
1 1 1000
2 1 1000
3 1 1000
4 1 1000
5 1 500
6 1 500
7 1 500
8 1 500
1 2 1000
2 2 1000
3 2 1000
4 2 1000
5 2 500
6 2 500
7 2 500
8 2 500
1 3 1000
2 3 1000
3 3 1000
4 3 1000
5 3 500
6 3 500
7 3 500
8 3 500
1 4 1000
2 4 1000
3 4 1000
4 4 1000
5 4 500
6 4 500
7 4 500
8 4 500
1 5 1000
2 5 1000
3 5 1000
4 5 1000
5 5 500
6 5 500
7 5 500
8 5 500
;

set Bannlisti := 
;
set Fixlisti := 
1 1 1 
2 2 1 
3 2 1 
4 2 1 
5 2 1 
6 2 1 
7 2 1 
8 4 1 
9 4 1 
10 4 1 
11 4 1 
12 4 1 
13 2 1 
14 2 1 
15 2 1 
16 2 1 
17 2 1 
18 2 1 
19 2 1 
20 2 1 
21 2 1 
22 2 1 
23 2 1 
24 2 1 
25 2 1 
26 2 1 
27 2 1 
28 2 1 
29 3 1 
30 3 1 
31 3 1 
32 3 1 
33 3 1 
34 3 1 
35 3 1 
36 3 1 
37 3 1 
38 3 1 
39 3 1 
40 3 1 
41 3 1 
42 3 1 
43 3 1 
44 3 1 
45 3 1 
46 3 1 
47 3 1 
48 3 1 
49 3 1 
50 3 1 
51 3 1 
52 8 1 
53 8 1 
54 8 1 
55 8 1 
56 8 1 
57 8 1 
58 8 1 
59 8 1 
60 8 1 
61 8 1 
62 8 1 
63 8 1 
64 8 1 
65 8 1 
66 8 1 
67 8 1 
68 4 1 
69 4 1 
70 5 1 
71 8 1 
72 8 1 
73 3 1 
74 3 1 
75 6 1 
76 6 1 
77 6 1 
78 6 1 
79 6 1 
80 6 1 
81 6 1 
82 6 1 
83 6 1 
84 6 1 
85 6 1 
86 6 1 
87 6 1 
88 6 1 
89 6 1 
90 6 1 
91 6 1 
92 6 1 
93 6 1 
94 6 1 
95 6 1 
96 6 1 
97 6 1 
98 8 1 
99 6 1 
100 6 1 
101 6 1 
102 6 1 
103 6 1 
104 6 1 
105 6 1 
106 6 1 
107 6 1 
108 6 1 
109 6 1 
110 6 1 
111 6 1 
112 7 1 
113 7 1 
114 7 1 
115 7 1 
116 7 1 
117 7 1 
118 7 1 
119 7 1 
120 7 1 
121 7 1 
122 7 1 
123 7 1 
124 7 1 
125 7 1 
126 7 1 
127 7 1 
128 7 1 
129 7 1 
130 7 1 
131 7 1 
132 7 1 
133 7 1 
134 7 1 
135 7 1 
136 7 1 
137 7 1 
138 7 1 
139 7 1 
140 7 1 
141 7 1 
142 7 1 
143 7 1 
144 7 1 
145 7 1 
146 7 1 
147 7 1 
148 7 1 
149 7 1 
150 7 1 
151 7 1 
152 7 1 
153 7 1 
154 7 1 
155 7 1 
156 8 1 
157 8 1 
158 8 1 
159 8 1 
160 8 1 
161 8 1 
162 8 1 
163 8 1 
164 8 1 
165 8 1 
166 8 1 
167 8 1 
168 8 1 
169 8 1 
170 8 1 
171 8 1 
172 8 1 
173 8 1 
174 8 1 
175 8 1 
176 8 1 
177 8 1 
178 8 1 
179 8 1 
180 8 1 
181 8 1 
182 8 1 
183 8 1 
184 8 1 
185 8 1 
186 8 1 
187 8 1 
188 8 1 
189 8 1 
190 8 1 
191 8 1 
192 8 1 
193 8 1 
194 7 1 
195 7 1 
196 8 1 
197 8 1 
198 8 1 
199 8 1 
200 8 1 
201 8 1 
202 8 1 
203 8 1 
204 8 1 
205 8 1 
206 1 1 
207 1 1 
208 1 1 
209 1 1 
210 1 1 
211 1 2 
212 1 2 
213 1 1 
214 1 1 
215 1 1 
216 1 1 
217 1 1 
218 1 1 
219 1 1 
220 1 1 
221 1 1 
222 1 1 
223 1 1 
224 1 2 
225 2 2 
226 2 2 
227 2 2 
228 2 2 
229 2 2 
230 2 2 
231 8 2 
232 8 2 
233 8 2 
234 3 2 
235 3 2 
236 3 2 
237 3 2 
238 3 2 
239 3 2 
240 3 2 
241 3 2 
242 3 2 
243 3 2 
244 3 2 
245 3 2 
246 3 2 
247 3 2 
248 3 2 
249 3 2 
250 3 2 
251 3 2 
252 3 2 
253 3 2 
254 3 2 
255 3 2 
256 3 2 
257 3 2 
258 6 2 
259 6 2 
260 6 2 
261 8 2 
262 8 2 
263 6 2 
264 6 2 
265 6 2 
266 6 2 
267 6 2 
268 6 2 
269 6 2 
270 6 2 
271 8 2 
272 8 2 
273 8 2 
274 8 2 
275 8 2 
276 8 2 
277 8 2 
278 8 2 
279 8 2 
280 8 2 
281 8 2 
282 8 2 
283 8 2 
284 8 2 
285 8 2 
286 8 2 
287 8 2 
288 7 2 
289 7 2 
290 7 2 
291 7 2 
292 7 2 
293 7 2 
294 7 2 
295 8 2 
296 8 2 
297 8 2 
298 8 2 
299 8 2 
300 8 2 
301 8 2 
302 8 2 
303 8 2 
304 8 2 
305 8 2 
306 8 2 
307 8 2 
308 8 2 
309 8 2 
310 8 2 
311 8 2 
312 8 2 
313 8 2 
314 8 2 
315 8 2 
316 8 2 
317 8 2 
318 8 2 
319 1 5 
320 1 5 
321 1 5 
322 1 5 
323 1 5 
324 1 5 
325 1 5 
326 1 5 
327 1 5 
328 1 5 
329 1 5 
330 1 5 
331 1 5 
332 1 5 
333 1 5 
334 1 5 
335 1 5 
336 1 5 
337 2 5 
338 8 5 
339 2 5 
340 1 5 
341 1 5 
342 1 5 
343 1 5 
344 1 5 
345 1 5 
346 1 5 
347 1 5 
348 2 5 
349 2 5 
350 2 5 
351 2 5 
352 2 5 
353 2 5 
354 2 5 
355 1 5 
356 1 5 
357 1 5 
358 1 5 
359 1 5 
360 1 5 
361 1 5 
362 1 5 
363 1 5 
364 1 5 
365 8 5 
366 8 5 
367 8 5 
368 6 5 
369 5 5 
370 7 5 
371 3 5 
372 3 5 
373 2 5 
374 2 5 
375 2 5 
376 8 5 
377 8 5 
378 8 5 
379 8 5 
380 8 5 
381 8 5 
382 8 5 
383 8 5 
384 8 5 
385 8 5 
386 8 5 
387 8 5 
388 8 5 
389 8 5 
390 8 5 
391 8 5 
392 8 5 
393 8 5 
394 8 5 
395 8 5 
396 8 5 
397 8 5 
398 8 5 
399 8 5 
400 8 5 
401 8 5 
402 8 5 
403 8 5 
404 8 5 
405 8 5 
406 8 5 
407 8 5 
408 8 5 
409 8 5 
410 8 5 
411 8 5 
412 8 5 
413 8 5 
414 8 5 
415 8 5 
416 8 5 
417 8 5 
418 8 5 
419 8 5 
420 8 5 
421 8 5 
422 8 5 
423 8 5 
424 8 5 
425 8 5 
426 8 5 
427 8 5 
428 8 5 
429 8 5 
430 8 5 
431 8 5 
432 8 5 
433 8 5 
434 8 5 
435 8 5 
436 8 5 
437 8 5 
438 8 5 
439 4 5 
440 4 5 
441 4 5 
442 4 5 
443 4 5 
444 4 5 
445 4 5 
446 4 5 
447 4 5 
448 8 5 
449 8 5 
450 8 5 
451 8 5 
452 4 5 
453 4 5 
454 4 5 
455 4 5 
456 4 5 
457 8 5 
458 5 5 
459 5 5 
460 5 5 
461 5 5 
462 5 5 
463 5 5 
464 5 5 
465 5 5 
466 5 5 
467 5 5 
468 5 5 
469 5 5 
470 5 5 
471 5 5 
472 5 5 
473 5 5 
474 5 5 
475 7 5 
476 7 5 
477 7 5 
478 7 5 
479 7 5 
480 7 5 
481 7 5 
482 7 5 
483 7 5 
484 7 5 
485 5 5 
486 5 5 
487 5 5 
488 5 5 
489 5 5 
490 5 5 
491 7 5 
492 7 5 
493 7 5 
494 6 5 
495 6 5 
496 6 5 
497 7 5 
498 7 5 
499 7 5 
500 7 5 
501 7 5 
502 7 5 
503 7 5 
504 7 5 
505 7 5 
506 7 5 
507 7 5 
508 7 5 
509 7 5 
510 7 5 
511 7 5 
512 7 5 
513 7 5 
514 7 5 
515 7 5 
516 7 5 
517 6 5 
518 6 5 
519 6 5 
520 6 5 
521 6 5 
522 6 5 
523 6 5 
524 6 5 
525 6 5 
526 6 5 
527 8 5 
528 6 5 
529 6 5 
530 6 5 
531 6 5 
532 6 5 
533 6 5 
534 6 5 
535 6 5 
536 6 5 
537 6 5 
538 6 5 
539 6 5 
540 6 5 
541 6 5 
542 6 5 
543 6 5 
544 6 5 
545 6 5 
546 4 5 
547 7 5 
548 6 5 
549 6 5 
550 8 5 
551 8 5 
552 2 5 
553 1 5 
554 1 5 
555 3 5 
556 3 5 
557 5 5 
558 3 5 
559 8 5 
560 1 5 
561 1 5 
562 4 6 
563 1 5 
564 1 5 
565 1 5 
566 1 5 
567 1 5 
568 1 5 
569 1 5 
570 1 5 
571 1 5 
572 1 5 
573 1 5 
574 1 5 
575 1 5 
576 2 6 
577 2 6 
578 2 6 
579 2 6 
580 2 6 
581 8 6 
582 8 6 
583 8 6 
584 8 6 
585 8 6 
586 8 6 
587 8 6 
588 8 6 
589 8 6 
590 8 6 
591 8 6 
592 8 6 
593 8 6 
594 8 6 
595 8 6 
596 2 6 
597 2 6 
598 2 6 
599 2 6 
600 2 6 
601 2 6 
602 2 6 
603 2 6 
604 2 6 
605 2 6 
606 2 6 
607 2 6 
608 8 6 
609 8 6 
610 8 6 
611 2 6 
612 2 6 
613 3 6 
614 3 6 
615 3 6 
616 3 6 
617 3 6 
618 3 6 
619 3 6 
620 3 6 
621 3 6 
622 3 6 
623 3 6 
624 3 6 
625 3 6 
626 3 6 
627 3 6 
628 3 6 
629 3 6 
630 3 6 
631 3 6 
632 3 6 
633 1 6 
634 3 6 
635 3 6 
636 3 6 
637 3 6 
638 3 6 
639 3 6 
640 3 6 
641 3 6 
642 3 6 
643 3 6 
644 3 6 
645 3 6 
646 3 6 
647 3 6 
648 8 6 
649 3 6 
650 3 6 
651 3 6 
652 3 6 
653 3 6 
654 3 6 
655 3 6 
656 3 6 
657 3 6 
658 3 6 
659 3 6 
660 3 6 
661 6 6 
662 6 6 
663 6 6 
664 6 6 
665 6 6 
666 6 6 
667 6 6 
668 6 6 
669 6 6 
670 6 6 
671 6 6 
672 6 6 
673 6 6 
674 6 6 
675 6 6 
676 6 6 
677 6 6 
678 8 6 
679 7 6 
680 7 6 
681 7 6 
682 7 6 
683 7 6 
684 7 6 
685 7 6 
686 7 6 
687 7 6 
688 7 6 
689 7 6 
690 7 6 
691 7 6 
692 7 6 
693 7 6 
694 7 6 
695 7 6 
696 7 6 
697 8 6 
698 8 6 
699 8 6 
700 8 6 
701 8 6 
702 8 6 
703 8 6 
704 8 6 
705 8 6 
706 8 6 
707 8 6 
708 8 6 
709 8 6 
710 8 6 
711 8 6 
712 8 6 
713 8 6 
714 8 6 
715 8 6 
716 8 6 
717 7 6 
718 7 6 
719 7 6 
720 7 6 
721 7 6 
722 7 6 
723 7 6 
724 7 6 
725 7 6 
726 7 6 
727 7 6 
728 7 6 
729 7 6 
730 7 6 
731 7 6 
732 8 6 
733 8 6 
734 8 6 
735 8 6 
736 8 6 
737 8 6 
738 8 6 
739 8 6 
740 8 6 
741 8 6 
742 8 6 
743 8 6 
744 8 6 
745 8 6 
746 8 6 
747 8 6 
748 8 6 
749 8 6 
750 8 6 
751 8 6 
752 8 6 
753 8 6 
754 8 6 
755 8 6 
756 8 6 
757 8 6 
758 8 6 
759 8 6 
760 8 6 
761 8 6 
762 8 6 
763 8 6 
764 8 6 
765 8 6 
766 8 6 
767 8 6 
768 8 6 
769 8 6 
770 8 6 
771 8 6 
772 8 6 
773 8 6 
774 8 6 
775 1 6 
776 1 6 
777 1 6 
778 1 6 
779 1 6 
780 1 6 
781 1 6 
782 1 6 
783 1 6 
784 1 6 
785 1 6 
786 1 6 
787 1 6 
788 1 6 
789 1 6 
790 1 6 
791 1 6 
792 1 6 
793 1 6 
794 1 6 
795 1 6 
796 1 6 
797 1 6 
798 1 6 
799 1 6 
800 1 6 
801 1 6 
802 1 6 
803 1 6 
804 1 6 
805 1 6 
806 1 6 
807 1 6 
808 1 6 
809 1 6 
810 1 6 
811 1 6 
812 8 7 
813 8 7 
814 2 7 
815 2 7 
816 2 7 
817 1 6 
818 1 6 
819 1 6 
820 1 6 
821 1 7 
822 1 7 
823 1 7 
824 1 7 
825 1 7 
826 1 7 
827 1 7 
828 1 7 
829 1 7 
830 2 7 
831 2 7 
832 3 7 
833 3 7 
834 3 7 
835 3 7 
836 3 7 
837 8 7 
838 8 7 
839 8 7 
840 4 7 
841 4 7 
842 4 7 
843 4 7 
844 4 7 
845 4 7 
846 4 7 
847 4 7 
848 4 7 
849 4 7 
850 4 7 
851 4 7 
852 4 7 
853 4 7 
854 4 7 
855 4 7 
856 4 7 
857 8 7 
858 5 7 
859 5 7 
860 5 7 
861 5 7 
862 5 7 
863 5 7 
864 5 7 
865 5 7 
866 5 7 
867 5 7 
868 5 7 
869 5 7 
870 7 7 
871 8 7 
872 8 7 
873 5 7 
874 8 7 
875 8 7 
876 8 7 
877 8 7 
878 7 7 
879 7 7 
880 7 7 
881 7 7 
882 7 7 
883 7 7 
884 7 7 
885 7 7 
886 7 7 
887 7 7 
888 6 7 
889 8 7 
890 7 7 
891 7 7 
892 7 7 
893 3 7 
894 3 7 
895 3 7 
896 3 7 
897 3 7 
898 8 7 
899 8 7 
900 8 7 
901 8 7 
902 8 7 
903 8 7 
904 8 7 
905 7 7 
906 7 7 
907 7 7 
908 7 7 
909 7 7 
910 7 7 
911 7 7 
912 7 7 
913 7 7 
914 7 7 
915 7 7 
916 7 7 
917 7 7 
918 7 7 
919 7 7 
920 7 7 
921 7 7 
922 7 7 
923 7 7 
924 7 7 
925 7 7 
926 7 7 
927 7 7 
928 7 7 
929 8 7 
930 8 7 
931 6 7 
932 6 7 
933 6 7 
934 6 7 
935 6 7 
936 6 7 
937 6 7 
938 6 7 
939 6 7 
940 6 7 
941 6 7 
942 7 7 
943 6 7 
944 1 7 
945 1 7 
946 1 7 
947 1 7 
948 1 7 
949 1 7 
950 1 7 
951 1 7 
952 1 7 
953 1 7 
954 1 7 
955 1 7 
956 1 7 
957 1 7 
958 2 7 
959 2 7 
;
end;
