param S := 1068;
param T := 8;
param D := 5;
param windowsize := 0;

param A := 
1 13
2 72
3 44
4 18
5 60
6 37
7 9
8 5
9 36
10 79
11 73
12 6
13 51
14 18
15 18
16 2
17 5
18 46
19 7
20 55
21 49
22 11
23 4
24 34
25 71
26 137
27 5
28 80
29 11
30 66
31 18
32 54
33 7
34 13
35 18
36 7
37 18
38 22
39 44
40 9
41 4
42 27
43 6
44 40
45 7
46 18
47 2
48 106
49 88
50 86
51 106
52 358
53 83
54 177
55 177
56 1
57 1
58 2
59 4
60 4
61 4
62 5
63 30
64 8
65 13
66 0
67 5
68 31
69 9
70 9
71 13
72 2
73 9
74 39
75 80
76 29
77 33
78 44
79 72
80 129
81 26
82 44
83 4
84 4
85 2
86 4
87 2
88 4
89 7
90 2
91 9
92 7
93 4
94 98
95 124
96 38
97 55
98 22
99 6
100 13
101 13
102 5
103 14
104 27
105 53
106 8
107 133
108 15
109 5
110 80
111 53
112 84
113 157
114 46
115 34
116 110
117 11
118 48
119 160
120 36
121 2
122 14
123 27
124 28
125 68
126 51
127 23
128 55
129 18
130 38
131 159
132 25
133 18
134 305
135 36
136 64
137 57
138 18
139 32
140 123
141 265
142 185
143 106
144 110
145 265
146 56
147 21
148 5
149 44
150 22
151 4
152 22
153 14
154 4
155 5
156 7
157 9
158 7
159 13
160 13
161 44
162 2
163 7
164 4
165 2
166 9
167 2
168 2
169 22
170 9
171 22
172 11
173 12
174 11
175 5
176 2
177 7
178 7
179 13
180 7
181 39
182 39
183 24
184 59
185 9
186 9
187 22
188 1
189 4
190 35
191 46
192 105
193 36
194 73
195 47
196 221
197 23
198 139
199 90
200 106
201 106
202 22
203 22
204 22
205 110
206 18
207 22
208 44
209 265
210 22
211 0
212 7
213 21
214 18
215 13
216 20
217 13
218 9
219 4
220 0
221 38
222 2
223 2
224 15
225 8
226 30
227 28
228 9
229 18
230 4
231 2
232 4
233 13
234 4
235 4
236 4
237 4
238 18
239 9
240 17
241 18
242 3
243 12
244 17
245 5
246 5
247 3
248 1
249 0
250 4
251 22
252 2
253 3
254 24
255 8
256 4
257 1
258 0
259 5
260 18
261 18
262 6
263 34
264 59
265 97
266 22
267 20
268 22
269 3
270 91
271 91
272 91
273 79
274 162
275 162
276 62
277 169
278 62
279 94
280 83
281 94
282 91
283 91
284 80
285 11
286 182
287 128
288 43
289 11
290 47
291 168
292 221
293 88
294 23
295 133
296 212
297 265
298 97
299 106
300 474
301 190
302 5
303 63
304 84
305 23
306 127
307 10
308 13
309 19
310 20
311 27
312 25
313 265
314 80
315 106
316 86
317 14
318 18
319 14
320 4
321 4
322 27
323 31
324 2
325 20
326 182
327 182
328 109
329 109
330 8
331 15
332 16
333 18
334 18
335 16
336 9
337 13
338 11
339 6
340 11
341 13
342 11
343 12
344 25
345 2
346 2
347 18
348 2
349 14
350 5
351 5
352 4
353 18
354 3
355 6
356 7
357 7
358 6
359 36
360 36
361 2
362 1
363 2
364 56
365 9
366 22
367 90
368 133
369 90
370 55
371 22
372 13
373 22
374 12
375 51
376 15
377 5
378 28
379 21
380 9
381 9
382 5
383 4
384 9
385 2
386 2
387 4
388 2
389 42
390 38
391 48
392 5
393 17
394 100
395 100
396 12
397 50
398 125
399 25
400 50
401 5
402 133
403 44
404 2
405 9
406 22
407 35
408 125
409 125
410 36
411 50
412 125
413 100
414 128
415 128
416 128
417 14
418 146
419 128
420 52
421 73
422 18
423 3
424 84
425 225
426 84
427 292
428 109
429 24
430 129
431 18
432 18
433 18
434 27
435 4
436 7
437 16
438 20
439 2
440 2
441 4
442 2
443 46
444 72
445 179
446 16
447 60
448 5
449 6
450 17
451 64
452 52
453 2
454 300
455 88
456 2
457 221
458 537
459 52
460 106
461 9
462 88
463 4
464 44
465 44
466 27
467 122
468 4
469 11
470 68
471 12
472 18
473 17
474 11
475 88
476 6
477 8
478 7
479 20
480 12
481 4
482 177
483 55
484 44
485 72
486 22
487 66
488 13
489 9
490 38
491 8
492 13
493 21
494 36
495 71
496 15
497 38
498 76
499 36
500 11
501 36
502 44
503 8
504 9
505 9
506 5
507 21
508 13
509 11
510 12
511 4
512 22
513 21
514 13
515 14
516 48
517 17
518 12
519 134
520 24
521 12
522 6
523 24
524 12
525 52
526 69
527 9
528 36
529 48
530 36
531 46
532 129
533 129
534 133
535 100
536 44
537 106
538 44
539 88
540 22
541 11
542 22
543 18
544 86
545 26
546 60
547 110
548 215
549 36
550 18
551 90
552 18
553 34
554 55
555 44
556 22
557 68
558 44
559 110
560 66
561 66
562 131
563 179
564 44
565 22
566 11
567 11
568 11
569 17
570 0
571 44
572 36
573 0
574 36
575 2
576 2
577 4
578 2
579 2
580 11
581 33
582 6
583 6
584 2
585 7
586 7
587 1
588 2
589 42
590 2
591 22
592 18
593 18
594 14
595 27
596 14
597 23
598 9
599 69
600 12
601 1
602 2
603 12
604 16
605 43
606 30
607 135
608 46
609 27
610 181
611 46
612 36
613 22
614 21
615 53
616 66
617 33
618 33
619 100
620 186
621 9
622 30
623 50
624 14
625 22
626 22
627 11
628 18
629 35
630 9
631 45
632 0
633 9
634 97
635 51
636 34
637 4
638 8
639 4
640 7
641 54
642 54
643 40
644 40
645 4
646 24
647 56
648 13
649 13
650 7
651 0
652 125
653 24
654 75
655 150
656 5
657 11
658 125
659 9
660 5
661 169
662 19
663 182
664 73
665 35
666 146
667 17
668 5
669 42
670 6
671 16
672 28
673 3
674 12
675 86
676 24
677 36
678 5
679 5
680 2
681 6
682 9
683 9
684 10
685 32
686 6
687 12
688 6
689 53
690 106
691 133
692 53
693 38
694 51
695 5
696 17
697 27
698 9
699 137
700 52
701 106
702 124
703 399
704 43
705 106
706 110
707 265
708 9
709 7
710 9
711 18
712 1
713 2
714 2
715 7
716 9
717 9
718 13
719 20
720 14
721 11
722 11
723 8
724 2
725 55
726 32
727 1
728 4
729 7
730 9
731 18
732 18
733 45
734 7
735 5
736 4
737 11
738 2
739 13
740 0
741 9
742 4
743 31
744 72
745 22
746 9
747 97
748 22
749 36
750 7
751 13
752 7
753 9
754 7
755 4
756 22
757 22
758 13
759 9
760 88
761 13
762 44
763 7
764 18
765 22
766 9
767 9
768 7
769 9
770 9
771 16
772 4
773 4
774 2
775 2
776 2
777 5
778 134
779 12
780 26
781 9
782 12
783 9
784 7
785 21
786 18
787 8
788 4
789 133
790 37
791 4
792 7
793 5
794 4
795 14
796 9
797 9
798 5
799 7
800 7
801 9
802 6
803 221
804 268
805 2
806 2
807 124
808 5
809 7
810 6
811 9
812 7
813 7
814 91
815 182
816 36
817 182
818 18
819 50
820 150
821 194
822 9
823 12
824 20
825 36
826 55
827 22
828 18
829 110
830 9
831 40
832 90
833 31
834 11
835 15
836 60
837 17
838 26
839 23
840 4
841 23
842 22
843 47
844 47
845 152
846 47
847 62
848 139
849 81
850 81
851 158
852 54
853 19
854 19
855 49
856 73
857 26
858 73
859 4
860 2
861 36
862 18
863 88
864 9
865 146
866 27
867 93
868 18
869 13
870 16
871 8
872 4
873 8
874 42
875 19
876 107
877 14
878 45
879 72
880 20
881 2
882 4
883 4
884 4
885 4
886 1
887 6
888 52
889 52
890 9
891 48
892 9
893 12
894 5
895 5
896 36
897 12
898 10
899 15
900 107
901 86
902 53
903 72
904 29
905 16
906 9
907 7
908 7
909 12
910 7
911 18
912 3
913 90
914 9
915 133
916 107
917 11
918 4
919 9
920 13
921 22
922 39
923 7
924 7
925 11
926 7
927 5
928 11
929 18
930 33
931 8
932 13
933 36
934 0
935 12
936 16
937 7
938 55
939 20
940 31
941 44
942 46
943 5
944 46
945 17
946 27
947 110
948 2
949 4
950 7
951 4
952 18
953 4
954 2
955 5
956 5
957 9
958 9
959 4
960 5
961 78
962 10
963 11
964 71
965 7
966 32
967 0
968 6
969 1
970 7
971 7
972 16
973 6
974 36
975 86
976 18
977 36
978 36
979 13
980 26
981 17
982 35
983 18
984 18
985 134
986 2
987 28
988 1
989 54
990 54
991 4
992 20
993 25
994 36
995 3
996 12
997 4
998 16
999 8
1000 12
1001 7
1002 42
1003 42
1004 4
1005 8
1006 57
1007 5
1008 3
1009 12
1010 3
1011 34
1012 4
1013 4
1014 27
1015 8
1016 29
1017 2
1018 14
1019 11
1020 7
1021 4
1022 15
1023 8
1024 2
1025 13
1026 2
1027 4
1028 18
1029 2
1030 4
1031 5
1032 2
1033 3
1034 4
1035 1
1036 3
1037 5
1038 16
1039 38
1040 13
1041 23
1042 12
1043 32
1044 74
1045 6
1046 45
1047 11
1048 0
1049 2
1050 27
1051 13
1052 27
1053 32
1054 34
1055 8
1056 42
1057 72
1058 156
1059 14
1060 51
1061 0
1062 146
1063 55
1064 146
1065 9
1066 8
1067 2
1068 5
;

param Ttarget := 
1 1 1000
2 1 1000
3 1 1000
4 1 1000
5 1 500
6 1 500
7 1 500
8 1 500
1 2 1000
2 2 1000
3 2 1000
4 2 1000
5 2 500
6 2 500
7 2 500
8 2 500
1 3 1000
2 3 1000
3 3 1000
4 3 1000
5 3 500
6 3 500
7 3 500
8 3 500
1 4 1000
2 4 1000
3 4 1000
4 4 1000
5 4 500
6 4 500
7 4 500
8 4 500
1 5 1000
2 5 1000
3 5 1000
4 5 1000
5 5 500
6 5 500
7 5 500
8 5 500
;

set Bannlisti := 
;
set Fixlisti := 
1 2 1 
2 2 1 
3 2 1 
4 2 1 
5 2 1 
6 2 1 
7 2 1 
8 2 1 
9 2 1 
10 2 1 
11 2 1 
12 2 1 
13 2 1 
14 2 1 
15 2 1 
16 2 1 
17 2 1 
18 2 1 
19 2 1 
20 2 1 
21 4 1 
22 3 1 
23 3 1 
24 3 1 
25 3 1 
26 3 1 
27 3 1 
28 3 1 
29 3 1 
30 3 1 
31 3 1 
32 3 1 
33 3 1 
34 3 1 
35 3 1 
36 3 1 
37 3 1 
38 3 1 
39 3 1 
40 3 1 
41 3 1 
42 3 1 
43 3 1 
44 3 1 
45 3 1 
46 3 1 
47 5 1 
48 3 1 
49 3 1 
50 3 1 
51 3 1 
52 3 1 
53 3 1 
54 3 1 
55 3 1 
56 6 1 
57 6 1 
58 3 1 
59 3 1 
60 3 1 
61 3 1 
62 3 1 
63 3 1 
64 5 1 
65 5 1 
66 5 1 
67 8 1 
68 8 1 
69 8 1 
70 8 1 
71 8 1 
72 8 1 
73 8 1 
74 8 1 
75 8 1 
76 8 1 
77 8 1 
78 8 1 
79 8 1 
80 8 1 
81 8 1 
82 8 1 
83 8 1 
84 8 1 
85 8 1 
86 8 1 
87 8 1 
88 8 1 
89 8 1 
90 8 1 
91 5 1 
92 8 1 
93 8 1 
94 8 1 
95 8 1 
96 8 1 
97 8 1 
98 8 1 
99 6 1 
100 6 1 
101 6 1 
102 6 1 
103 6 1 
104 6 1 
105 6 1 
106 6 1 
107 6 1 
108 6 1 
109 6 1 
110 6 1 
111 6 1 
112 6 1 
113 6 1 
114 6 1 
115 6 1 
116 6 1 
117 6 1 
118 6 1 
119 6 1 
120 6 1 
121 6 1 
122 6 1 
123 6 1 
124 6 1 
125 6 1 
126 6 1 
127 6 1 
128 6 1 
129 6 1 
130 6 1 
131 6 1 
132 6 1 
133 6 1 
134 6 1 
135 6 1 
136 6 1 
137 6 1 
138 6 1 
139 6 1 
140 6 1 
141 6 1 
142 6 1 
143 6 1 
144 6 1 
145 6 1 
146 6 1 
147 8 1 
148 6 1 
149 6 1 
150 6 1 
151 6 1 
152 6 1 
153 6 1 
154 6 1 
155 6 1 
156 6 1 
157 6 1 
158 6 1 
159 6 1 
160 6 1 
161 7 1 
162 7 1 
163 7 1 
164 7 1 
165 7 1 
166 7 1 
167 8 1 
168 7 1 
169 7 1 
170 7 1 
171 7 1 
172 7 1 
173 3 1 
174 7 1 
175 7 1 
176 7 1 
177 7 1 
178 7 1 
179 7 1 
180 7 1 
181 7 1 
182 7 1 
183 7 1 
184 7 1 
185 7 1 
186 7 1 
187 7 1 
188 7 1 
189 8 1 
190 7 1 
191 7 1 
192 7 1 
193 7 1 
194 7 1 
195 7 1 
196 7 1 
197 7 1 
198 7 1 
199 7 1 
200 7 1 
201 7 1 
202 7 1 
203 7 1 
204 7 1 
205 7 1 
206 7 1 
207 7 1 
208 7 1 
209 7 1 
210 7 1 
211 8 1 
212 8 1 
213 7 1 
214 7 1 
215 7 1 
216 7 1 
217 7 1 
218 7 1 
219 8 1 
220 8 1 
221 3 1 
222 8 1 
223 7 1 
224 7 1 
225 7 1 
226 7 1 
227 7 1 
228 7 1 
229 7 1 
230 8 1 
231 7 1 
232 7 1 
233 8 1 
234 8 1 
235 8 1 
236 8 1 
237 7 1 
238 7 1 
239 8 1 
240 7 1 
241 7 1 
242 7 1 
243 8 1 
244 8 1 
245 8 1 
246 7 1 
247 7 1 
248 7 1 
249 7 1 
250 8 1 
251 8 1 
252 8 1 
253 7 1 
254 7 1 
255 7 1 
256 7 1 
257 7 1 
258 7 1 
259 8 1 
260 8 1 
261 3 1 
262 7 1 
263 8 1 
264 8 1 
265 8 1 
266 8 1 
267 8 1 
268 8 1 
269 7 1 
270 1 1 
271 1 1 
272 1 1 
273 1 1 
274 1 1 
275 1 1 
276 1 1 
277 1 1 
278 1 1 
279 1 1 
280 1 1 
281 1 1 
282 1 1 
283 1 1 
284 1 1 
285 1 1 
286 1 1 
287 1 1 
288 2 2 
289 2 2 
290 2 2 
291 1 1 
292 1 1 
293 1 1 
294 1 1 
295 1 1 
296 1 1 
297 1 1 
298 1 1 
299 1 1 
300 2 2 
301 2 2 
302 2 2 
303 2 2 
304 2 2 
305 2 2 
306 2 2 
307 2 2 
308 3 2 
309 3 2 
310 3 2 
311 3 2 
312 3 2 
313 3 2 
314 3 2 
315 3 2 
316 3 2 
317 3 2 
318 3 2 
319 3 2 
320 3 2 
321 3 2 
322 3 2 
323 3 2 
324 4 2 
325 4 2 
326 1 2 
327 1 2 
328 1 2 
329 1 2 
330 8 2 
331 8 2 
332 8 2 
333 8 2 
334 8 2 
335 8 2 
336 8 2 
337 8 2 
338 8 2 
339 8 2 
340 8 2 
341 8 2 
342 8 2 
343 8 2 
344 8 2 
345 8 2 
346 8 2 
347 8 2 
348 8 2 
349 8 2 
350 8 2 
351 8 2 
352 8 2 
353 8 2 
354 8 2 
355 8 2 
356 8 2 
357 8 2 
358 8 2 
359 8 2 
360 8 2 
361 8 2 
362 8 2 
363 8 2 
364 1 2 
365 1 2 
366 1 2 
367 1 2 
368 1 2 
369 1 2 
370 1 2 
371 1 2 
372 1 2 
373 1 2 
374 1 2 
375 1 2 
376 1 2 
377 1 2 
378 1 2 
379 1 2 
380 1 2 
381 1 2 
382 1 2 
383 1 2 
384 1 2 
385 1 2 
386 1 2 
387 1 2 
388 1 2 
389 1 2 
390 1 2 
391 1 2 
392 1 2 
393 1 2 
394 1 2 
395 1 2 
396 1 2 
397 1 2 
398 1 2 
399 1 2 
400 1 2 
401 1 2 
402 1 2 
403 1 2 
404 1 2 
405 1 2 
406 1 2 
407 1 2 
408 1 2 
409 1 2 
410 1 2 
411 1 2 
412 1 2 
413 1 2 
414 1 2 
415 1 2 
416 1 2 
417 1 2 
418 2 5 
419 2 5 
420 2 5 
421 2 5 
422 2 5 
423 2 5 
424 2 5 
425 2 5 
426 2 5 
427 2 5 
428 2 5 
429 8 5 
430 8 5 
431 8 5 
432 8 5 
433 8 5 
434 8 5 
435 8 5 
436 8 5 
437 8 5 
438 8 5 
439 8 5 
440 8 5 
441 8 5 
442 8 5 
443 2 2 
444 2 2 
445 2 2 
446 2 2 
447 2 2 
448 8 5 
449 8 5 
450 8 5 
451 3 5 
452 3 5 
453 3 5 
454 3 5 
455 3 5 
456 3 5 
457 3 5 
458 3 5 
459 3 5 
460 3 5 
461 8 5 
462 3 5 
463 3 5 
464 3 5 
465 3 5 
466 3 5 
467 3 5 
468 3 5 
469 3 5 
470 3 5 
471 3 5 
472 8 5 
473 8 5 
474 8 5 
475 8 5 
476 8 5 
477 8 5 
478 8 5 
479 8 5 
480 8 5 
481 8 5 
482 3 5 
483 3 5 
484 3 5 
485 3 5 
486 3 5 
487 3 5 
488 3 5 
489 3 5 
490 3 5 
491 3 5 
492 8 5 
493 3 5 
494 3 5 
495 3 5 
496 3 5 
497 3 5 
498 3 5 
499 3 5 
500 3 5 
501 3 5 
502 3 5 
503 3 5 
504 3 5 
505 3 5 
506 3 5 
507 3 5 
508 3 5 
509 8 5 
510 8 5 
511 3 5 
512 3 5 
513 3 5 
514 3 5 
515 3 5 
516 4 5 
517 4 5 
518 4 5 
519 4 5 
520 4 5 
521 4 5 
522 4 5 
523 4 5 
524 4 5 
525 4 5 
526 4 5 
527 4 5 
528 4 5 
529 4 5 
530 4 5 
531 4 5 
532 4 5 
533 4 5 
534 4 5 
535 4 5 
536 4 5 
537 4 5 
538 4 5 
539 4 5 
540 4 5 
541 4 5 
542 4 5 
543 4 5 
544 5 5 
545 5 5 
546 5 5 
547 5 5 
548 5 5 
549 5 5 
550 5 5 
551 5 5 
552 5 5 
553 5 5 
554 5 5 
555 5 5 
556 5 5 
557 5 5 
558 5 5 
559 5 5 
560 5 5 
561 5 5 
562 5 5 
563 5 5 
564 5 5 
565 5 5 
566 5 5 
567 5 5 
568 5 5 
569 1 5 
570 1 5 
571 7 5 
572 8 5 
573 8 5 
574 8 5 
575 7 5 
576 7 5 
577 7 5 
578 7 5 
579 7 5 
580 7 5 
581 7 5 
582 7 5 
583 7 5 
584 7 5 
585 7 5 
586 7 5 
587 7 5 
588 7 5 
589 7 5 
590 7 5 
591 7 5 
592 7 5 
593 7 5 
594 7 5 
595 7 5 
596 7 5 
597 7 5 
598 3 5 
599 3 5 
600 3 5 
601 3 5 
602 3 5 
603 3 5 
604 3 5 
605 7 5 
606 7 5 
607 7 5 
608 7 5 
609 7 5 
610 7 5 
611 7 5 
612 7 5 
613 7 5 
614 7 5 
615 7 5 
616 7 5 
617 3 5 
618 3 5 
619 3 5 
620 3 5 
621 3 5 
622 3 5 
623 3 5 
624 5 5 
625 5 5 
626 5 5 
627 5 5 
628 7 5 
629 7 5 
630 7 5 
631 7 5 
632 7 5 
633 7 5 
634 7 5 
635 7 5 
636 3 5 
637 3 5 
638 3 5 
639 8 5 
640 8 5 
641 8 5 
642 8 5 
643 8 5 
644 8 5 
645 8 5 
646 8 5 
647 8 5 
648 3 5 
649 8 5 
650 3 6 
651 3 6 
652 1 5 
653 1 5 
654 1 5 
655 1 5 
656 1 5 
657 1 5 
658 1 5 
659 1 5 
660 1 5 
661 2 6 
662 2 6 
663 2 6 
664 2 6 
665 2 6 
666 2 6 
667 2 6 
668 2 6 
669 2 6 
670 2 6 
671 2 6 
672 2 6 
673 4 6 
674 4 6 
675 4 6 
676 4 6 
677 4 6 
678 4 6 
679 4 6 
680 4 6 
681 6 6 
682 6 6 
683 6 6 
684 6 6 
685 6 6 
686 6 6 
687 6 6 
688 6 6 
689 6 6 
690 6 6 
691 6 6 
692 6 6 
693 6 6 
694 6 6 
695 6 6 
696 6 6 
697 6 6 
698 6 6 
699 6 6 
700 6 6 
701 6 6 
702 6 6 
703 6 6 
704 6 6 
705 6 6 
706 6 6 
707 6 6 
708 8 6 
709 6 6 
710 6 6 
711 6 6 
712 8 6 
713 8 6 
714 8 6 
715 8 6 
716 8 6 
717 8 6 
718 8 6 
719 7 6 
720 7 6 
721 7 6 
722 7 6 
723 7 6 
724 8 6 
725 3 6 
726 3 6 
727 8 6 
728 8 6 
729 8 6 
730 8 6 
731 8 6 
732 7 6 
733 7 6 
734 7 6 
735 7 6 
736 7 6 
737 7 6 
738 7 6 
739 8 6 
740 8 6 
741 8 6 
742 8 6 
743 8 6 
744 7 6 
745 7 6 
746 8 6 
747 7 6 
748 8 6 
749 8 6 
750 8 6 
751 8 6 
752 8 6 
753 8 6 
754 8 6 
755 8 6 
756 8 6 
757 8 6 
758 8 6 
759 8 6 
760 8 6 
761 8 6 
762 8 6 
763 8 6 
764 8 6 
765 8 6 
766 7 6 
767 8 6 
768 8 6 
769 8 6 
770 8 6 
771 8 6 
772 8 6 
773 8 6 
774 8 6 
775 8 6 
776 8 6 
777 8 6 
778 8 6 
779 8 6 
780 8 6 
781 8 6 
782 8 6 
783 8 6 
784 8 6 
785 8 6 
786 8 6 
787 8 6 
788 8 6 
789 8 6 
790 8 6 
791 8 6 
792 8 6 
793 8 6 
794 7 6 
795 8 6 
796 1 6 
797 1 6 
798 1 6 
799 1 6 
800 1 6 
801 1 6 
802 1 6 
803 1 6 
804 1 6 
805 1 6 
806 1 6 
807 1 6 
808 1 6 
809 1 6 
810 1 6 
811 1 6 
812 1 6 
813 1 6 
814 1 6 
815 1 6 
816 1 6 
817 1 6 
818 1 6 
819 1 6 
820 1 6 
821 1 6 
822 1 6 
823 1 6 
824 1 6 
825 1 6 
826 1 6 
827 1 6 
828 1 6 
829 1 6 
830 1 6 
831 1 6 
832 1 6 
833 1 6 
834 1 6 
835 1 6 
836 1 6 
837 1 6 
838 1 6 
839 1 6 
840 1 6 
841 1 6 
842 1 6 
843 1 6 
844 1 6 
845 1 6 
846 1 6 
847 1 6 
848 1 6 
849 1 6 
850 1 6 
851 1 6 
852 1 6 
853 4 7 
854 4 7 
855 4 7 
856 4 7 
857 2 7 
858 2 7 
859 2 7 
860 2 7 
861 2 7 
862 2 7 
863 2 7 
864 2 7 
865 2 7 
866 2 7 
867 2 7 
868 2 7 
869 2 7 
870 2 7 
871 2 7 
872 2 7 
873 2 7 
874 2 7 
875 2 7 
876 3 7 
877 3 7 
878 3 7 
879 3 7 
880 3 7 
881 3 7 
882 8 7 
883 1 7 
884 1 7 
885 3 7 
886 1 7 
887 4 7 
888 4 7 
889 4 7 
890 4 7 
891 4 7 
892 4 7 
893 4 7 
894 4 7 
895 4 7 
896 4 7 
897 4 7 
898 4 7 
899 4 7 
900 4 7 
901 4 7 
902 4 7 
903 4 7 
904 5 7 
905 5 7 
906 5 7 
907 5 7 
908 5 7 
909 5 7 
910 5 7 
911 5 7 
912 5 7 
913 5 7 
914 5 7 
915 5 7 
916 5 7 
917 5 7 
918 5 7 
919 5 7 
920 5 7 
921 5 7 
922 5 7 
923 5 7 
924 5 7 
925 5 7 
926 5 7 
927 5 7 
928 5 7 
929 5 7 
930 5 7 
931 5 7 
932 5 7 
933 5 7 
934 5 7 
935 5 7 
936 5 7 
937 6 7 
938 6 7 
939 7 7 
940 7 7 
941 7 7 
942 7 7 
943 7 7 
944 7 7 
945 7 7 
946 7 7 
947 7 7 
948 7 7 
949 7 7 
950 7 7 
951 7 7 
952 7 7 
953 8 7 
954 8 7 
955 7 7 
956 7 7 
957 7 7 
958 7 7 
959 7 7 
960 7 7 
961 7 7 
962 7 7 
963 7 7 
964 7 7 
965 7 7 
966 7 7 
967 7 7 
968 7 7 
969 7 7 
970 8 7 
971 8 7 
972 8 7 
973 8 7 
974 5 7 
975 5 7 
976 7 7 
977 7 7 
978 7 7 
979 8 7 
980 7 7 
981 7 7 
982 6 7 
983 8 7 
984 8 7 
985 2 7 
986 2 7 
987 2 7 
988 8 7 
989 8 7 
990 8 7 
991 8 7 
992 8 7 
993 8 7 
994 8 7 
995 8 7 
996 8 7 
997 8 7 
998 8 7 
999 8 7 
1000 8 7 
1001 8 7 
1002 8 7 
1003 8 7 
1004 8 7 
1005 8 7 
1006 8 7 
1007 7 7 
1008 7 7 
1009 7 7 
1010 8 7 
1011 8 7 
1012 8 7 
1013 8 7 
1014 8 7 
1015 7 7 
1016 8 7 
1017 8 7 
1018 8 7 
1019 8 7 
1020 8 7 
1021 7 7 
1022 7 7 
1023 7 7 
1024 7 7 
1025 7 7 
1026 7 7 
1027 7 7 
1028 7 7 
1029 7 7 
1030 7 7 
1031 7 7 
1032 7 7 
1033 7 7 
1034 7 7 
1035 7 7 
1036 7 7 
1037 7 7 
1038 5 7 
1039 7 7 
1040 7 7 
1041 7 7 
1042 7 7 
1043 7 7 
1044 7 7 
1045 7 7 
1046 7 7 
1047 8 7 
1048 8 7 
1049 7 7 
1050 7 7 
1051 7 7 
1052 1 7 
1053 1 7 
1054 1 7 
1055 1 7 
1056 1 7 
1057 1 7 
1058 1 7 
1059 1 7 
1060 1 7 
1061 1 7 
1062 1 7 
1063 1 7 
1064 1 7 
1065 1 7 
1066 1 7 
1067 1 7 
1068 1 7 
;
end;
