param S := 821;
param T := 8;
param D := 5;
param windowsize := 0;

param A := 
1 63
2 6
3 134
4 39
5 182
6 27
7 257
8 3
9 26
10 1
11 4
12 5
13 4
14 9
15 48
16 2
17 12
18 26
19 86
20 24
21 12
22 36
23 9
24 35
25 129
26 44
27 22
28 22
29 54
30 86
31 53
32 18
33 6
34 5
35 9
36 0
37 265
38 107
39 106
40 411
41 47
42 37
43 11
44 0
45 10
46 18
47 2
48 9
49 9
50 11
51 0
52 0
53 0
54 115
55 141
56 45
57 0
58 222
59 15
60 95
61 74
62 31
63 122
64 6
65 2
66 7
67 27
68 91
69 0
70 5
71 3
72 135
73 122
74 46
75 23
76 21
77 139
78 25
79 20
80 27
81 26
82 10
83 18
84 18
85 0
86 18
87 7
88 12
89 9
90 90
91 14
92 4
93 9
94 44
95 56
96 27
97 55
98 55
99 110
100 14
101 110
102 2
103 8
104 7
105 17
106 11
107 5
108 7
109 7
110 17
111 14
112 5
113 18
114 2
115 4
116 3
117 6
118 9
119 2
120 9
121 18
122 18
123 31
124 4
125 18
126 29
127 55
128 17
129 185
130 13
131 14
132 18
133 46
134 4
135 2
136 0
137 10
138 3
139 1
140 8
141 1
142 5
143 162
144 61
145 81
146 9
147 5
148 73
149 49
150 12
151 1
152 4
153 1
154 4
155 133
156 3
157 13
158 2
159 2
160 4
161 6
162 2
163 12
164 9
165 12
166 95
167 137
168 150
169 166
170 77
171 64
172 265
173 162
174 162
175 0
176 502
177 182
178 267
179 0
180 22
181 30
182 46
183 14
184 24
185 122
186 73
187 25
188 18
189 9
190 12
191 156
192 1
193 91
194 84
195 42
196 51
197 182
198 19
199 0
200 13
201 13
202 73
203 52
204 292
205 29
206 129
207 88
208 265
209 212
210 88
211 177
212 358
213 66
214 88
215 51
216 5
217 4
218 7
219 22
220 110
221 22
222 2
223 4
224 6
225 3
226 12
227 12
228 18
229 18
230 36
231 7
232 2
233 18
234 6
235 14
236 4
237 6
238 12
239 7
240 3
241 53
242 36
243 27
244 27
245 7
246 13
247 27
248 18
249 27
250 24
251 50
252 73
253 100
254 91
255 55
256 36
257 5
258 55
259 5
260 2
261 20
262 160
263 26
264 94
265 12
266 69
267 47
268 62
269 84
270 60
271 62
272 16
273 40
274 4
275 8
276 2
277 8
278 37
279 15
280 14
281 28
282 229
283 41
284 37
285 21
286 12
287 113
288 55
289 54
290 1
291 11
292 6
293 1
294 2
295 2
296 62
297 62
298 4
299 7
300 4
301 8
302 36
303 36
304 114
305 82
306 22
307 44
308 11
309 121
310 7
311 133
312 18
313 9
314 12
315 9
316 8
317 9
318 3
319 1
320 153
321 106
322 36
323 92
324 80
325 40
326 55
327 9
328 84
329 146
330 104
331 52
332 107
333 141
334 88
335 107
336 98
337 107
338 179
339 44
340 53
341 64
342 143
343 270
344 284
345 284
346 84
347 177
348 52
349 12
350 4
351 4
352 18
353 21
354 44
355 7
356 8
357 27
358 11
359 12
360 17
361 43
362 12
363 2
364 5
365 5
366 3
367 11
368 12
369 15
370 7
371 2
372 20
373 143
374 177
375 88
376 13
377 354
378 179
379 66
380 22
381 40
382 76
383 88
384 36
385 9
386 110
387 31
388 9
389 22
390 44
391 28
392 13
393 42
394 18
395 1
396 22
397 29
398 130
399 2
400 205
401 13
402 22
403 44
404 22
405 22
406 22
407 18
408 11
409 27
410 14
411 11
412 9
413 14
414 2
415 14
416 4
417 265
418 146
419 530
420 1
421 44
422 18
423 0
424 18
425 11
426 11
427 48
428 26
429 17
430 52
431 9
432 37
433 37
434 24
435 11
436 8
437 11
438 66
439 22
440 24
441 18
442 24
443 7
444 265
445 7
446 7
447 9
448 88
449 18
450 22
451 12
452 4
453 30
454 24
455 201
456 88
457 27
458 21
459 27
460 21
461 19
462 27
463 27
464 27
465 27
466 88
467 0
468 4
469 20
470 4
471 9
472 31
473 18
474 13
475 13
476 13
477 16
478 9
479 91
480 18
481 73
482 9
483 259
484 22
485 47
486 401
487 146
488 55
489 401
490 122
491 122
492 22
493 2
494 39
495 16
496 103
497 73
498 24
499 182
500 36
501 13
502 7
503 1
504 0
505 0
506 0
507 1
508 0
509 54
510 54
511 46
512 6
513 42
514 107
515 133
516 106
517 22
518 18
519 18
520 72
521 14
522 0
523 9
524 9
525 20
526 12
527 12
528 24
529 69
530 86
531 35
532 22
533 16
534 7
535 48
536 5
537 22
538 76
539 61
540 305
541 129
542 129
543 107
544 22
545 36
546 94
547 52
548 133
549 110
550 130
551 53
552 53
553 85
554 179
555 53
556 5
557 11
558 62
559 9
560 66
561 7
562 4
563 9
564 2
565 7
566 6
567 265
568 0
569 66
570 1
571 17
572 107
573 318
574 86
575 93
576 106
577 37
578 11
579 541
580 84
581 73
582 14
583 121
584 20
585 24
586 12
587 9
588 22
589 44
590 9
591 25
592 35
593 35
594 8
595 8
596 4
597 27
598 27
599 11
600 8
601 14
602 18
603 18
604 11
605 5
606 2
607 2
608 0
609 13
610 4
611 0
612 11
613 10
614 12
615 66
616 33
617 7
618 16
619 9
620 8
621 9
622 24
623 23
624 11
625 13
626 4
627 8
628 5
629 13
630 44
631 36
632 7
633 7
634 9
635 7
636 17
637 9
638 8
639 20
640 9
641 14
642 12
643 24
644 376
645 36
646 55
647 36
648 73
649 25
650 9
651 18
652 18
653 29
654 81
655 48
656 35
657 133
658 193
659 106
660 133
661 168
662 134
663 106
664 38
665 1
666 221
667 90
668 44
669 134
670 12
671 88
672 31
673 22
674 6
675 9
676 24
677 7
678 177
679 47
680 96
681 46
682 116
683 88
684 179
685 11
686 27
687 186
688 27
689 4
690 2
691 9
692 2
693 8
694 9
695 122
696 18
697 106
698 158
699 42
700 159
701 115
702 300
703 86
704 107
705 177
706 12
707 8
708 22
709 9
710 20
711 4
712 18
713 7
714 35
715 43
716 12
717 11
718 18
719 24
720 22
721 2
722 4
723 2
724 4
725 16
726 26
727 80
728 66
729 18
730 203
731 60
732 215
733 29
734 7
735 18
736 10
737 4
738 2
739 22
740 18
741 100
742 3
743 11
744 3
745 88
746 21
747 15
748 4
749 55
750 51
751 102
752 18
753 4
754 3
755 33
756 66
757 2
758 24
759 49
760 61
761 1
762 1
763 0
764 0
765 7
766 33
767 18
768 4
769 9
770 7
771 7
772 4
773 61
774 13
775 13
776 73
777 2
778 6
779 12
780 6
781 1
782 1
783 75
784 13
785 468
786 5
787 12
788 12
789 2
790 28
791 28
792 14
793 14
794 14
795 12
796 12
797 48
798 2
799 5
800 5
801 3
802 30
803 68
804 53
805 3
806 219
807 109
808 267
809 134
810 207
811 9
812 12
813 6
814 73
815 5
816 50
817 97
818 9
819 5
820 134
821 8
;

param Ttarget := 
1 1 1000
2 1 1000
3 1 1000
4 1 1000
5 1 500
6 1 500
7 1 500
8 1 500
1 2 1000
2 2 1000
3 2 1000
4 2 1000
5 2 500
6 2 500
7 2 500
8 2 500
1 3 1000
2 3 1000
3 3 1000
4 3 1000
5 3 500
6 3 500
7 3 500
8 3 500
1 4 1000
2 4 1000
3 4 1000
4 4 1000
5 4 500
6 4 500
7 4 500
8 4 500
1 5 1000
2 5 1000
3 5 1000
4 5 1000
5 5 500
6 5 500
7 5 500
8 5 500
;

set Bannlisti := 
;
set Fixlisti := 
1 2 1 
2 2 1 
3 2 1 
4 2 1 
5 2 1 
6 8 1 
7 8 1 
8 8 1 
9 8 1 
10 8 1 
11 8 1 
12 8 1 
13 8 1 
14 8 1 
15 2 1 
16 8 1 
17 4 1 
18 4 1 
19 4 1 
20 4 1 
21 4 1 
22 4 1 
23 4 1 
24 5 1 
25 4 1 
26 4 1 
27 4 1 
28 4 1 
29 4 1 
30 4 1 
31 8 1 
32 1 1 
33 6 1 
34 6 1 
35 6 1 
36 6 1 
37 6 1 
38 6 1 
39 6 1 
40 6 1 
41 6 1 
42 6 1 
43 6 1 
44 6 1 
45 6 1 
46 6 1 
47 6 1 
48 6 1 
49 6 1 
50 6 1 
51 6 1 
52 6 1 
53 6 1 
54 6 1 
55 6 1 
56 6 1 
57 6 1 
58 6 1 
59 6 1 
60 6 1 
61 6 1 
62 6 1 
63 6 1 
64 6 1 
65 7 1 
66 7 1 
67 8 1 
68 7 1 
69 7 1 
70 7 1 
71 7 1 
72 7 1 
73 7 1 
74 7 1 
75 7 1 
76 7 1 
77 7 1 
78 7 1 
79 7 1 
80 7 1 
81 7 1 
82 7 1 
83 7 1 
84 7 1 
85 7 1 
86 7 1 
87 7 1 
88 7 1 
89 7 1 
90 7 1 
91 7 1 
92 7 1 
93 7 1 
94 7 1 
95 7 1 
96 7 1 
97 7 1 
98 7 1 
99 7 1 
100 7 1 
101 7 1 
102 7 1 
103 7 1 
104 7 1 
105 7 1 
106 7 1 
107 7 1 
108 7 1 
109 7 1 
110 7 1 
111 7 1 
112 7 1 
113 7 1 
114 7 1 
115 7 1 
116 7 1 
117 7 1 
118 7 1 
119 7 1 
120 7 1 
121 7 1 
122 7 1 
123 7 1 
124 7 1 
125 7 1 
126 7 1 
127 7 1 
128 7 1 
129 7 1 
130 7 1 
131 7 1 
132 7 1 
133 8 1 
134 7 1 
135 7 1 
136 7 1 
137 7 1 
138 7 1 
139 7 1 
140 7 1 
141 7 1 
142 7 1 
143 7 1 
144 7 1 
145 7 1 
146 8 1 
147 8 1 
148 7 1 
149 7 1 
150 7 1 
151 7 1 
152 7 1 
153 7 1 
154 7 1 
155 8 1 
156 8 1 
157 8 1 
158 8 1 
159 8 1 
160 8 1 
161 8 1 
162 8 1 
163 8 1 
164 8 1 
165 8 1 
166 8 1 
167 8 1 
168 8 1 
169 8 1 
170 8 1 
171 8 1 
172 8 1 
173 8 1 
174 8 1 
175 1 1 
176 1 1 
177 1 1 
178 1 1 
179 1 2 
180 1 2 
181 1 2 
182 1 2 
183 1 2 
184 1 2 
185 1 2 
186 1 2 
187 1 2 
188 1 2 
189 1 2 
190 1 2 
191 1 2 
192 1 2 
193 2 2 
194 2 2 
195 2 2 
196 2 2 
197 2 2 
198 2 2 
199 1 2 
200 4 2 
201 4 2 
202 4 2 
203 4 2 
204 4 2 
205 1 2 
206 3 2 
207 3 2 
208 3 2 
209 3 2 
210 3 2 
211 3 2 
212 3 2 
213 3 2 
214 3 2 
215 2 2 
216 3 2 
217 5 2 
218 5 2 
219 5 2 
220 5 2 
221 5 2 
222 8 2 
223 8 2 
224 8 2 
225 8 2 
226 8 2 
227 8 2 
228 8 2 
229 8 2 
230 8 2 
231 8 2 
232 8 2 
233 8 2 
234 8 2 
235 8 2 
236 8 2 
237 8 2 
238 8 2 
239 8 2 
240 8 2 
241 8 2 
242 8 2 
243 8 2 
244 8 2 
245 8 2 
246 8 2 
247 8 2 
248 8 2 
249 8 2 
250 8 2 
251 1 2 
252 1 2 
253 1 2 
254 1 2 
255 1 3 
256 1 3 
257 1 3 
258 1 3 
259 1 3 
260 1 3 
261 1 3 
262 1 3 
263 1 3 
264 1 3 
265 1 3 
266 1 3 
267 1 3 
268 1 3 
269 1 3 
270 1 3 
271 1 3 
272 1 3 
273 1 3 
274 1 3 
275 1 3 
276 1 3 
277 1 3 
278 1 3 
279 1 3 
280 1 3 
281 1 3 
282 1 3 
283 1 3 
284 1 3 
285 1 3 
286 1 3 
287 1 3 
288 1 3 
289 1 3 
290 8 3 
291 8 3 
292 8 3 
293 8 3 
294 8 3 
295 8 3 
296 2 3 
297 2 3 
298 2 3 
299 8 3 
300 8 3 
301 8 3 
302 8 3 
303 8 3 
304 8 3 
305 8 3 
306 8 3 
307 8 3 
308 8 3 
309 8 3 
310 8 3 
311 8 3 
312 8 3 
313 8 3 
314 8 3 
315 8 3 
316 8 3 
317 8 3 
318 8 3 
319 8 3 
320 2 3 
321 2 3 
322 2 3 
323 2 3 
324 2 3 
325 2 3 
326 2 3 
327 2 3 
328 2 3 
329 3 3 
330 3 3 
331 3 3 
332 3 3 
333 3 3 
334 3 3 
335 3 3 
336 3 3 
337 3 3 
338 3 3 
339 3 3 
340 3 3 
341 3 3 
342 3 3 
343 3 3 
344 3 3 
345 3 3 
346 3 3 
347 3 3 
348 3 3 
349 3 3 
350 3 3 
351 3 3 
352 3 3 
353 3 3 
354 3 3 
355 3 3 
356 3 3 
357 3 3 
358 3 3 
359 3 3 
360 3 3 
361 3 3 
362 3 3 
363 3 3 
364 3 3 
365 3 3 
366 3 3 
367 3 3 
368 3 3 
369 3 3 
370 3 3 
371 3 3 
372 3 3 
373 3 3 
374 3 3 
375 3 3 
376 3 3 
377 3 3 
378 3 3 
379 3 3 
380 3 3 
381 3 3 
382 3 3 
383 3 3 
384 3 3 
385 3 3 
386 3 3 
387 3 3 
388 3 3 
389 3 3 
390 3 3 
391 3 3 
392 3 3 
393 8 3 
394 3 3 
395 8 3 
396 3 3 
397 1 3 
398 5 3 
399 5 3 
400 4 3 
401 3 3 
402 3 3 
403 3 3 
404 3 3 
405 3 3 
406 3 3 
407 3 3 
408 3 3 
409 3 3 
410 4 3 
411 4 3 
412 4 3 
413 4 3 
414 4 3 
415 4 3 
416 4 3 
417 6 3 
418 6 3 
419 6 3 
420 3 3 
421 7 3 
422 7 3 
423 7 3 
424 7 3 
425 7 3 
426 7 3 
427 7 3 
428 7 3 
429 7 3 
430 7 3 
431 7 3 
432 7 3 
433 7 3 
434 7 3 
435 7 3 
436 8 3 
437 8 3 
438 8 3 
439 8 3 
440 8 3 
441 8 3 
442 8 3 
443 8 3 
444 7 3 
445 7 3 
446 7 3 
447 7 3 
448 8 3 
449 8 3 
450 8 3 
451 8 3 
452 8 3 
453 8 3 
454 8 3 
455 8 3 
456 8 3 
457 8 3 
458 8 3 
459 8 3 
460 8 3 
461 8 3 
462 8 3 
463 8 3 
464 8 3 
465 8 3 
466 8 3 
467 8 3 
468 8 3 
469 8 3 
470 8 3 
471 8 3 
472 8 3 
473 8 3 
474 8 3 
475 8 3 
476 8 3 
477 8 3 
478 1 3 
479 1 3 
480 1 3 
481 1 3 
482 1 3 
483 1 3 
484 1 3 
485 1 3 
486 1 3 
487 1 3 
488 1 3 
489 1 3 
490 1 3 
491 1 3 
492 1 3 
493 1 4 
494 2 4 
495 2 4 
496 2 4 
497 2 4 
498 2 4 
499 2 4 
500 2 4 
501 2 4 
502 8 4 
503 1 4 
504 4 4 
505 4 4 
506 4 4 
507 8 4 
508 8 4 
509 3 4 
510 3 4 
511 3 4 
512 3 4 
513 3 4 
514 4 4 
515 4 4 
516 4 4 
517 3 4 
518 3 4 
519 3 4 
520 3 4 
521 3 4 
522 3 4 
523 3 4 
524 3 4 
525 3 4 
526 4 4 
527 4 4 
528 4 4 
529 4 4 
530 4 4 
531 4 4 
532 4 4 
533 4 4 
534 4 4 
535 4 4 
536 4 4 
537 8 4 
538 4 4 
539 4 4 
540 4 4 
541 4 4 
542 4 4 
543 4 4 
544 4 4 
545 4 4 
546 6 4 
547 6 4 
548 6 4 
549 6 4 
550 6 4 
551 6 4 
552 6 4 
553 6 4 
554 6 4 
555 6 4 
556 6 4 
557 6 4 
558 6 4 
559 6 4 
560 6 4 
561 6 4 
562 6 4 
563 6 4 
564 6 4 
565 6 4 
566 6 4 
567 6 4 
568 6 4 
569 6 4 
570 6 4 
571 6 4 
572 6 4 
573 6 4 
574 6 4 
575 6 4 
576 6 4 
577 6 4 
578 6 4 
579 6 4 
580 6 4 
581 6 4 
582 7 4 
583 7 4 
584 7 4 
585 7 4 
586 7 4 
587 7 4 
588 8 4 
589 8 4 
590 8 4 
591 8 4 
592 8 4 
593 8 4 
594 8 4 
595 8 4 
596 7 4 
597 8 4 
598 8 4 
599 8 4 
600 8 4 
601 7 4 
602 7 4 
603 7 4 
604 7 4 
605 7 4 
606 7 4 
607 7 4 
608 8 4 
609 8 4 
610 8 4 
611 8 4 
612 8 4 
613 8 4 
614 8 4 
615 8 4 
616 8 4 
617 8 4 
618 8 4 
619 8 4 
620 8 4 
621 8 4 
622 8 4 
623 8 4 
624 8 4 
625 8 4 
626 8 4 
627 8 4 
628 8 4 
629 8 4 
630 8 4 
631 8 4 
632 8 4 
633 8 4 
634 8 4 
635 8 4 
636 6 4 
637 8 4 
638 7 4 
639 8 4 
640 8 4 
641 8 4 
642 8 4 
643 1 4 
644 1 4 
645 1 4 
646 1 4 
647 1 4 
648 1 4 
649 1 4 
650 1 4 
651 1 4 
652 1 4 
653 1 4 
654 1 4 
655 1 4 
656 1 4 
657 1 4 
658 1 4 
659 1 4 
660 1 4 
661 1 4 
662 1 4 
663 1 4 
664 1 4 
665 1 5 
666 1 5 
667 1 5 
668 1 5 
669 1 5 
670 1 5 
671 1 5 
672 8 5 
673 8 5 
674 8 5 
675 8 5 
676 8 5 
677 8 5 
678 2 5 
679 2 5 
680 2 5 
681 2 5 
682 2 5 
683 2 5 
684 2 5 
685 2 5 
686 2 5 
687 2 5 
688 2 5 
689 2 5 
690 2 5 
691 2 5 
692 2 5 
693 2 5 
694 8 5 
695 8 5 
696 8 5 
697 3 5 
698 3 5 
699 3 5 
700 3 5 
701 3 5 
702 3 5 
703 3 5 
704 3 5 
705 3 5 
706 3 5 
707 3 5 
708 3 5 
709 3 5 
710 3 5 
711 3 5 
712 3 5 
713 3 5 
714 3 5 
715 3 5 
716 3 5 
717 1 5 
718 3 5 
719 3 5 
720 3 5 
721 3 5 
722 3 5 
723 3 5 
724 3 5 
725 3 5 
726 5 5 
727 5 5 
728 5 5 
729 5 5 
730 5 5 
731 5 5 
732 5 5 
733 5 5 
734 5 5 
735 5 5 
736 5 5 
737 5 5 
738 5 5 
739 5 5 
740 5 5 
741 5 5 
742 5 5 
743 8 5 
744 1 5 
745 7 5 
746 7 5 
747 8 5 
748 8 5 
749 5 5 
750 5 5 
751 5 5 
752 5 5 
753 5 5 
754 5 5 
755 5 5 
756 8 5 
757 8 5 
758 8 5 
759 8 5 
760 8 5 
761 8 5 
762 8 5 
763 8 5 
764 7 5 
765 7 5 
766 8 5 
767 8 5 
768 8 5 
769 8 5 
770 8 5 
771 8 5 
772 8 5 
773 8 5 
774 8 5 
775 8 5 
776 7 5 
777 8 5 
778 7 5 
779 8 5 
780 8 5 
781 8 5 
782 8 5 
783 8 5 
784 8 5 
785 8 5 
786 1 5 
787 8 5 
788 8 5 
789 8 5 
790 8 5 
791 8 5 
792 8 5 
793 8 5 
794 8 5 
795 3 5 
796 3 5 
797 3 5 
798 3 5 
799 8 5 
800 8 5 
801 8 5 
802 8 5 
803 8 5 
804 8 5 
805 8 5 
806 1 5 
807 1 5 
808 1 5 
809 1 5 
810 1 5 
811 1 5 
812 1 5 
813 1 5 
814 1 5 
815 1 5 
816 1 5 
817 1 5 
818 1 5 
819 1 5 
820 1 5 
821 1 5 
;
end;
