param S := 756;
param T := 8;
param D := 5;
param windowsize := 0;

param A := 
1 105
2 42
3 47
4 62
5 57
6 9
7 62
8 17
9 17
10 2
11 11
12 36
13 36
14 133
15 22
16 237
17 73
18 73
19 91
20 4
21 4
22 7
23 4
24 4
25 4
26 3
27 4
28 9
29 18
30 9
31 9
32 92
33 72
34 7
35 19
36 44
37 59
38 16
39 85
40 7
41 1
42 4
43 2
44 24
45 6
46 14
47 3
48 12
49 3
50 10
51 3
52 6
53 12
54 18
55 18
56 18
57 18
58 7
59 24
60 24
61 12
62 12
63 43
64 48
65 48
66 71
67 9
68 12
69 26
70 44
71 8
72 133
73 88
74 106
75 86
76 2
77 88
78 72
79 18
80 44
81 45
82 22
83 36
84 44
85 34
86 22
87 11
88 8
89 8
90 4
91 3
92 2
93 2
94 44
95 18
96 4
97 3
98 2
99 2
100 4
101 2
102 2
103 22
104 52
105 48
106 3
107 16
108 60
109 11
110 32
111 15
112 1
113 7
114 66
115 76
116 11
117 16
118 4
119 36
120 102
121 36
122 13
123 7
124 22
125 22
126 18
127 13
128 13
129 13
130 22
131 4
132 38
133 75
134 73
135 100
136 91
137 18
138 100
139 55
140 3
141 55
142 55
143 97
144 19
145 336
146 212
147 21
148 158
149 78
150 42
151 22
152 13
153 13
154 4
155 5
156 11
157 31
158 14
159 35
160 16
161 13
162 7
163 7
164 86
165 107
166 6
167 4
168 2
169 8
170 41
171 38
172 123
173 411
174 333
175 64
176 141
177 107
178 85
179 86
180 212
181 133
182 8
183 5
184 110
185 265
186 9
187 6
188 14
189 18
190 22
191 13
192 27
193 0
194 9
195 4
196 1
197 8
198 122
199 13
200 24
201 62
202 12
203 31
204 2
205 4
206 133
207 52
208 44
209 7
210 18
211 9
212 4
213 4
214 13
215 7
216 18
217 14
218 44
219 44
220 20
221 44
222 11
223 22
224 44
225 9
226 12
227 24
228 128
229 122
230 134
231 5
232 337
233 1
234 44
235 7
236 4
237 4
238 7
239 8
240 9
241 77
242 17
243 9
244 18
245 20
246 9
247 36
248 55
249 22
250 22
251 36
252 33
253 4
254 2
255 7
256 7
257 8
258 4
259 16
260 20
261 27
262 22
263 53
264 2
265 6
266 40
267 133
268 51
269 8
270 27
271 8
272 8
273 91
274 25
275 58
276 88
277 18
278 15
279 11
280 36
281 24
282 9
283 36
284 29
285 13
286 16
287 8
288 8
289 98
290 152
291 328
292 73
293 35
294 1
295 12
296 52
297 69
298 9
299 24
300 5
301 12
302 7
303 4
304 4
305 9
306 5
307 2
308 12
309 22
310 52
311 146
312 42
313 133
314 107
315 106
316 80
317 141
318 150
319 133
320 22
321 27
322 44
323 4
324 9
325 18
326 44
327 9
328 4
329 9
330 4
331 36
332 9
333 62
334 88
335 75
336 88
337 18
338 13
339 0
340 7
341 11
342 18
343 24
344 20
345 71
346 55
347 74
348 11
349 42
350 53
351 18
352 44
353 22
354 14
355 2
356 15
357 4
358 12
359 3
360 2
361 2
362 7
363 9
364 13
365 18
366 4
367 22
368 11
369 11
370 31
371 18
372 9
373 3
374 9
375 7
376 4
377 4
378 4
379 4
380 4
381 53
382 12
383 4
384 7
385 6
386 6
387 7
388 2
389 42
390 42
391 14
392 3
393 5
394 18
395 1
396 24
397 11
398 18
399 3
400 3
401 13
402 13
403 20
404 38
405 84
406 1
407 4
408 38
409 1
410 27
411 7
412 212
413 221
414 106
415 64
416 96
417 221
418 107
419 133
420 133
421 133
422 113
423 107
424 26
425 17
426 100
427 75
428 50
429 125
430 26
431 19
432 61
433 35
434 11
435 47
436 13
437 19
438 13
439 146
440 72
441 93
442 4
443 11
444 18
445 44
446 38
447 88
448 18
449 179
450 88
451 12
452 122
453 18
454 13
455 22
456 7
457 20
458 80
459 129
460 36
461 36
462 33
463 129
464 22
465 22
466 6
467 64
468 179
469 221
470 66
471 86
472 16
473 22
474 2
475 11
476 27
477 18
478 22
479 9
480 22
481 44
482 18
483 4
484 11
485 20
486 44
487 18
488 35
489 22
490 4
491 54
492 22
493 8
494 62
495 7
496 12
497 14
498 25
499 8
500 116
501 6
502 5
503 4
504 5
505 24
506 53
507 129
508 42
509 110
510 2
511 133
512 53
513 133
514 221
515 32
516 14
517 118
518 42
519 22
520 18
521 38
522 55
523 32
524 5
525 8
526 44
527 4
528 55
529 13
530 44
531 46
532 51
533 80
534 9
535 36
536 55
537 90
538 84
539 14
540 28
541 43
542 107
543 36
544 110
545 1
546 1
547 16
548 1
549 4
550 2
551 3
552 0
553 5
554 1
555 12
556 11
557 53
558 18
559 33
560 265
561 13
562 22
563 18
564 26
565 20
566 3
567 3
568 0
569 1
570 13
571 18
572 18
573 7
574 9
575 4
576 13
577 2
578 6
579 7
580 0
581 18
582 35
583 29
584 3
585 83
586 8
587 18
588 13
589 29
590 9
591 9
592 33
593 20
594 22
595 13
596 12
597 43
598 9
599 0
600 19
601 22
602 5
603 46
604 19
605 15
606 36
607 11
608 34
609 56
610 110
611 110
612 14
613 3
614 2
615 8
616 2
617 13
618 11
619 27
620 150
621 109
622 36
623 109
624 37
625 134
626 23
627 109
628 14
629 52
630 47
631 80
632 8
633 10
634 2
635 14
636 40
637 12
638 14
639 13
640 13
641 11
642 13
643 11
644 11
645 12
646 13
647 5
648 11
649 19
650 18
651 23
652 49
653 61
654 1
655 2
656 4
657 2
658 2
659 2
660 140
661 26
662 13
663 73
664 1
665 0
666 3
667 0
668 0
669 13
670 4
671 5
672 13
673 9
674 0
675 18
676 22
677 18
678 4
679 13
680 22
681 66
682 13
683 4
684 8
685 4
686 4
687 13
688 38
689 83
690 18
691 76
692 44
693 18
694 9
695 27
696 22
697 14
698 106
699 52
700 88
701 86
702 88
703 0
704 107
705 98
706 186
707 129
708 0
709 13
710 3
711 0
712 1
713 32
714 15
715 11
716 8
717 2
718 2
719 5
720 1
721 9
722 38
723 76
724 11
725 6
726 9
727 7
728 2
729 6
730 36
731 18
732 8
733 8
734 9
735 13
736 14
737 15
738 54
739 42
740 60
741 101
742 12
743 1
744 75
745 75
746 219
747 125
748 91
749 164
750 5
751 122
752 36
753 5
754 50
755 11
756 36
;

param Ttarget := 
1 1 1000
2 1 1000
3 1 1000
4 1 1000
5 1 500
6 1 500
7 1 500
8 1 500
1 2 1000
2 2 1000
3 2 1000
4 2 1000
5 2 500
6 2 500
7 2 500
8 2 500
1 3 1000
2 3 1000
3 3 1000
4 3 1000
5 3 500
6 3 500
7 3 500
8 3 500
1 4 1000
2 4 1000
3 4 1000
4 4 1000
5 4 500
6 4 500
7 4 500
8 4 500
1 5 1000
2 5 1000
3 5 1000
4 5 1000
5 5 500
6 5 500
7 5 500
8 5 500
;

set Bannlisti := 
;
set Fixlisti := 
1 1 1 
2 1 1 
3 1 1 
4 1 1 
5 1 1 
6 1 1 
7 1 1 
8 1 1 
9 1 1 
10 8 1 
11 8 1 
12 8 1 
13 8 1 
14 8 1 
15 8 1 
16 2 1 
17 2 1 
18 2 1 
19 2 1 
20 8 1 
21 8 1 
22 8 1 
23 8 1 
24 8 1 
25 8 1 
26 8 1 
27 8 1 
28 8 1 
29 8 1 
30 8 1 
31 2 1 
32 2 1 
33 2 1 
34 2 1 
35 2 1 
36 2 1 
37 2 1 
38 2 1 
39 8 1 
40 8 1 
41 8 1 
42 8 1 
43 8 1 
44 8 1 
45 8 1 
46 8 1 
47 8 1 
48 8 1 
49 8 1 
50 8 1 
51 8 1 
52 8 1 
53 8 1 
54 8 1 
55 8 1 
56 8 1 
57 8 1 
58 8 1 
59 4 1 
60 4 1 
61 4 1 
62 4 1 
63 4 1 
64 4 1 
65 4 1 
66 4 1 
67 4 1 
68 4 1 
69 5 1 
70 5 1 
71 4 1 
72 4 1 
73 4 1 
74 4 1 
75 4 1 
76 4 1 
77 4 1 
78 4 1 
79 4 1 
80 5 1 
81 5 1 
82 5 1 
83 5 1 
84 5 1 
85 5 1 
86 5 1 
87 5 1 
88 7 1 
89 7 1 
90 7 1 
91 7 1 
92 7 1 
93 7 1 
94 7 1 
95 7 1 
96 7 1 
97 7 1 
98 7 1 
99 7 1 
100 7 1 
101 7 1 
102 7 1 
103 7 1 
104 7 1 
105 7 1 
106 7 1 
107 7 1 
108 3 1 
109 3 1 
110 8 1 
111 8 1 
112 8 1 
113 7 1 
114 7 1 
115 7 1 
116 7 1 
117 8 1 
118 8 1 
119 7 1 
120 7 1 
121 7 1 
122 7 1 
123 7 1 
124 7 1 
125 7 1 
126 7 1 
127 7 1 
128 7 1 
129 3 1 
130 3 1 
131 8 1 
132 3 1 
133 1 1 
134 1 1 
135 1 1 
136 1 1 
137 1 1 
138 1 1 
139 1 1 
140 1 1 
141 1 1 
142 1 1 
143 1 1 
144 1 2 
145 1 2 
146 1 2 
147 1 2 
148 1 2 
149 1 2 
150 3 2 
151 3 2 
152 3 2 
153 3 2 
154 3 2 
155 3 2 
156 3 2 
157 3 2 
158 3 2 
159 3 2 
160 3 2 
161 3 2 
162 3 2 
163 3 2 
164 3 2 
165 3 2 
166 2 2 
167 1 2 
168 1 2 
169 4 2 
170 6 2 
171 6 2 
172 6 2 
173 6 2 
174 6 2 
175 6 2 
176 6 2 
177 6 2 
178 6 2 
179 6 2 
180 6 2 
181 6 2 
182 6 2 
183 6 2 
184 6 2 
185 6 2 
186 6 2 
187 6 2 
188 6 2 
189 6 2 
190 6 2 
191 6 2 
192 6 2 
193 6 2 
194 7 2 
195 7 2 
196 8 2 
197 7 2 
198 8 2 
199 8 2 
200 7 2 
201 7 2 
202 7 2 
203 7 2 
204 8 2 
205 8 2 
206 8 2 
207 8 2 
208 8 2 
209 8 2 
210 8 2 
211 8 2 
212 8 2 
213 8 2 
214 8 2 
215 8 2 
216 8 2 
217 8 2 
218 8 2 
219 8 2 
220 8 2 
221 8 2 
222 8 2 
223 8 2 
224 8 2 
225 8 2 
226 8 2 
227 8 2 
228 1 2 
229 1 2 
230 1 2 
231 1 2 
232 1 2 
233 1 3 
234 1 3 
235 1 3 
236 1 3 
237 1 3 
238 1 3 
239 1 3 
240 1 3 
241 1 3 
242 1 3 
243 1 3 
244 1 3 
245 1 3 
246 1 3 
247 1 3 
248 1 3 
249 1 3 
250 1 3 
251 1 3 
252 1 3 
253 1 3 
254 1 3 
255 1 3 
256 1 3 
257 1 3 
258 1 3 
259 4 3 
260 1 3 
261 1 3 
262 1 3 
263 1 3 
264 1 3 
265 1 3 
266 1 3 
267 1 3 
268 1 3 
269 1 3 
270 1 3 
271 1 3 
272 1 3 
273 1 3 
274 1 3 
275 1 3 
276 1 3 
277 1 3 
278 1 3 
279 1 3 
280 8 3 
281 8 3 
282 8 3 
283 8 3 
284 8 3 
285 8 3 
286 8 3 
287 8 3 
288 8 3 
289 8 3 
290 8 3 
291 2 3 
292 2 3 
293 2 3 
294 7 3 
295 4 3 
296 4 3 
297 4 3 
298 4 3 
299 4 3 
300 4 3 
301 4 3 
302 3 3 
303 3 3 
304 3 3 
305 3 3 
306 3 3 
307 3 3 
308 3 3 
309 4 3 
310 5 3 
311 3 3 
312 3 3 
313 3 3 
314 3 3 
315 3 3 
316 3 3 
317 3 3 
318 3 3 
319 3 3 
320 3 3 
321 3 3 
322 3 3 
323 3 3 
324 3 3 
325 3 3 
326 3 3 
327 3 3 
328 3 3 
329 7 3 
330 8 3 
331 4 3 
332 4 3 
333 5 3 
334 5 3 
335 5 3 
336 5 3 
337 5 3 
338 5 3 
339 5 3 
340 5 3 
341 5 3 
342 5 3 
343 3 3 
344 3 3 
345 3 3 
346 3 3 
347 3 3 
348 3 3 
349 3 3 
350 3 3 
351 3 3 
352 3 3 
353 4 3 
354 4 3 
355 4 3 
356 4 3 
357 4 3 
358 4 3 
359 7 3 
360 7 3 
361 7 3 
362 7 3 
363 8 3 
364 8 3 
365 8 3 
366 8 3 
367 8 3 
368 8 3 
369 8 3 
370 8 3 
371 8 3 
372 5 3 
373 8 3 
374 8 3 
375 8 3 
376 8 3 
377 8 3 
378 8 3 
379 8 3 
380 8 3 
381 8 3 
382 3 3 
383 3 3 
384 8 3 
385 8 3 
386 8 3 
387 8 3 
388 8 3 
389 8 3 
390 8 3 
391 8 3 
392 8 3 
393 8 3 
394 8 3 
395 7 3 
396 8 3 
397 3 3 
398 3 3 
399 3 3 
400 3 3 
401 3 3 
402 3 3 
403 7 3 
404 7 3 
405 7 3 
406 7 3 
407 7 3 
408 7 3 
409 7 3 
410 7 3 
411 8 3 
412 1 4 
413 1 4 
414 1 4 
415 1 4 
416 1 4 
417 1 4 
418 1 4 
419 1 4 
420 1 4 
421 1 4 
422 1 4 
423 1 4 
424 1 4 
425 1 4 
426 1 4 
427 1 4 
428 1 4 
429 1 4 
430 1 4 
431 1 4 
432 1 4 
433 2 4 
434 2 4 
435 2 4 
436 2 4 
437 2 4 
438 2 4 
439 2 4 
440 2 4 
441 2 4 
442 2 4 
443 2 4 
444 2 4 
445 2 4 
446 2 4 
447 2 4 
448 2 4 
449 2 4 
450 2 4 
451 8 4 
452 8 4 
453 8 4 
454 8 4 
455 8 4 
456 8 4 
457 8 4 
458 8 4 
459 8 4 
460 8 4 
461 8 4 
462 8 4 
463 8 4 
464 8 4 
465 8 4 
466 8 4 
467 3 4 
468 3 4 
469 3 4 
470 3 4 
471 3 4 
472 5 4 
473 5 4 
474 3 4 
475 3 4 
476 3 4 
477 3 4 
478 3 4 
479 3 4 
480 3 4 
481 3 4 
482 3 4 
483 3 4 
484 3 4 
485 3 4 
486 3 4 
487 3 4 
488 3 4 
489 3 4 
490 3 4 
491 3 4 
492 3 4 
493 3 4 
494 3 4 
495 5 4 
496 5 4 
497 5 4 
498 5 4 
499 5 4 
500 8 4 
501 6 4 
502 6 4 
503 6 4 
504 6 4 
505 6 4 
506 6 4 
507 6 4 
508 6 4 
509 6 4 
510 6 4 
511 6 4 
512 6 4 
513 6 4 
514 6 4 
515 6 4 
516 6 4 
517 6 4 
518 6 4 
519 6 4 
520 6 4 
521 6 4 
522 6 4 
523 6 4 
524 6 4 
525 6 4 
526 6 4 
527 6 4 
528 6 4 
529 6 4 
530 6 4 
531 6 4 
532 6 4 
533 6 4 
534 7 4 
535 6 4 
536 6 4 
537 6 4 
538 6 4 
539 6 4 
540 6 4 
541 6 4 
542 6 4 
543 6 4 
544 6 4 
545 7 4 
546 7 4 
547 7 4 
548 7 4 
549 7 4 
550 7 4 
551 7 4 
552 7 4 
553 7 4 
554 7 4 
555 3 4 
556 3 4 
557 7 4 
558 7 4 
559 7 4 
560 7 4 
561 7 4 
562 7 4 
563 7 4 
564 7 4 
565 7 4 
566 7 4 
567 7 4 
568 7 4 
569 7 4 
570 7 4 
571 7 4 
572 7 4 
573 7 4 
574 7 4 
575 8 4 
576 8 4 
577 7 4 
578 7 4 
579 7 4 
580 7 4 
581 3 4 
582 3 4 
583 3 4 
584 8 4 
585 7 4 
586 7 4 
587 7 4 
588 7 4 
589 7 4 
590 7 4 
591 7 4 
592 8 4 
593 3 4 
594 3 4 
595 3 4 
596 8 4 
597 7 4 
598 7 4 
599 7 4 
600 7 4 
601 7 4 
602 7 4 
603 7 4 
604 7 4 
605 7 4 
606 7 4 
607 7 4 
608 7 4 
609 7 4 
610 7 4 
611 7 4 
612 7 4 
613 8 4 
614 8 4 
615 5 4 
616 8 4 
617 8 4 
618 8 4 
619 8 4 
620 1 4 
621 1 4 
622 1 4 
623 1 4 
624 1 4 
625 1 4 
626 1 4 
627 1 4 
628 1 5 
629 1 5 
630 1 5 
631 1 5 
632 1 5 
633 1 5 
634 1 5 
635 1 5 
636 1 5 
637 1 5 
638 2 5 
639 1 5 
640 1 5 
641 1 5 
642 1 5 
643 1 5 
644 1 5 
645 1 5 
646 1 5 
647 1 5 
648 1 5 
649 1 5 
650 1 5 
651 2 5 
652 2 5 
653 2 5 
654 2 5 
655 8 5 
656 8 5 
657 8 5 
658 8 5 
659 8 5 
660 4 5 
661 4 5 
662 4 5 
663 4 5 
664 8 5 
665 8 5 
666 8 5 
667 8 5 
668 8 5 
669 8 5 
670 8 5 
671 8 5 
672 8 5 
673 8 5 
674 2 5 
675 8 5 
676 8 5 
677 8 5 
678 8 5 
679 8 5 
680 3 5 
681 3 5 
682 3 5 
683 3 5 
684 3 5 
685 3 5 
686 3 5 
687 3 5 
688 3 5 
689 3 5 
690 3 5 
691 3 5 
692 3 5 
693 3 5 
694 3 5 
695 3 5 
696 3 5 
697 3 5 
698 3 5 
699 3 5 
700 3 5 
701 3 5 
702 3 5 
703 3 5 
704 3 5 
705 3 5 
706 3 5 
707 3 5 
708 3 5 
709 4 5 
710 7 5 
711 8 5 
712 8 5 
713 7 5 
714 8 5 
715 8 5 
716 7 5 
717 8 5 
718 8 5 
719 7 5 
720 7 5 
721 7 5 
722 7 5 
723 7 5 
724 7 5 
725 7 5 
726 7 5 
727 7 5 
728 7 5 
729 7 5 
730 8 5 
731 8 5 
732 8 5 
733 8 5 
734 8 5 
735 8 5 
736 8 5 
737 8 5 
738 8 5 
739 8 5 
740 8 5 
741 1 5 
742 1 5 
743 1 5 
744 1 5 
745 1 5 
746 1 5 
747 1 5 
748 1 5 
749 1 5 
750 1 5 
751 1 5 
752 1 5 
753 1 5 
754 1 5 
755 1 5 
756 1 5 
;
end;
