param S := 736;
param T := 8;
param D := 5;
param windowsize := 0;

param A := 
1 63
2 31
3 9
4 35
5 36
6 136
7 179
8 177
9 48
10 72
11 112
12 88
13 44
14 6
15 80
16 53
17 59
18 62
19 24
20 40
21 34
22 71
23 114
24 74
25 38
26 34
27 35
28 86
29 86
30 106
31 215
32 197
33 187
34 177
35 86
36 186
37 250
38 19
39 52
40 146
41 24
42 7
43 4
44 8
45 4
46 4
47 2
48 2
49 177
50 7
51 8
52 14
53 72
54 66
55 36
56 9
57 18
58 4
59 4
60 13
61 13
62 7
63 146
64 222
65 42
66 398
67 215
68 106
69 86
70 88
71 150
72 150
73 64
74 36
75 44
76 9
77 36
78 114
79 21
80 13
81 9
82 6
83 0
84 8
85 8
86 16
87 107
88 16
89 7
90 7
91 17
92 4
93 11
94 24
95 3
96 4
97 11
98 44
99 44
100 13
101 86
102 69
103 24
104 4
105 12
106 9
107 137
108 231
109 110
110 3
111 265
112 150
113 333
114 185
115 110
116 22
117 41
118 76
119 118
120 51
121 22
122 18
123 18
124 0
125 110
126 5
127 8
128 10
129 22
130 22
131 66
132 38
133 36
134 90
135 65
136 5
137 66
138 106
139 141
140 72
141 106
142 399
143 85
144 179
145 107
146 106
147 265
148 107
149 143
150 17
151 7
152 5
153 27
154 18
155 0
156 4
157 4
158 8
159 4
160 9
161 55
162 36
163 40
164 18
165 11
166 18
167 13
168 2
169 12
170 3
171 42
172 110
173 41
174 14
175 86
176 27
177 106
178 0
179 110
180 133
181 2
182 48
183 4
184 24
185 9
186 24
187 12
188 9
189 32
190 4
191 14
192 13
193 24
194 16
195 125
196 150
197 150
198 75
199 226
200 124
201 107
202 95
203 182
204 36
205 36
206 182
207 36
208 207
209 11
210 36
211 35
212 0
213 12
214 0
215 12
216 32
217 48
218 109
219 182
220 86
221 19
222 0
223 36
224 7
225 12
226 36
227 35
228 11
229 44
230 22
231 2
232 4
233 3
234 4
235 28
236 4
237 40
238 22
239 2
240 2
241 7
242 9
243 2
244 22
245 4
246 0
247 12
248 5
249 119
250 2
251 5
252 320
253 3
254 14
255 9
256 15
257 22
258 9
259 11
260 15
261 19
262 4
263 24
264 49
265 45
266 4
267 27
268 32
269 15
270 37
271 4
272 13
273 38
274 9
275 18
276 129
277 46
278 7
279 4
280 2
281 1
282 4
283 11
284 7
285 2
286 5
287 1
288 0
289 18
290 8
291 23
292 0
293 2
294 4
295 7
296 1
297 0
298 10
299 62
300 62
301 24
302 61
303 58
304 62
305 1
306 1
307 25
308 71
309 36
310 6
311 12
312 12
313 12
314 12
315 13
316 36
317 36
318 69
319 9
320 48
321 1
322 150
323 146
324 12
325 50
326 70
327 35
328 474
329 109
330 36
331 274
332 194
333 38
334 122
335 122
336 97
337 22
338 38
339 19
340 8
341 28
342 29
343 10
344 2
345 166
346 33
347 268
348 33
349 22
350 100
351 90
352 80
353 64
354 106
355 8
356 15
357 27
358 23
359 101
360 30
361 42
362 143
363 80
364 259
365 88
366 23
367 2
368 113
369 12
370 442
371 55
372 88
373 530
374 19
375 11
376 5
377 22
378 5
379 30
380 61
381 84
382 35
383 36
384 43
385 15
386 46
387 9
388 40
389 52
390 7
391 126
392 51
393 18
394 32
395 45
396 18
397 2
398 4
399 55
400 109
401 9
402 21
403 7
404 4
405 22
406 22
407 4
408 9
409 9
410 47
411 4
412 11
413 9
414 168
415 398
416 2
417 113
418 34
419 90
420 4
421 133
422 106
423 292
424 73
425 154
426 11
427 6
428 296
429 127
430 28
431 27
432 9
433 9
434 4
435 4
436 31
437 44
438 9
439 51
440 29
441 31
442 185
443 15
444 137
445 13
446 52
447 12
448 2
449 44
450 26
451 83
452 22
453 9
454 143
455 2
456 23
457 68
458 12
459 29
460 44
461 11
462 80
463 150
464 186
465 44
466 72
467 108
468 59
469 4
470 4
471 4
472 2
473 110
474 40
475 21
476 22
477 44
478 44
479 12
480 12
481 16
482 129
483 36
484 36
485 265
486 229
487 52
488 7
489 7
490 4
491 9
492 2
493 8
494 11
495 1013
496 2
497 4
498 10
499 6
500 5
501 10
502 3
503 6
504 6
505 7
506 18
507 7
508 12
509 72
510 7
511 2
512 30
513 2
514 5
515 2
516 2
517 65
518 52
519 88
520 80
521 150
522 107
523 88
524 107
525 122
526 133
527 118
528 107
529 106
530 86
531 22
532 66
533 21
534 30
535 78
536 11
537 18
538 88
539 203
540 358
541 27
542 88
543 215
544 33
545 44
546 7
547 4
548 15
549 5
550 9
551 2
552 4
553 4
554 24
555 27
556 14
557 5
558 8
559 4
560 7
561 8
562 88
563 90
564 66
565 23
566 9
567 43
568 108
569 37
570 69
571 88
572 134
573 4
574 55
575 5
576 14
577 24
578 24
579 1
580 130
581 0
582 14
583 69
584 55
585 125
586 48
587 55
588 73
589 73
590 5
591 97
592 36
593 12
594 61
595 5
596 182
597 125
598 91
599 125
600 125
601 55
602 225
603 63
604 51
605 72
606 27
607 146
608 182
609 146
610 36
611 14
612 15
613 25
614 107
615 55
616 27
617 8
618 18
619 18
620 4
621 6
622 9
623 2
624 4
625 4
626 4
627 4
628 7
629 39
630 7
631 5
632 4
633 107
634 265
635 106
636 88
637 106
638 133
639 133
640 86
641 129
642 88
643 6
644 88
645 11
646 67
647 22
648 9
649 88
650 125
651 192
652 19
653 9
654 19
655 6
656 29
657 61
658 55
659 34
660 28
661 53
662 222
663 19
664 22
665 55
666 15
667 5
668 27
669 44
670 4
671 4
672 52
673 86
674 212
675 265
676 530
677 266
678 13
679 7
680 4
681 4
682 4
683 9
684 4
685 4
686 305
687 221
688 46
689 36
690 16
691 5
692 80
693 4
694 2
695 2
696 9
697 2
698 9
699 18
700 22
701 11
702 4
703 9
704 11
705 6
706 35
707 162
708 16
709 43
710 83
711 97
712 43
713 3
714 72
715 265
716 0
717 9
718 34
719 122
720 61
721 5
722 134
723 17
724 0
725 0
726 91
727 7
728 73
729 73
730 54
731 7
732 8
733 2
734 9
735 5
736 4
;

param Ttarget := 
1 1 1000
2 1 1000
3 1 1000
4 1 1000
5 1 500
6 1 500
7 1 500
8 1 500
1 2 1000
2 2 1000
3 2 1000
4 2 1000
5 2 500
6 2 500
7 2 500
8 2 500
1 3 1000
2 3 1000
3 3 1000
4 3 1000
5 3 500
6 3 500
7 3 500
8 3 500
1 4 1000
2 4 1000
3 4 1000
4 4 1000
5 4 500
6 4 500
7 4 500
8 4 500
1 5 1000
2 5 1000
3 5 1000
4 5 1000
5 5 500
6 5 500
7 5 500
8 5 500
;

set Bannlisti := 
;
set Fixlisti := 
1 2 1 
2 2 1 
3 2 1 
4 2 1 
5 2 1 
6 2 1 
7 2 1 
8 2 1 
9 2 1 
10 2 1 
11 2 1 
12 2 1 
13 2 1 
14 2 1 
15 2 1 
16 2 1 
17 2 1 
18 2 1 
19 3 1 
20 3 1 
21 3 1 
22 3 1 
23 3 1 
24 3 1 
25 3 1 
26 3 1 
27 3 1 
28 3 1 
29 3 1 
30 3 1 
31 3 1 
32 3 1 
33 3 1 
34 3 1 
35 3 1 
36 3 1 
37 3 1 
38 4 1 
39 4 1 
40 4 1 
41 8 1 
42 8 1 
43 8 1 
44 8 1 
45 8 1 
46 8 1 
47 8 1 
48 8 1 
49 3 1 
50 3 1 
51 3 1 
52 3 1 
53 3 1 
54 3 1 
55 3 1 
56 3 1 
57 3 1 
58 3 1 
59 3 1 
60 3 1 
61 3 1 
62 3 1 
63 3 1 
64 3 1 
65 3 1 
66 3 1 
67 3 1 
68 3 1 
69 3 1 
70 3 1 
71 3 1 
72 3 1 
73 3 1 
74 3 1 
75 3 1 
76 3 1 
77 3 1 
78 3 1 
79 3 1 
80 3 1 
81 8 1 
82 8 1 
83 8 1 
84 8 1 
85 8 1 
86 8 1 
87 8 1 
88 8 1 
89 8 1 
90 8 1 
91 8 1 
92 8 1 
93 8 1 
94 3 1 
95 8 1 
96 8 1 
97 3 1 
98 3 1 
99 3 1 
100 3 1 
101 4 1 
102 4 1 
103 4 1 
104 8 1 
105 6 1 
106 6 1 
107 6 1 
108 6 1 
109 6 1 
110 6 1 
111 6 1 
112 6 1 
113 6 1 
114 6 1 
115 6 1 
116 6 1 
117 6 1 
118 6 1 
119 6 1 
120 6 1 
121 6 1 
122 6 1 
123 6 1 
124 6 1 
125 6 1 
126 6 1 
127 6 1 
128 6 1 
129 6 1 
130 6 1 
131 6 1 
132 6 1 
133 6 1 
134 6 1 
135 6 1 
136 6 1 
137 6 1 
138 6 1 
139 6 1 
140 6 1 
141 6 1 
142 6 1 
143 6 1 
144 6 1 
145 6 1 
146 6 1 
147 6 1 
148 6 1 
149 6 1 
150 7 1 
151 7 1 
152 7 1 
153 7 1 
154 7 1 
155 7 1 
156 8 1 
157 8 1 
158 8 1 
159 8 1 
160 7 1 
161 7 1 
162 7 1 
163 7 1 
164 7 1 
165 8 1 
166 8 1 
167 8 1 
168 8 1 
169 8 1 
170 8 1 
171 7 1 
172 7 1 
173 7 1 
174 7 1 
175 7 1 
176 7 1 
177 7 1 
178 7 1 
179 7 1 
180 7 1 
181 8 1 
182 8 1 
183 8 1 
184 8 1 
185 8 1 
186 8 1 
187 8 1 
188 8 1 
189 8 1 
190 8 1 
191 8 1 
192 8 1 
193 8 1 
194 8 1 
195 1 1 
196 1 1 
197 1 1 
198 1 1 
199 1 1 
200 1 1 
201 1 1 
202 1 1 
203 1 1 
204 1 1 
205 1 1 
206 1 1 
207 1 1 
208 1 1 
209 1 1 
210 1 1 
211 1 1 
212 6 2 
213 6 2 
214 8 2 
215 8 2 
216 2 2 
217 2 2 
218 2 2 
219 2 2 
220 2 2 
221 2 2 
222 2 2 
223 2 2 
224 2 2 
225 8 2 
226 8 2 
227 8 2 
228 8 2 
229 8 2 
230 8 2 
231 8 2 
232 8 2 
233 8 2 
234 8 2 
235 8 2 
236 8 2 
237 8 2 
238 8 2 
239 8 2 
240 8 2 
241 8 2 
242 8 2 
243 8 2 
244 8 2 
245 8 2 
246 8 2 
247 8 2 
248 8 2 
249 4 2 
250 8 2 
251 6 2 
252 6 2 
253 8 2 
254 8 2 
255 7 2 
256 8 2 
257 8 2 
258 8 2 
259 8 2 
260 8 2 
261 8 2 
262 8 2 
263 8 2 
264 8 2 
265 7 2 
266 7 2 
267 7 2 
268 7 2 
269 7 2 
270 7 2 
271 7 2 
272 7 2 
273 7 2 
274 7 2 
275 7 2 
276 7 2 
277 7 2 
278 7 2 
279 7 2 
280 8 2 
281 7 2 
282 7 2 
283 7 2 
284 7 2 
285 7 2 
286 7 2 
287 7 2 
288 7 2 
289 8 2 
290 7 2 
291 7 2 
292 7 2 
293 1 2 
294 7 2 
295 7 2 
296 7 2 
297 7 2 
298 8 2 
299 7 2 
300 7 2 
301 7 2 
302 7 2 
303 7 2 
304 7 2 
305 7 2 
306 7 2 
307 7 2 
308 4 2 
309 4 2 
310 4 2 
311 4 2 
312 4 2 
313 4 2 
314 4 2 
315 4 2 
316 4 2 
317 4 2 
318 4 2 
319 4 2 
320 4 2 
321 8 2 
322 1 2 
323 1 2 
324 1 2 
325 1 2 
326 1 2 
327 1 2 
328 2 2 
329 1 2 
330 1 2 
331 1 2 
332 1 2 
333 1 2 
334 1 2 
335 1 2 
336 1 3 
337 1 3 
338 1 3 
339 1 3 
340 1 3 
341 1 3 
342 1 3 
343 1 3 
344 1 3 
345 1 3 
346 1 3 
347 1 3 
348 1 3 
349 1 3 
350 1 3 
351 1 3 
352 1 3 
353 1 3 
354 1 3 
355 1 3 
356 1 3 
357 1 3 
358 1 3 
359 1 3 
360 1 3 
361 1 3 
362 1 3 
363 1 3 
364 1 3 
365 1 3 
366 1 3 
367 1 3 
368 1 3 
369 1 3 
370 1 3 
371 1 3 
372 1 3 
373 1 3 
374 1 3 
375 1 3 
376 1 3 
377 1 3 
378 1 3 
379 1 3 
380 1 3 
381 1 3 
382 1 3 
383 1 4 
384 1 4 
385 1 4 
386 1 4 
387 1 4 
388 1 4 
389 1 4 
390 1 4 
391 1 4 
392 1 4 
393 1 4 
394 1 4 
395 1 4 
396 1 4 
397 1 4 
398 1 4 
399 1 4 
400 1 4 
401 1 4 
402 1 4 
403 1 4 
404 1 4 
405 1 4 
406 1 4 
407 1 4 
408 1 4 
409 1 4 
410 2 4 
411 2 4 
412 2 4 
413 2 4 
414 1 4 
415 1 4 
416 1 4 
417 1 4 
418 1 4 
419 1 4 
420 1 4 
421 1 4 
422 2 4 
423 2 4 
424 2 4 
425 2 4 
426 2 4 
427 2 4 
428 2 4 
429 2 4 
430 2 4 
431 2 4 
432 2 4 
433 2 4 
434 2 4 
435 2 4 
436 1 4 
437 1 4 
438 1 4 
439 1 4 
440 1 4 
441 1 4 
442 1 4 
443 1 4 
444 1 4 
445 3 4 
446 3 4 
447 3 4 
448 3 4 
449 3 4 
450 3 4 
451 3 4 
452 3 4 
453 3 4 
454 3 4 
455 3 4 
456 3 4 
457 3 4 
458 3 4 
459 3 4 
460 3 4 
461 3 4 
462 3 4 
463 3 4 
464 3 4 
465 3 4 
466 3 4 
467 3 4 
468 3 4 
469 3 4 
470 8 4 
471 8 4 
472 8 4 
473 3 4 
474 3 4 
475 3 4 
476 3 4 
477 3 4 
478 3 4 
479 3 4 
480 3 4 
481 3 4 
482 8 4 
483 8 4 
484 8 4 
485 8 4 
486 8 4 
487 8 4 
488 8 4 
489 3 4 
490 3 4 
491 3 4 
492 3 4 
493 3 4 
494 3 4 
495 1 4 
496 1 4 
497 8 4 
498 8 4 
499 8 4 
500 8 4 
501 8 4 
502 8 4 
503 8 4 
504 8 4 
505 8 4 
506 8 4 
507 8 4 
508 8 4 
509 8 4 
510 8 4 
511 8 4 
512 8 4 
513 8 4 
514 8 4 
515 8 4 
516 8 4 
517 3 4 
518 3 4 
519 3 4 
520 3 4 
521 3 4 
522 3 4 
523 3 4 
524 3 4 
525 3 4 
526 3 4 
527 4 4 
528 4 4 
529 4 4 
530 4 4 
531 4 4 
532 4 4 
533 4 4 
534 4 4 
535 5 4 
536 5 4 
537 5 4 
538 5 4 
539 5 4 
540 5 4 
541 5 4 
542 5 4 
543 5 4 
544 5 4 
545 5 4 
546 5 4 
547 7 4 
548 7 4 
549 7 4 
550 7 4 
551 7 4 
552 7 4 
553 7 4 
554 7 4 
555 7 4 
556 7 4 
557 7 4 
558 7 4 
559 7 4 
560 5 4 
561 8 4 
562 5 4 
563 5 4 
564 5 4 
565 3 4 
566 3 4 
567 6 4 
568 6 4 
569 7 4 
570 7 4 
571 7 4 
572 7 4 
573 8 4 
574 7 4 
575 7 4 
576 8 4 
577 8 4 
578 8 4 
579 8 4 
580 8 4 
581 8 4 
582 2 5 
583 2 5 
584 1 5 
585 1 5 
586 1 5 
587 1 5 
588 1 5 
589 1 5 
590 1 5 
591 1 5 
592 1 5 
593 1 5 
594 1 5 
595 1 5 
596 1 5 
597 1 5 
598 1 5 
599 1 5 
600 1 5 
601 1 5 
602 2 5 
603 2 5 
604 2 5 
605 2 5 
606 2 5 
607 2 5 
608 2 5 
609 2 5 
610 2 5 
611 8 5 
612 8 5 
613 8 5 
614 8 5 
615 8 5 
616 8 5 
617 8 5 
618 8 5 
619 8 5 
620 8 5 
621 8 5 
622 8 5 
623 8 5 
624 8 5 
625 8 5 
626 8 5 
627 8 5 
628 8 5 
629 8 5 
630 8 5 
631 8 5 
632 8 5 
633 3 5 
634 3 5 
635 3 5 
636 3 5 
637 3 5 
638 3 5 
639 3 5 
640 3 5 
641 3 5 
642 3 5 
643 3 5 
644 3 5 
645 3 5 
646 3 5 
647 3 5 
648 3 5 
649 3 5 
650 3 5 
651 6 5 
652 6 5 
653 6 5 
654 6 5 
655 6 5 
656 6 5 
657 6 5 
658 6 5 
659 6 5 
660 6 5 
661 6 5 
662 6 5 
663 6 5 
664 6 5 
665 6 5 
666 6 5 
667 6 5 
668 6 5 
669 6 5 
670 6 5 
671 8 5 
672 6 5 
673 6 5 
674 6 5 
675 6 5 
676 6 5 
677 6 5 
678 6 5 
679 6 5 
680 6 5 
681 6 5 
682 6 5 
683 6 5 
684 6 5 
685 6 5 
686 6 5 
687 6 5 
688 6 5 
689 6 5 
690 6 5 
691 6 5 
692 6 5 
693 6 5 
694 2 5 
695 7 5 
696 7 5 
697 7 5 
698 7 5 
699 8 5 
700 8 5 
701 8 5 
702 8 5 
703 8 5 
704 8 5 
705 8 5 
706 7 5 
707 7 5 
708 7 5 
709 7 5 
710 7 5 
711 7 5 
712 7 5 
713 8 5 
714 7 5 
715 7 5 
716 8 5 
717 8 5 
718 8 5 
719 1 5 
720 1 5 
721 1 5 
722 1 5 
723 1 5 
724 1 5 
725 1 5 
726 1 5 
727 1 5 
728 1 5 
729 1 5 
730 1 5 
731 1 5 
732 1 5 
733 1 5 
734 1 5 
735 1 5 
736 1 5 
;
end;
