param S := 708;
param T := 8;
param D := 5;
param windowsize := 0;

param A := 
1 13
2 18
3 5
4 7
5 7
6 7
7 5
8 2
9 2
10 4
11 2
12 2
13 7
14 1
15 2
16 0
17 64
18 52
19 106
20 115
21 107
22 106
23 107
24 221
25 129
26 133
27 11
28 44
29 11
30 44
31 11
32 36
33 4
34 9
35 18
36 44
37 28
38 18
39 4
40 46
41 32
42 20
43 8
44 40
45 22
46 7
47 10
48 9
49 7
50 4
51 12
52 1
53 1
54 2
55 3
56 14
57 3
58 2
59 36
60 2
61 14
62 0
63 3
64 3
65 2
66 4
67 11
68 11
69 4
70 9
71 8
72 4
73 2
74 4
75 7
76 4
77 2
78 3
79 0
80 27
81 11
82 4
83 3
84 8
85 1
86 32
87 10
88 2
89 1
90 4
91 62
92 0
93 9
94 4
95 4
96 4
97 5
98 5
99 1
100 1
101 5
102 12
103 1
104 21
105 13
106 11
107 13
108 16
109 22
110 9
111 13
112 11
113 66
114 2
115 4
116 9
117 12
118 9
119 9
120 15
121 7
122 4
123 4
124 4
125 2
126 7
127 4
128 9
129 22
130 2
131 2
132 4
133 12
134 6
135 91
136 50
137 146
138 11
139 97
140 17
141 61
142 61
143 17
144 47
145 38
146 8
147 5
148 4
149 4
150 4
151 13
152 106
153 13
154 11
155 4
156 4
157 24
158 9
159 4
160 221
161 55
162 22
163 44
164 21
165 4
166 16
167 48
168 81
169 30
170 0
171 22
172 22
173 77
174 158
175 22
176 1
177 0
178 26
179 6
180 49
181 73
182 219
183 128
184 35
185 84
186 13
187 13
188 4
189 28
190 5
191 2
192 9
193 18
194 9
195 88
196 7
197 34
198 9
199 36
200 18
201 7
202 9
203 38
204 4
205 4
206 8
207 17
208 2
209 4
210 8
211 9
212 4
213 2
214 18
215 4
216 4
217 9
218 5
219 20
220 55
221 8
222 25
223 7
224 4
225 2
226 9
227 9
228 4
229 9
230 9
231 2
232 10
233 7
234 5
235 11
236 22
237 13
238 0
239 4
240 2
241 2
242 2
243 18
244 10
245 13
246 46
247 5
248 2
249 4
250 4
251 8
252 23
253 5
254 8
255 4
256 4
257 8
258 2
259 9
260 16
261 24
262 10
263 0
264 2
265 10
266 0
267 0
268 10
269 0
270 28
271 12
272 4
273 0
274 8
275 0
276 12
277 0
278 4
279 6
280 30
281 0
282 8
283 0
284 94
285 47
286 133
287 141
288 53
289 265
290 133
291 44
292 27
293 39
294 55
295 46
296 249
297 68
298 34
299 28
300 10
301 95
302 29
303 37
304 15
305 141
306 46
307 27
308 14
309 27
310 28
311 66
312 66
313 13
314 6
315 13
316 125
317 7
318 4
319 8
320 17
321 72
322 133
323 11
324 13
325 38
326 26
327 117
328 22
329 48
330 6
331 5
332 6
333 9
334 15
335 4
336 9
337 2
338 6
339 24
340 44
341 5
342 5
343 2
344 7
345 18
346 110
347 72
348 44
349 7
350 6
351 9
352 9
353 106
354 3
355 134
356 34
357 73
358 36
359 7
360 3
361 5
362 7
363 5
364 2
365 9
366 2
367 24
368 4
369 6
370 10
371 10
372 10
373 24
374 53
375 15
376 30
377 10
378 4
379 4
380 2
381 4
382 4
383 7
384 7
385 2
386 35
387 7
388 4
389 4
390 11
391 2
392 24
393 2
394 2
395 13
396 10
397 61
398 91
399 50
400 100
401 28
402 40
403 51
404 42
405 70
406 6
407 22
408 4
409 4
410 25
411 18
412 55
413 40
414 47
415 52
416 0
417 101
418 47
419 62
420 84
421 95
422 88
423 23
424 15
425 8
426 51
427 14
428 18
429 221
430 215
431 4
432 4
433 5
434 9
435 5
436 1
437 8
438 11
439 99
440 110
441 11
442 0
443 107
444 14
445 33
446 48
447 221
448 133
449 64
450 7
451 4
452 26
453 11
454 12
455 53
456 9
457 20
458 12
459 3
460 6
461 5
462 8
463 9
464 2
465 53
466 18
467 36
468 5
469 42
470 69
471 72
472 88
473 179
474 150
475 38
476 33
477 35
478 146
479 72
480 44
481 18
482 27
483 53
484 22
485 11
486 4
487 42
488 31
489 7
490 28
491 9
492 4
493 15
494 6
495 7
496 5
497 8
498 6
499 6
500 6
501 6
502 8
503 4
504 2
505 2
506 1
507 15
508 5
509 7
510 5
511 4
512 5
513 3
514 0
515 32
516 4
517 40
518 8
519 5
520 36
521 9
522 26
523 7
524 22
525 18
526 44
527 30
528 11
529 13
530 4
531 8
532 4
533 7
534 2
535 7
536 4
537 5
538 7
539 13
540 7
541 18
542 7
543 1
544 11
545 39
546 12
547 26
548 4
549 133
550 16
551 9
552 1
553 2
554 1
555 35
556 7
557 5
558 3
559 11
560 4
561 4
562 2
563 22
564 4
565 44
566 60
567 44
568 179
569 107
570 44
571 11
572 44
573 44
574 36
575 36
576 51
577 14
578 8
579 44
580 2
581 4
582 22
583 4
584 9
585 7
586 22
587 7
588 9
589 9
590 4
591 12
592 4
593 6
594 7
595 18
596 16
597 4
598 7
599 5
600 4
601 34
602 7
603 11
604 13
605 27
606 13
607 2
608 11
609 11
610 11
611 27
612 13
613 18
614 14
615 13
616 13
617 13
618 13
619 7
620 27
621 10
622 2
623 1
624 4
625 5
626 2
627 2
628 8
629 1
630 5
631 1
632 2
633 3
634 2
635 2
636 2
637 27
638 2
639 13
640 4
641 13
642 18
643 18
644 2
645 22
646 88
647 9
648 9
649 11
650 2
651 9
652 7
653 2
654 7
655 18
656 4
657 24
658 3
659 5
660 8
661 9
662 15
663 44
664 24
665 1
666 1
667 12
668 2
669 1
670 8
671 15
672 1
673 8
674 14
675 7
676 6
677 2
678 4
679 5
680 13
681 4
682 2
683 6
684 2
685 3
686 3
687 8
688 2
689 10
690 13
691 2
692 3
693 1
694 2
695 4
696 7
697 1
698 61
699 51
700 9
701 25
702 75
703 109
704 55
705 5
706 17
707 9
708 12
;

param Ttarget := 
1 1 1000
2 1 1000
3 1 1000
4 1 1000
5 1 500
6 1 500
7 1 500
8 1 500
1 2 1000
2 2 1000
3 2 1000
4 2 1000
5 2 500
6 2 500
7 2 500
8 2 500
1 3 1000
2 3 1000
3 3 1000
4 3 1000
5 3 500
6 3 500
7 3 500
8 3 500
1 4 1000
2 4 1000
3 4 1000
4 4 1000
5 4 500
6 4 500
7 4 500
8 4 500
1 5 1000
2 5 1000
3 5 1000
4 5 1000
5 5 500
6 5 500
7 5 500
8 5 500
;

set Bannlisti := 
;
set Fixlisti := 
1 6 1 
2 1 2 
3 6 2 
4 3 2 
5 3 2 
6 2 2 
7 1 2 
8 3 2 
9 3 2 
10 3 2 
11 3 2 
12 4 2 
13 6 2 
14 1 2 
15 4 2 
16 2 2 
17 3 2 
18 3 2 
19 3 2 
20 3 2 
21 3 2 
22 3 2 
23 3 2 
24 3 2 
25 3 2 
26 3 2 
27 3 2 
28 3 2 
29 3 2 
30 3 2 
31 3 2 
32 3 2 
33 3 2 
34 3 2 
35 3 2 
36 3 2 
37 1 2 
38 6 2 
39 6 2 
40 4 2 
41 8 2 
42 3 2 
43 3 2 
44 3 2 
45 3 2 
46 3 2 
47 3 2 
48 3 2 
49 3 2 
50 3 2 
51 8 2 
52 8 2 
53 8 2 
54 1 2 
55 3 2 
56 4 2 
57 1 2 
58 7 2 
59 1 2 
60 7 2 
61 7 2 
62 7 2 
63 7 2 
64 7 2 
65 7 2 
66 7 2 
67 7 2 
68 7 2 
69 7 2 
70 7 2 
71 7 2 
72 7 2 
73 7 2 
74 7 2 
75 7 2 
76 7 2 
77 7 2 
78 2 2 
79 4 2 
80 8 2 
81 8 2 
82 4 2 
83 1 2 
84 8 2 
85 2 2 
86 8 2 
87 1 2 
88 1 2 
89 8 2 
90 1 2 
91 1 2 
92 4 2 
93 2 2 
94 1 2 
95 2 2 
96 7 2 
97 8 2 
98 7 2 
99 7 2 
100 7 2 
101 8 2 
102 8 2 
103 1 2 
104 8 2 
105 8 2 
106 8 2 
107 8 2 
108 8 2 
109 8 2 
110 8 2 
111 8 2 
112 8 2 
113 8 2 
114 8 2 
115 8 2 
116 8 2 
117 8 2 
118 8 2 
119 8 2 
120 8 2 
121 8 2 
122 8 2 
123 8 2 
124 8 2 
125 8 2 
126 8 2 
127 8 2 
128 8 2 
129 8 2 
130 2 2 
131 5 2 
132 2 2 
133 8 2 
134 8 2 
135 1 3 
136 1 3 
137 1 3 
138 1 3 
139 1 3 
140 1 3 
141 1 3 
142 1 3 
143 1 3 
144 1 3 
145 1 3 
146 1 3 
147 1 3 
148 1 2 
149 1 2 
150 1 2 
151 1 2 
152 1 2 
153 1 2 
154 1 2 
155 1 2 
156 1 2 
157 1 2 
158 1 2 
159 1 2 
160 1 2 
161 1 2 
162 1 2 
163 1 2 
164 1 2 
165 1 2 
166 1 2 
167 1 2 
168 1 2 
169 1 2 
170 1 2 
171 1 2 
172 1 2 
173 1 2 
174 1 2 
175 1 2 
176 1 3 
177 2 3 
178 4 3 
179 4 3 
180 4 3 
181 4 3 
182 2 3 
183 2 3 
184 2 3 
185 2 3 
186 7 3 
187 3 3 
188 3 3 
189 3 3 
190 3 3 
191 3 3 
192 3 3 
193 3 3 
194 3 3 
195 3 3 
196 3 3 
197 3 3 
198 3 3 
199 3 3 
200 3 3 
201 3 3 
202 3 3 
203 3 3 
204 3 3 
205 3 3 
206 3 3 
207 3 3 
208 3 3 
209 3 3 
210 3 3 
211 3 3 
212 3 3 
213 3 3 
214 3 3 
215 3 3 
216 3 3 
217 3 3 
218 3 3 
219 8 3 
220 8 3 
221 8 3 
222 8 3 
223 8 3 
224 8 3 
225 8 3 
226 8 3 
227 8 3 
228 8 3 
229 8 3 
230 8 3 
231 8 3 
232 8 3 
233 8 3 
234 8 3 
235 8 3 
236 8 3 
237 8 3 
238 8 3 
239 8 3 
240 1 3 
241 5 3 
242 7 3 
243 3 3 
244 1 3 
245 3 3 
246 3 3 
247 1 3 
248 6 3 
249 7 3 
250 7 3 
251 3 3 
252 6 3 
253 1 3 
254 3 3 
255 6 3 
256 1 3 
257 1 3 
258 3 3 
259 3 3 
260 4 3 
261 8 3 
262 3 3 
263 3 3 
264 3 3 
265 3 3 
266 3 3 
267 7 3 
268 7 3 
269 6 3 
270 6 3 
271 6 3 
272 5 3 
273 2 3 
274 2 3 
275 3 3 
276 3 3 
277 6 3 
278 6 3 
279 6 3 
280 8 3 
281 8 3 
282 3 3 
283 3 3 
284 6 3 
285 6 3 
286 6 3 
287 6 3 
288 6 3 
289 6 3 
290 6 3 
291 6 3 
292 6 3 
293 6 3 
294 6 3 
295 6 3 
296 6 3 
297 6 3 
298 6 3 
299 6 3 
300 6 3 
301 6 3 
302 6 3 
303 6 3 
304 6 3 
305 6 3 
306 6 3 
307 6 3 
308 6 3 
309 6 3 
310 6 3 
311 6 3 
312 6 3 
313 6 3 
314 6 3 
315 6 3 
316 6 3 
317 6 3 
318 6 3 
319 6 3 
320 6 3 
321 7 3 
322 7 3 
323 6 3 
324 6 3 
325 7 3 
326 7 3 
327 7 3 
328 7 3 
329 7 3 
330 6 3 
331 6 3 
332 6 3 
333 6 3 
334 6 3 
335 6 3 
336 6 3 
337 6 3 
338 6 3 
339 6 3 
340 6 3 
341 8 3 
342 6 3 
343 6 3 
344 7 3 
345 7 3 
346 7 3 
347 7 3 
348 7 3 
349 7 3 
350 7 3 
351 7 3 
352 8 3 
353 8 3 
354 8 3 
355 8 3 
356 8 3 
357 8 3 
358 8 3 
359 8 3 
360 8 3 
361 8 3 
362 8 3 
363 8 3 
364 8 3 
365 1 3 
366 3 3 
367 3 3 
368 4 3 
369 5 3 
370 6 3 
371 8 3 
372 2 3 
373 8 3 
374 3 3 
375 1 3 
376 4 3 
377 7 3 
378 5 3 
379 1 3 
380 6 3 
381 5 3 
382 5 3 
383 3 3 
384 3 3 
385 8 3 
386 3 3 
387 3 3 
388 6 3 
389 6 3 
390 3 3 
391 7 3 
392 8 3 
393 7 3 
394 6 3 
395 2 3 
396 3 3 
397 1 3 
398 1 3 
399 1 3 
400 1 3 
401 1 3 
402 1 3 
403 1 3 
404 1 3 
405 1 3 
406 1 3 
407 1 3 
408 1 3 
409 1 3 
410 1 3 
411 1 3 
412 1 6 
413 1 6 
414 1 6 
415 1 6 
416 1 6 
417 1 6 
418 1 6 
419 1 6 
420 1 6 
421 1 6 
422 1 3 
423 1 3 
424 1 3 
425 1 3 
426 1 3 
427 1 3 
428 1 3 
429 1 3 
430 1 3 
431 1 6 
432 1 6 
433 1 6 
434 1 6 
435 1 6 
436 1 6 
437 1 3 
438 1 3 
439 1 3 
440 1 3 
441 1 3 
442 4 6 
443 1 6 
444 1 6 
445 1 6 
446 1 6 
447 1 6 
448 1 6 
449 1 6 
450 1 6 
451 1 6 
452 2 6 
453 2 6 
454 2 6 
455 2 6 
456 2 6 
457 2 6 
458 2 6 
459 2 6 
460 2 6 
461 2 6 
462 2 6 
463 2 6 
464 2 6 
465 2 6 
466 2 6 
467 2 6 
468 2 6 
469 2 6 
470 2 6 
471 2 6 
472 2 6 
473 2 6 
474 2 6 
475 2 6 
476 2 6 
477 2 6 
478 2 6 
479 2 6 
480 2 6 
481 2 6 
482 2 6 
483 2 6 
484 2 6 
485 2 6 
486 2 6 
487 2 6 
488 2 6 
489 2 6 
490 2 6 
491 2 6 
492 2 6 
493 2 6 
494 8 6 
495 3 6 
496 3 6 
497 4 6 
498 4 6 
499 5 6 
500 6 6 
501 2 6 
502 3 6 
503 3 6 
504 3 6 
505 8 6 
506 3 6 
507 3 6 
508 3 6 
509 3 6 
510 3 6 
511 3 6 
512 3 6 
513 3 6 
514 3 6 
515 3 6 
516 3 6 
517 3 6 
518 3 6 
519 3 6 
520 8 6 
521 8 6 
522 8 6 
523 8 6 
524 8 6 
525 8 6 
526 8 6 
527 8 6 
528 8 6 
529 8 6 
530 8 6 
531 8 6 
532 8 6 
533 8 6 
534 8 6 
535 8 6 
536 8 6 
537 5 6 
538 8 6 
539 8 6 
540 8 6 
541 8 6 
542 8 6 
543 8 6 
544 8 6 
545 8 6 
546 8 6 
547 8 6 
548 8 6 
549 8 6 
550 8 6 
551 8 6 
552 8 6 
553 8 6 
554 8 6 
555 5 6 
556 5 6 
557 5 6 
558 5 6 
559 5 6 
560 5 6 
561 5 6 
562 5 6 
563 5 6 
564 5 6 
565 5 6 
566 5 6 
567 5 6 
568 5 6 
569 5 6 
570 5 6 
571 5 6 
572 5 6 
573 5 6 
574 5 6 
575 5 6 
576 5 6 
577 5 6 
578 8 6 
579 5 6 
580 5 6 
581 5 6 
582 5 6 
583 5 6 
584 5 6 
585 3 6 
586 1 6 
587 5 6 
588 5 6 
589 5 6 
590 5 6 
591 5 6 
592 5 6 
593 5 6 
594 5 6 
595 5 6 
596 5 6 
597 5 6 
598 5 6 
599 5 6 
600 5 6 
601 5 6 
602 5 6 
603 5 6 
604 8 6 
605 8 6 
606 8 6 
607 8 6 
608 8 6 
609 8 6 
610 8 6 
611 8 6 
612 8 6 
613 8 6 
614 8 6 
615 8 6 
616 8 6 
617 8 6 
618 8 6 
619 8 6 
620 8 6 
621 8 6 
622 6 6 
623 8 6 
624 4 6 
625 1 6 
626 4 6 
627 4 6 
628 6 6 
629 1 6 
630 2 6 
631 6 6 
632 3 6 
633 1 6 
634 6 6 
635 6 6 
636 8 6 
637 6 6 
638 1 6 
639 8 6 
640 8 6 
641 8 6 
642 8 6 
643 8 6 
644 8 6 
645 8 6 
646 8 6 
647 8 6 
648 8 6 
649 8 6 
650 8 6 
651 8 6 
652 8 6 
653 8 6 
654 8 6 
655 8 6 
656 8 6 
657 8 6 
658 8 6 
659 8 6 
660 8 6 
661 8 6 
662 8 6 
663 8 6 
664 8 6 
665 8 6 
666 8 6 
667 8 6 
668 8 6 
669 8 6 
670 8 6 
671 8 6 
672 8 6 
673 8 6 
674 8 6 
675 8 6 
676 8 6 
677 8 6 
678 8 6 
679 8 6 
680 8 6 
681 8 6 
682 8 6 
683 8 6 
684 8 6 
685 8 6 
686 8 6 
687 8 6 
688 8 6 
689 8 6 
690 8 6 
691 8 6 
692 8 6 
693 8 6 
694 8 6 
695 8 6 
696 8 6 
697 6 6 
698 1 6 
699 1 6 
700 1 6 
701 1 6 
702 1 6 
703 1 6 
704 1 6 
705 1 6 
706 1 6 
707 1 6 
708 1 6 
;
end;
