param S := 836;
param T := 8;
param D := 5;
param windowsize := 0;

param A := 
1 121
2 113
3 40
4 36
5 22
6 318
7 221
8 11
9 9
10 7
11 9
12 2
13 7
14 4
15 5
16 7
17 13
18 4
19 61
20 81
21 27
22 107
23 80
24 0
25 1
26 0
27 1
28 43
29 24
30 21
31 80
32 107
33 134
34 36
35 22
36 179
37 90
38 27
39 27
40 52
41 9
42 13
43 23
44 64
45 221
46 106
47 113
48 32
49 148
50 100
51 124
52 66
53 109
54 109
55 35
56 182
57 9
58 52
59 2
60 186
61 40
62 0
63 13
64 4
65 129
66 129
67 44
68 53
69 14
70 20
71 9
72 12
73 1
74 16
75 24
76 12
77 0
78 52
79 52
80 9
81 48
82 48
83 36
84 0
85 7
86 86
87 17
88 31
89 18
90 14
91 11
92 29
93 18
94 179
95 35
96 25
97 16
98 9
99 3
100 2
101 0
102 4
103 3
104 12
105 12
106 48
107 48
108 27
109 27
110 22
111 11
112 47
113 107
114 2
115 14
116 28
117 21
118 14
119 2
120 6
121 4
122 11
123 1
124 3
125 3
126 1
127 5
128 1
129 65
130 4
131 8
132 5
133 0
134 3
135 4
136 7
137 9
138 9
139 14
140 10
141 11
142 45
143 2
144 7
145 18
146 18
147 18
148 51
149 49
150 18
151 27
152 14
153 4
154 13
155 9
156 2
157 4
158 3
159 15
160 16
161 16
162 22
163 13
164 18
165 6
166 22
167 2
168 2
169 11
170 4
171 2
172 79
173 2
174 8
175 0
176 1
177 72
178 9
179 2
180 2
181 26
182 51
183 44
184 101
185 40
186 27
187 44
188 51
189 42
190 6
191 11
192 11
193 11
194 5
195 122
196 11
197 267
198 0
199 267
200 267
201 46
202 38
203 35
204 179
205 65
206 24
207 44
208 44
209 13
210 40
211 12
212 474
213 8
214 5
215 12
216 7
217 55
218 215
219 122
220 221
221 358
222 66
223 86
224 88
225 0
226 106
227 64
228 42
229 133
230 107
231 106
232 88
233 159
234 150
235 107
236 7
237 4
238 5
239 18
240 4
241 4
242 9
243 7
244 44
245 44
246 143
247 43
248 44
249 76
250 45
251 22
252 53
253 27
254 19
255 2
256 13
257 4
258 11
259 4
260 3
261 13
262 6
263 36
264 27
265 8
266 27
267 13
268 13
269 42
270 18
271 2
272 13
273 24
274 36
275 20
276 46
277 38
278 42
279 52
280 22
281 118
282 36
283 4
284 26
285 4
286 2
287 16
288 23
289 5
290 8
291 4
292 9
293 4
294 1
295 129
296 44
297 386
298 27
299 13
300 35
301 9
302 7
303 18
304 4
305 2
306 15
307 9
308 133
309 129
310 137
311 133
312 265
313 150
314 411
315 215
316 106
317 115
318 222
319 179
320 106
321 133
322 110
323 265
324 6
325 9
326 6
327 0
328 110
329 76
330 118
331 135
332 86
333 55
334 38
335 1
336 45
337 45
338 6
339 51
340 14
341 35
342 11
343 22
344 36
345 0
346 0
347 84
348 19
349 55
350 28
351 15
352 160
353 20
354 111
355 90
356 305
357 80
358 13
359 13
360 13
361 4
362 9
363 18
364 6
365 14
366 28
367 32
368 80
369 38
370 107
371 17
372 3
373 18
374 4
375 9
376 7
377 40
378 249
379 143
380 30
381 90
382 110
383 33
384 44
385 177
386 4
387 7
388 7
389 35
390 18
391 5
392 11
393 11
394 4
395 55
396 133
397 8
398 7
399 4
400 0
401 4
402 4
403 25
404 0
405 8
406 47
407 237
408 125
409 100
410 35
411 36
412 17
413 268
414 168
415 106
416 100
417 133
418 133
419 107
420 94
421 124
422 47
423 84
424 144
425 81
426 81
427 79
428 81
429 401
430 26
431 73
432 140
433 24
434 401
435 136
436 32
437 474
438 4
439 47
440 13
441 36
442 72
443 68
444 27
445 80
446 72
447 18
448 46
449 44
450 190
451 6
452 79
453 364
454 133
455 358
456 80
457 4
458 42
459 31
460 22
461 66
462 0
463 15
464 44
465 160
466 22
467 166
468 72
469 83
470 133
471 44
472 106
473 44
474 12
475 9
476 4
477 4
478 27
479 5
480 7
481 14
482 9
483 16
484 0
485 17
486 7
487 19
488 34
489 143
490 40
491 22
492 14
493 250
494 40
495 11
496 146
497 104
498 52
499 133
500 86
501 115
502 88
503 86
504 122
505 106
506 72
507 78
508 4
509 88
510 106
511 44
512 14
513 43
514 110
515 215
516 45
517 88
518 22
519 98
520 128
521 53
522 54
523 44
524 19
525 27
526 7
527 4
528 9
529 4
530 29
531 16
532 6
533 5
534 24
535 13
536 107
537 10
538 11
539 20
540 12
541 158
542 82
543 4
544 19
545 20
546 4
547 4
548 2
549 22
550 0
551 1
552 0
553 33
554 90
555 49
556 2
557 8
558 27
559 13
560 9
561 24
562 19
563 0
564 1
565 5
566 3
567 25
568 18
569 7
570 61
571 11
572 36
573 40
574 49
575 94
576 73
577 3
578 310
579 0
580 182
581 0
582 18
583 0
584 0
585 91
586 5
587 5
588 5
589 10
590 61
591 182
592 5
593 81
594 79
595 238
596 158
597 9
598 9
599 36
600 33
601 66
602 44
603 156
604 18
605 4
606 9
607 107
608 53
609 53
610 47
611 152
612 94
613 62
614 61
615 96
616 325
617 4
618 4
619 36
620 14
621 7
622 11
623 12
624 11
625 44
626 98
627 62
628 22
629 27
630 36
631 7
632 18
633 5
634 5
635 36
636 36
637 43
638 36
639 7
640 13
641 7
642 7
643 9
644 146
645 146
646 91
647 0
648 18
649 63
650 45
651 3
652 18
653 10
654 8
655 6
656 14
657 12
658 2
659 18
660 3
661 10
662 2
663 12
664 4
665 6
666 6
667 5
668 7
669 71
670 129
671 150
672 9
673 20
674 30
675 4
676 8
677 1
678 1
679 9
680 16
681 39
682 3
683 14
684 9
685 2
686 0
687 14
688 18
689 36
690 0
691 24
692 0
693 14
694 18
695 24
696 8
697 11
698 24
699 24
700 134
701 5
702 36
703 81
704 15
705 169
706 129
707 107
708 44
709 64
710 40
711 81
712 40
713 35
714 30
715 106
716 53
717 53
718 53
719 53
720 133
721 12
722 53
723 54
724 44
725 4
726 186
727 94
728 52
729 36
730 249
731 249
732 141
733 186
734 86
735 133
736 399
737 2
738 86
739 107
740 110
741 212
742 265
743 0
744 8
745 11
746 18
747 11
748 2
749 18
750 9
751 4
752 18
753 22
754 4
755 2
756 2
757 4
758 2
759 4
760 4
761 8
762 8
763 20
764 14
765 110
766 69
767 25
768 32
769 18
770 9
771 7
772 16
773 9
774 13
775 1
776 40
777 44
778 4
779 4
780 4
781 4
782 9
783 2
784 16
785 11
786 14
787 12
788 11
789 13
790 8
791 3
792 7
793 9
794 52
795 39
796 11
797 36
798 28
799 11
800 97
801 42
802 24
803 40
804 94
805 33
806 14
807 44
808 18
809 9
810 4
811 4
812 22
813 7
814 4
815 32
816 2
817 1
818 1
819 12
820 5
821 20
822 135
823 0
824 5
825 3
826 7
827 1
828 0
829 3
830 1
831 0
832 310
833 182
834 182
835 109
836 91
;

param Ttarget := 
1 1 1000
2 1 1000
3 1 1000
4 1 1000
5 1 500
6 1 500
7 1 500
8 1 500
1 2 1000
2 2 1000
3 2 1000
4 2 1000
5 2 500
6 2 500
7 2 500
8 2 500
1 3 1000
2 3 1000
3 3 1000
4 3 1000
5 3 500
6 3 500
7 3 500
8 3 500
1 4 1000
2 4 1000
3 4 1000
4 4 1000
5 4 500
6 4 500
7 4 500
8 4 500
1 5 1000
2 5 1000
3 5 1000
4 5 1000
5 5 500
6 5 500
7 5 500
8 5 500
;

set Bannlisti := 
;
set Fixlisti := 
1 1 1 
2 1 1 
3 1 1 
4 1 1 
5 1 1 
6 1 1 
7 1 1 
8 1 1 
9 1 1 
10 1 1 
11 1 1 
12 1 1 
13 1 1 
14 1 1 
15 1 1 
16 1 1 
17 1 1 
18 1 1 
19 1 1 
20 1 1 
21 1 1 
22 1 1 
23 1 1 
24 1 1 
25 2 1 
26 2 1 
27 2 1 
28 6 1 
29 3 1 
30 7 1 
31 1 1 
32 1 1 
33 1 1 
34 1 1 
35 1 1 
36 1 1 
37 1 1 
38 1 1 
39 1 1 
40 4 1 
41 4 1 
42 4 1 
43 4 1 
44 1 1 
45 1 1 
46 1 1 
47 1 1 
48 1 1 
49 1 1 
50 1 1 
51 1 1 
52 1 1 
53 2 1 
54 2 1 
55 2 1 
56 2 1 
57 3 1 
58 3 1 
59 3 1 
60 3 1 
61 3 1 
62 3 1 
63 3 1 
64 8 1 
65 4 1 
66 4 1 
67 4 1 
68 4 1 
69 4 1 
70 4 1 
71 1 1 
72 4 1 
73 4 1 
74 4 1 
75 4 1 
76 4 1 
77 4 1 
78 4 1 
79 4 1 
80 4 1 
81 4 1 
82 4 1 
83 4 1 
84 4 1 
85 8 1 
86 5 1 
87 5 1 
88 5 1 
89 5 1 
90 5 1 
91 5 1 
92 5 1 
93 5 1 
94 5 1 
95 5 1 
96 5 1 
97 5 1 
98 5 1 
99 5 1 
100 5 1 
101 8 1 
102 1 1 
103 2 1 
104 3 1 
105 3 1 
106 3 1 
107 3 1 
108 8 1 
109 8 1 
110 8 1 
111 8 1 
112 7 1 
113 7 1 
114 8 1 
115 8 1 
116 8 1 
117 8 1 
118 8 1 
119 8 1 
120 8 1 
121 7 1 
122 7 1 
123 7 1 
124 7 1 
125 7 1 
126 7 1 
127 7 1 
128 7 1 
129 7 1 
130 8 1 
131 8 1 
132 8 1 
133 7 1 
134 7 1 
135 8 1 
136 8 1 
137 7 1 
138 7 1 
139 7 1 
140 7 1 
141 7 1 
142 7 1 
143 8 1 
144 8 1 
145 8 1 
146 8 1 
147 8 1 
148 5 1 
149 5 1 
150 5 1 
151 5 1 
152 5 1 
153 8 1 
154 8 1 
155 8 1 
156 8 1 
157 8 1 
158 7 1 
159 5 1 
160 5 1 
161 8 1 
162 8 1 
163 8 1 
164 7 1 
165 7 1 
166 7 1 
167 7 1 
168 7 1 
169 8 1 
170 8 1 
171 8 1 
172 8 1 
173 8 1 
174 8 1 
175 8 1 
176 8 1 
177 7 1 
178 5 1 
179 5 1 
180 5 1 
181 1 1 
182 1 1 
183 1 1 
184 1 1 
185 1 1 
186 1 1 
187 1 1 
188 1 1 
189 1 1 
190 1 1 
191 1 1 
192 1 1 
193 1 1 
194 1 1 
195 1 1 
196 1 1 
197 1 1 
198 1 2 
199 1 2 
200 1 2 
201 2 2 
202 2 2 
203 2 2 
204 2 2 
205 2 2 
206 2 2 
207 2 2 
208 2 2 
209 2 2 
210 2 2 
211 2 2 
212 2 2 
213 2 2 
214 2 2 
215 3 2 
216 3 2 
217 5 2 
218 3 2 
219 3 2 
220 3 2 
221 3 2 
222 3 2 
223 3 2 
224 3 2 
225 3 2 
226 3 2 
227 3 2 
228 3 2 
229 3 2 
230 3 2 
231 3 2 
232 3 2 
233 3 2 
234 3 2 
235 3 2 
236 3 2 
237 3 2 
238 3 2 
239 3 2 
240 3 2 
241 3 2 
242 3 2 
243 3 2 
244 3 2 
245 3 2 
246 3 2 
247 3 2 
248 3 2 
249 3 2 
250 3 2 
251 3 2 
252 3 2 
253 3 2 
254 3 2 
255 3 2 
256 3 2 
257 3 2 
258 3 2 
259 3 2 
260 3 2 
261 3 2 
262 3 2 
263 3 2 
264 3 2 
265 3 2 
266 3 2 
267 3 2 
268 3 2 
269 3 2 
270 3 2 
271 3 2 
272 3 2 
273 3 2 
274 3 2 
275 3 2 
276 3 2 
277 3 2 
278 3 2 
279 3 2 
280 3 2 
281 3 2 
282 8 2 
283 8 2 
284 8 2 
285 8 2 
286 8 2 
287 8 2 
288 8 2 
289 8 2 
290 8 2 
291 8 2 
292 8 2 
293 8 2 
294 8 2 
295 8 2 
296 8 2 
297 8 2 
298 8 2 
299 8 2 
300 8 2 
301 8 2 
302 8 2 
303 8 2 
304 8 2 
305 4 2 
306 8 2 
307 8 2 
308 6 2 
309 6 2 
310 6 2 
311 6 2 
312 6 2 
313 6 2 
314 6 2 
315 6 2 
316 6 2 
317 6 2 
318 6 2 
319 6 2 
320 6 2 
321 6 2 
322 6 2 
323 6 2 
324 6 2 
325 6 2 
326 6 2 
327 6 2 
328 6 2 
329 6 2 
330 6 2 
331 6 2 
332 6 2 
333 6 2 
334 6 2 
335 6 2 
336 6 2 
337 6 2 
338 7 2 
339 7 2 
340 7 2 
341 7 2 
342 7 2 
343 7 2 
344 8 2 
345 8 2 
346 8 2 
347 6 2 
348 6 2 
349 6 2 
350 6 2 
351 6 2 
352 6 2 
353 6 2 
354 6 2 
355 6 2 
356 6 2 
357 6 2 
358 6 2 
359 6 2 
360 6 2 
361 7 2 
362 7 2 
363 7 2 
364 7 2 
365 6 2 
366 6 2 
367 6 2 
368 6 2 
369 6 2 
370 6 2 
371 6 2 
372 6 2 
373 6 2 
374 6 2 
375 6 2 
376 6 2 
377 6 2 
378 7 2 
379 7 2 
380 7 2 
381 7 2 
382 7 2 
383 7 2 
384 7 2 
385 7 2 
386 7 2 
387 8 2 
388 7 2 
389 7 2 
390 7 2 
391 7 2 
392 7 2 
393 8 2 
394 8 2 
395 7 2 
396 7 2 
397 7 2 
398 7 2 
399 8 2 
400 8 2 
401 8 2 
402 8 2 
403 8 2 
404 5 2 
405 5 2 
406 1 2 
407 1 2 
408 1 2 
409 1 2 
410 1 2 
411 1 2 
412 1 2 
413 1 2 
414 1 2 
415 1 2 
416 1 2 
417 1 2 
418 1 2 
419 1 2 
420 1 2 
421 1 2 
422 1 2 
423 1 2 
424 1 2 
425 1 2 
426 1 2 
427 1 2 
428 1 2 
429 2 3 
430 2 3 
431 2 3 
432 2 3 
433 2 3 
434 2 3 
435 2 3 
436 2 3 
437 2 3 
438 2 3 
439 2 3 
440 2 3 
441 8 3 
442 2 3 
443 2 3 
444 2 3 
445 2 3 
446 2 3 
447 2 3 
448 2 3 
449 2 3 
450 2 3 
451 2 3 
452 2 3 
453 2 3 
454 3 3 
455 3 3 
456 2 3 
457 2 3 
458 2 3 
459 2 3 
460 8 3 
461 8 3 
462 8 3 
463 3 3 
464 3 3 
465 3 3 
466 3 3 
467 3 3 
468 3 3 
469 3 3 
470 3 3 
471 3 3 
472 3 3 
473 3 3 
474 3 3 
475 3 3 
476 3 3 
477 3 3 
478 3 3 
479 3 3 
480 3 3 
481 3 3 
482 3 3 
483 3 3 
484 3 3 
485 3 3 
486 3 3 
487 3 3 
488 3 3 
489 3 3 
490 3 3 
491 3 3 
492 3 3 
493 3 3 
494 3 3 
495 3 3 
496 3 3 
497 3 3 
498 3 3 
499 3 3 
500 3 3 
501 3 3 
502 3 3 
503 3 3 
504 3 3 
505 3 3 
506 5 3 
507 5 3 
508 5 3 
509 5 3 
510 5 3 
511 5 3 
512 5 3 
513 5 3 
514 5 3 
515 5 3 
516 5 3 
517 5 3 
518 5 3 
519 8 3 
520 8 3 
521 8 3 
522 8 3 
523 8 3 
524 8 3 
525 8 3 
526 8 3 
527 8 3 
528 8 3 
529 8 3 
530 8 3 
531 8 3 
532 8 3 
533 8 3 
534 8 3 
535 8 3 
536 8 3 
537 8 3 
538 8 3 
539 8 3 
540 8 3 
541 8 3 
542 8 3 
543 8 3 
544 8 3 
545 8 3 
546 8 3 
547 8 3 
548 8 3 
549 8 3 
550 7 3 
551 7 3 
552 1 3 
553 5 3 
554 5 3 
555 5 3 
556 5 3 
557 5 3 
558 5 3 
559 5 3 
560 5 3 
561 8 3 
562 8 3 
563 8 3 
564 8 3 
565 8 3 
566 8 3 
567 8 3 
568 8 3 
569 8 3 
570 8 3 
571 8 3 
572 8 3 
573 8 3 
574 8 3 
575 8 3 
576 1 4 
577 1 4 
578 1 4 
579 1 4 
580 1 4 
581 1 4 
582 1 4 
583 1 4 
584 1 4 
585 1 4 
586 1 4 
587 1 4 
588 1 4 
589 1 4 
590 1 4 
591 1 4 
592 1 4 
593 1 4 
594 1 4 
595 1 4 
596 1 4 
597 1 4 
598 1 4 
599 1 4 
600 1 4 
601 1 4 
602 1 4 
603 1 4 
604 1 4 
605 1 4 
606 1 4 
607 1 4 
608 1 4 
609 1 4 
610 1 4 
611 1 4 
612 1 4 
613 1 4 
614 1 4 
615 1 4 
616 1 4 
617 1 4 
618 8 4 
619 8 4 
620 8 4 
621 8 4 
622 8 4 
623 8 4 
624 8 4 
625 8 4 
626 8 4 
627 8 4 
628 8 4 
629 8 4 
630 8 4 
631 8 4 
632 8 4 
633 8 4 
634 8 4 
635 8 4 
636 8 4 
637 8 4 
638 2 4 
639 8 4 
640 8 4 
641 8 4 
642 8 4 
643 8 4 
644 2 4 
645 2 4 
646 2 4 
647 2 4 
648 2 4 
649 2 4 
650 2 4 
651 8 4 
652 8 4 
653 8 4 
654 8 4 
655 8 4 
656 8 4 
657 8 4 
658 8 4 
659 8 4 
660 8 4 
661 8 4 
662 8 4 
663 8 4 
664 8 4 
665 8 4 
666 8 4 
667 8 4 
668 8 4 
669 4 4 
670 3 4 
671 3 4 
672 3 4 
673 3 4 
674 3 4 
675 8 4 
676 8 4 
677 8 4 
678 8 4 
679 8 4 
680 8 4 
681 8 4 
682 8 4 
683 2 4 
684 8 4 
685 8 4 
686 8 4 
687 8 4 
688 8 4 
689 8 4 
690 8 4 
691 8 4 
692 8 4 
693 8 4 
694 8 4 
695 8 4 
696 8 4 
697 3 4 
698 3 4 
699 4 4 
700 4 4 
701 4 4 
702 4 4 
703 4 4 
704 4 4 
705 4 4 
706 4 4 
707 4 4 
708 4 4 
709 4 4 
710 4 4 
711 4 4 
712 4 4 
713 6 4 
714 6 4 
715 6 4 
716 6 4 
717 6 4 
718 6 4 
719 6 4 
720 6 4 
721 6 4 
722 6 4 
723 6 4 
724 6 4 
725 6 4 
726 6 4 
727 6 4 
728 6 4 
729 6 4 
730 6 4 
731 6 4 
732 6 4 
733 6 4 
734 6 4 
735 6 4 
736 6 4 
737 6 4 
738 6 4 
739 6 4 
740 6 4 
741 6 4 
742 6 4 
743 8 4 
744 7 4 
745 7 4 
746 7 4 
747 7 4 
748 7 4 
749 7 4 
750 7 4 
751 7 4 
752 7 4 
753 7 4 
754 7 4 
755 7 4 
756 7 4 
757 7 4 
758 7 4 
759 7 4 
760 7 4 
761 7 4 
762 7 4 
763 7 4 
764 7 4 
765 7 4 
766 7 4 
767 7 4 
768 7 4 
769 7 4 
770 7 4 
771 7 4 
772 7 4 
773 7 4 
774 7 4 
775 7 4 
776 8 4 
777 8 4 
778 8 4 
779 8 4 
780 8 4 
781 8 4 
782 8 4 
783 8 4 
784 8 4 
785 8 4 
786 8 4 
787 8 4 
788 8 4 
789 8 4 
790 8 4 
791 8 4 
792 8 4 
793 7 4 
794 7 4 
795 7 4 
796 7 4 
797 7 4 
798 7 4 
799 7 4 
800 8 4 
801 8 4 
802 8 4 
803 7 4 
804 7 4 
805 8 4 
806 8 4 
807 8 4 
808 8 4 
809 8 4 
810 8 4 
811 8 4 
812 8 4 
813 8 4 
814 8 4 
815 7 4 
816 7 4 
817 8 4 
818 8 4 
819 8 4 
820 8 4 
821 8 4 
822 8 4 
823 8 4 
824 8 4 
825 8 4 
826 8 4 
827 8 4 
828 8 4 
829 8 4 
830 8 4 
831 8 4 
832 1 4 
833 1 4 
834 1 4 
835 1 4 
836 1 4 
;
end;
