param S := 817;
param T := 8;
param D := 5;
param windowsize := 0;

param O := 
1 1
2 0
3 0
4 0
5 0
6 0
7 0
8 0
;

param EIM := 
1 0
2 0
3 0
4 0
5 0
6 0
7 1
8 0
;

param SAM := 
1 0
2 0
3 0
4 0
5 0
6 0
7 0
8 1
;

param A := 
1 424
2 110
3 13
4 20
5 106
6 0
7 8
8 21
9 29
10 42
11 76
12 9
13 24
14 7
15 7
16 9
17 9
18 17
19 5
20 73
21 13
22 5
23 17
24 4
25 2
26 22
27 27
28 73
29 13
30 18
31 20
32 18
33 11
34 5
35 13
36 9
37 13
38 46
39 40
40 40
41 13
42 18
43 4
44 27
45 36
46 36
47 215
48 123
49 26
50 13
51 4
52 55
53 88
54 27
55 43
56 59
57 25
58 40
59 9
60 12
61 6
62 3
63 9
64 36
65 18
66 7
67 2
68 18
69 3
70 6
71 7
72 4
73 3
74 107
75 129
76 129
77 13
78 24
79 69
80 71
81 17
82 24
83 33
84 4
85 15
86 3
87 14
88 48
89 22
90 10
91 4
92 106
93 59
94 221
95 106
96 4
97 5
98 17
99 9
100 7
101 18
102 5
103 14
104 27
105 11
106 14
107 2
108 183
109 0
110 201
111 0
112 5
113 107
114 47
115 85
116 81
117 81
118 18
119 125
120 251
121 176
122 194
123 91
124 73
125 73
126 91
127 91
128 4
129 9
130 4
131 4
132 2
133 4
134 1
135 0
136 0
137 0
138 1
139 2
140 2
141 2
142 169
143 52
144 91
145 13
146 28
147 6
148 12
149 12
150 24
151 129
152 106
153 129
154 88
155 42
156 80
157 106
158 141
159 133
160 122
161 537
162 13
163 13
164 8
165 11
166 18
167 5
168 2
169 4
170 24
171 20
172 71
173 8
174 114
175 6
176 34
177 34
178 44
179 34
180 7
181 40
182 5
183 13
184 13
185 5
186 6
187 11
188 17
189 22
190 40
191 36
192 80
193 47
194 4
195 25
196 12
197 121
198 18
199 67
200 36
201 18
202 55
203 11
204 9
205 44
206 72
207 27
208 13
209 6
210 13
211 9
212 14
213 47
214 610
215 200
216 46
217 8
218 56
219 20
220 44
221 133
222 53
223 221
224 31
225 61
226 76
227 22
228 55
229 55
230 15
231 83
232 26
233 44
234 160
235 34
236 40
237 90
238 146
239 1
240 4
241 4
242 4
243 7
244 8
245 14
246 17
247 8
248 17
249 5
250 8
251 9
252 14
253 12
254 18
255 7
256 14
257 4
258 8
259 20
260 3
261 0
262 40
263 125
264 44
265 13
266 8
267 2
268 7
269 13
270 40
271 6
272 9
273 11
274 90
275 5
276 110
277 7
278 4
279 9
280 4
281 4
282 9
283 18
284 4
285 37
286 4
287 9
288 8
289 20
290 14
291 9
292 4
293 13
294 3
295 4
296 14
297 27
298 50
299 44
300 27
301 0
302 12
303 24
304 26
305 36
306 36
307 3
308 4
309 12
310 48
311 14
312 6
313 6
314 17
315 100
316 100
317 12
318 109
319 17
320 19
321 109
322 91
323 73
324 91
325 55
326 13
327 9
328 11
329 4
330 96
331 88
332 106
333 133
334 36
335 113
336 186
337 66
338 14
339 110
340 42
341 60
342 193
343 169
344 63
345 79
346 14
347 26
348 22
349 16
350 13
351 9
352 17
353 35
354 24
355 36
356 69
357 9
358 48
359 24
360 1
361 48
362 52
363 133
364 55
365 106
366 86
367 36
368 20
369 40
370 7
371 44
372 1
373 2
374 125
375 179
376 100
377 215
378 31
379 107
380 2
381 18
382 9
383 50
384 9
385 35
386 44
387 18
388 15
389 90
390 52
391 5
392 6
393 4
394 8
395 0
396 5
397 2
398 12
399 37
400 9
401 92
402 28
403 45
404 5
405 4
406 13
407 18
408 11
409 66
410 133
411 12
412 9
413 7
414 2
415 2
416 36
417 66
418 7
419 33
420 27
421 1
422 1
423 25
424 4
425 2
426 6
427 4
428 7
429 23
430 30
431 18
432 6
433 11
434 5
435 1
436 1
437 3
438 3
439 0
440 12
441 14
442 14
443 6
444 14
445 145
446 88
447 10
448 5
449 4
450 1
451 2
452 2
453 5
454 48
455 12
456 6
457 6
458 4
459 0
460 2
461 0
462 9
463 14
464 18
465 14
466 81
467 158
468 81
469 162
470 10
471 22
472 37
473 13
474 317
475 126
476 5
477 69
478 46
479 88
480 24
481 44
482 55
483 76
484 156
485 215
486 30
487 28
488 24
489 125
490 24
491 73
492 146
493 128
494 182
495 56
496 364
497 26
498 125
499 125
500 13
501 8
502 21
503 134
504 0
505 9
506 74
507 69
508 88
509 35
510 179
511 9
512 22
513 110
514 54
515 474
516 510
517 51
518 73
519 51
520 146
521 104
522 52
523 222
524 265
525 215
526 106
527 150
528 107
529 215
530 88
531 7
532 38
533 8
534 14
535 0
536 13
537 4
538 9
539 9
540 14
541 72
542 137
543 76
544 11
545 72
546 177
547 7
548 88
549 72
550 98
551 86
552 159
553 39
554 7
555 4
556 6
557 2
558 30
559 4
560 22
561 1
562 11
563 88
564 13
565 257
566 129
567 9
568 26
569 18
570 16
571 11
572 1
573 6
574 7
575 9
576 4
577 8
578 4
579 13
580 4
581 100
582 7
583 67
584 1
585 1
586 2
587 42
588 52
589 66
590 265
591 18
592 150
593 411
594 215
595 72
596 18
597 9
598 9
599 1
600 55
601 41
602 11
603 72
604 40
605 221
606 133
607 4
608 27
609 7
610 9
611 9
612 16
613 7
614 9
615 13
616 18
617 4
618 7
619 9
620 5
621 110
622 86
623 86
624 179
625 38
626 133
627 133
628 18
629 14
630 4
631 13
632 8
633 97
634 26
635 9
636 19
637 11
638 12
639 48
640 28
641 7
642 11
643 53
644 20
645 106
646 53
647 19
648 40
649 133
650 107
651 7
652 9
653 5
654 9
655 9
656 10
657 13
658 8
659 107
660 35
661 9
662 13
663 18
664 17
665 1
666 32
667 6
668 27
669 27
670 7
671 9
672 9
673 13
674 5
675 36
676 18
677 33
678 9
679 12
680 32
681 2
682 5
683 0
684 51
685 91
686 182
687 267
688 24
689 25
690 125
691 17
692 17
693 228
694 212
695 133
696 248
697 238
698 162
699 144
700 94
701 336
702 64
703 268
704 221
705 107
706 133
707 281
708 3
709 19
710 55
711 23
712 164
713 52
714 36
715 84
716 36
717 134
718 60
719 63
720 134
721 1
722 2
723 4
724 4
725 0
726 24
727 4
728 2
729 1
730 1
731 27
732 13
733 13
734 13
735 16
736 4
737 1
738 8
739 11
740 86
741 35
742 133
743 4
744 179
745 7
746 9
747 20
748 2
749 2
750 4
751 2
752 61
753 12
754 0
755 13
756 18
757 5
758 24
759 24
760 7
761 1
762 0
763 7
764 1
765 0
766 1
767 0
768 1
769 1
770 4
771 1
772 24
773 52
774 60
775 19
776 48
777 36
778 36
779 2
780 12
781 4
782 2
783 129
784 12
785 107
786 88
787 7
788 22
789 19
790 11
791 7
792 12
793 182
794 55
795 109
796 146
797 125
798 201
799 65
800 81
801 8
802 0
803 38
804 46
805 71
806 219
807 51
808 76
809 59
810 19
811 107
812 33
813 44
814 6
815 6
816 13
817 9
;

param Ttarget := 
1 1 1000
2 1 1000
3 1 1000
4 1 1000
5 1 500
6 1 500
7 1 500
8 1 500
1 2 1000
2 2 1000
3 2 1000
4 2 1000
5 2 500
6 2 500
7 2 500
8 2 500
1 3 1000
2 3 1000
3 3 1000
4 3 1000
5 3 500
6 3 500
7 3 500
8 3 500
1 4 1000
2 4 1000
3 4 1000
4 4 1000
5 4 500
6 4 500
7 4 500
8 4 500
1 5 1000
2 5 1000
3 5 1000
4 5 1000
5 5 500
6 5 500
7 5 500
8 5 500
;

set Olgerdin := 
1 
2 
3 
4 
5 
6 
7 
8 
9 
10 
11 
12 
13 
14 
15 
16 
108 
109 
110 
111 
113 
114 
115 
116 
117 
118 
119 
120 
121 
122 
123 
124 
125 
126 
127 
129 
137 
238 
310 
311 
312 
314 
315 
316 
317 
318 
319 
320 
321 
322 
323 
324 
325 
326 
327 
328 
329 
330 
331 
332 
333 
334 
335 
336 
337 
338 
339 
340 
341 
342 
445 
461 
462 
463 
464 
465 
466 
467 
468 
469 
470 
471 
472 
473 
474 
475 
476 
477 
478 
479 
480 
481 
482 
483 
484 
485 
486 
487 
488 
489 
490 
491 
492 
493 
494 
495 
496 
497 
498 
499 
503 
561 
683 
684 
685 
686 
687 
688 
689 
690 
691 
692 
693 
694 
695 
696 
697 
698 
699 
700 
701 
702 
703 
704 
705 
706 
790 
791 
792 
793 
794 
795 
796 
797 
798 
799 
800 
801 
802 
803 
804 
805 
806 
807 
808 
809 
810 
811 
812 
813 
814 
815 
816 
;
set Cola := 
18 
19 
20 
21 
35 
36 
37 
38 
39 
40 
41 
42 
43 
138 
142 
143 
144 
145 
146 
147 
309 
343 
344 
345 
346 
347 
500 
501 
502 
504 
505 
506 
507 
508 
509 
510 
511 
512 
513 
514 
515 
516 
517 
518 
519 
581 
582 
583 
707 
708 
709 
710 
711 
712 
713 
714 
715 
716 
717 
720 
723 
724 
;
set Globus := 
134 
151 
152 
153 
154 
155 
156 
157 
158 
159 
160 
161 
162 
163 
164 
165 
166 
167 
169 
170 
171 
172 
173 
174 
175 
176 
177 
178 
179 
180 
181 
182 
183 
184 
185 
186 
187 
188 
189 
190 
191 
192 
193 
194 
195 
196 
198 
199 
200 
201 
202 
203 
204 
205 
206 
207 
454 
455 
456 
457 
520 
521 
522 
523 
524 
525 
526 
527 
528 
529 
530 
531 
532 
533 
534 
535 
536 
537 
538 
539 
540 
541 
542 
543 
544 
545 
546 
547 
548 
549 
550 
551 
552 
725 
726 
;
set Vintrio := 
28 
34 
51 
52 
53 
54 
55 
56 
57 
58 
59 
63 
348 
349 
350 
351 
352 
353 
354 
355 
;
set Brugghusstedja := 
135 
;
set Dista := 
60 
74 
75 
76 
77 
78 
79 
80 
81 
82 
356 
357 
358 
359 
360 
361 
362 
363 
364 
365 
366 
367 
368 
369 
370 
371 
372 
771 
772 
773 
774 
775 
776 
777 
778 
779 
780 
781 
782 
783 
784 
785 
786 
787 
;
set Bakkus := 
374 
375 
376 
377 
378 
379 
380 
381 
382 
383 
384 
385 
386 
387 
388 
389 
395 
416 
417 
418 
446 
740 
741 
742 
743 
744 
745 
746 
758 
759 
;
set Mekka := 
128 
130 
131 
132 
133 
208 
209 
210 
211 
212 
213 
214 
215 
216 
217 
218 
219 
220 
221 
222 
223 
224 
225 
226 
227 
228 
229 
230 
231 
232 
233 
234 
235 
236 
237 
460 
587 
588 
589 
590 
591 
592 
593 
594 
595 
596 
597 
598 
599 
600 
621 
622 
623 
624 
625 
626 
627 
643 
644 
645 
646 
647 
648 
649 
650 
651 
652 
653 
654 
655 
656 
657 
658 
659 
789 
;
set Eimskip := 
85 
87 
88 
89 
92 
93 
94 
95 
96 
97 
98 
99 
100 
101 
102 
103 
104 
105 
112 
136 
240 
241 
242 
243 
244 
245 
258 
262 
263 
264 
265 
266 
267 
274 
275 
276 
277 
278 
279 
280 
313 
390 
391 
392 
393 
394 
398 
399 
400 
401 
402 
403 
404 
405 
406 
407 
408 
409 
410 
411 
412 
413 
414 
415 
419 
420 
421 
422 
423 
424 
425 
426 
427 
428 
429 
430 
431 
435 
436 
437 
438 
439 
459 
584 
585 
601 
602 
603 
604 
605 
606 
607 
608 
609 
610 
611 
612 
613 
614 
615 
616 
617 
618 
619 
620 
633 
634 
635 
636 
637 
638 
639 
640 
641 
642 
747 
752 
753 
754 
755 
756 
757 
760 
761 
762 
763 
764 
765 
766 
767 
768 
769 
770 
788 
;
set Samskip := 
17 
22 
23 
24 
25 
26 
27 
29 
30 
31 
32 
33 
44 
45 
46 
47 
48 
49 
50 
61 
62 
64 
65 
66 
67 
68 
69 
70 
71 
72 
73 
83 
84 
86 
106 
107 
148 
149 
150 
197 
251 
252 
253 
254 
255 
256 
257 
259 
260 
261 
268 
269 
270 
271 
272 
273 
289 
290 
291 
292 
293 
294 
295 
296 
297 
298 
299 
300 
301 
302 
303 
304 
305 
306 
307 
308 
440 
441 
442 
443 
444 
452 
453 
553 
554 
555 
556 
557 
558 
559 
560 
562 
563 
564 
565 
566 
567 
568 
569 
570 
571 
572 
573 
574 
575 
576 
577 
578 
579 
580 
628 
629 
630 
631 
632 
660 
661 
662 
663 
664 
665 
666 
667 
668 
669 
670 
671 
672 
673 
674 
675 
676 
677 
678 
679 
680 
681 
718 
719 
728 
729 
730 
731 
732 
733 
734 
735 
739 
;
set Bannlisti := 
;
set Fixlisti := 
;
end;
