param S := 645;
param T := 8;
param D := 5;
param windowsize := 0;

param O := 
1 1
2 0
3 0
4 0
5 0
6 0
7 0
8 0
;

param EIM := 
1 0
2 0
3 0
4 0
5 0
6 0
7 1
8 0
;

param SAM := 
1 0
2 0
3 0
4 0
5 0
6 0
7 0
8 1
;

param A := 
1 219
2 96
3 238
4 11
5 55
6 124
7 64
8 64
9 18
10 8
11 22
12 8
13 9
14 46
15 92
16 13
17 9
18 9
19 7
20 8
21 146
22 219
23 9
24 55
25 36
26 7
27 44
28 9
29 106
30 104
31 212
32 80
33 86
34 150
35 98
36 179
37 177
38 133
39 71
40 111
41 34
42 11
43 9
44 2
45 0
46 9
47 7
48 4
49 88
50 125
51 9
52 9
53 2
54 4
55 9
56 0
57 15
58 15
59 5
60 36
61 12
62 10
63 5
64 10
65 44
66 129
67 129
68 30
69 36
70 30
71 4
72 24
73 17
74 97
75 12
76 24
77 24
78 60
79 52
80 9
81 48
82 95
83 27
84 14
85 40
86 43
87 9
88 11
89 0
90 119
91 50
92 66
93 203
94 8
95 90
96 59
97 66
98 9
99 44
100 42
101 0
102 78
103 35
104 49
105 28
106 7
107 7
108 35
109 25
110 4
111 4
112 5
113 8
114 9
115 9
116 18
117 12
118 46
119 83
120 23
121 15
122 38
123 185
124 72
125 29
126 2
127 88
128 53
129 13
130 9
131 9
132 18
133 1
134 15
135 42
136 6
137 4
138 3
139 2
140 32
141 88
142 129
143 13
144 9
145 9
146 4
147 7
148 125
149 22
150 2
151 22
152 7
153 9
154 4
155 4
156 9
157 2
158 61
159 31
160 13
161 4
162 2
163 2
164 27
165 10
166 53
167 157
168 55
169 65
170 15
171 55
172 15
173 55
174 6
175 12
176 18
177 8
178 4
179 17
180 0
181 0
182 90
183 86
184 72
185 86
186 179
187 106
188 133
189 107
190 160
191 37
192 110
193 110
194 25
195 3
196 2
197 9
198 4
199 14
200 3
201 7
202 72
203 9
204 18
205 53
206 22
207 44
208 18
209 44
210 44
211 12
212 106
213 18
214 12
215 48
216 6
217 28
218 28
219 7
220 5
221 2
222 3
223 27
224 20
225 4
226 30
227 15
228 14
229 14
230 14
231 18
232 21
233 6
234 5
235 23
236 27
237 9
238 18
239 31
240 12
241 22
242 9
243 2
244 40
245 88
246 22
247 4
248 13
249 9
250 22
251 9
252 18
253 12
254 91
255 14
256 61
257 75
258 75
259 12
260 134
261 3
262 96
263 9
264 7
265 11
266 2
267 9
268 17
269 3
270 48
271 79
272 79
273 238
274 61
275 107
276 70
277 4
278 5
279 2
280 1
281 10
282 129
283 18
284 54
285 129
286 0
287 18
288 158
289 64
290 42
291 107
292 107
293 106
294 187
295 221
296 186
297 86
298 21
299 7
300 8
301 12
302 4
303 9
304 7
305 5
306 13
307 13
308 40
309 20
310 91
311 160
312 11
313 34
314 22
315 106
316 11
317 36
318 44
319 2
320 44
321 4
322 44
323 88
324 13
325 22
326 44
327 4
328 9
329 35
330 2
331 18
332 24
333 146
334 46
335 51
336 25
337 122
338 12
339 24
340 17
341 8
342 20
343 11
344 66
345 44
346 7
347 53
348 8
349 21
350 12
351 9
352 40
353 22
354 13
355 27
356 19
357 8
358 5
359 4
360 4
361 3
362 4
363 4
364 44
365 0
366 39
367 39
368 9
369 2
370 9
371 1
372 8
373 13
374 7
375 42
376 13
377 9
378 3
379 0
380 20
381 22
382 44
383 53
384 22
385 8
386 6
387 24
388 59
389 52
390 9
391 36
392 12
393 0
394 9
395 0
396 4
397 37
398 4
399 8
400 4
401 4
402 0
403 4
404 44
405 72
406 0
407 13
408 21
409 18
410 2
411 13
412 13
413 9
414 15
415 8
416 44
417 7
418 133
419 53
420 44
421 42
422 14
423 88
424 55
425 14
426 48
427 70
428 4
429 4
430 9
431 9
432 4
433 36
434 22
435 5
436 2
437 18
438 11
439 7
440 3
441 0
442 7
443 7
444 15
445 7
446 2
447 4
448 4
449 2
450 2
451 122
452 61
453 11
454 4
455 8
456 46
457 8
458 0
459 8
460 21
461 15
462 8
463 44
464 5
465 98
466 5
467 7
468 61
469 48
470 238
471 193
472 47
473 6
474 69
475 0
476 10
477 4
478 2
479 8
480 4
481 79
482 28
483 14
484 22
485 4
486 4
487 101
488 31
489 30
490 0
491 9
492 100
493 25
494 107
495 11
496 6
497 1
498 19
499 21
500 10
501 41
502 30
503 10
504 13
505 3
506 7
507 24
508 2
509 14
510 18
511 44
512 50
513 27
514 11
515 2
516 10
517 2
518 22
519 2
520 9
521 8
522 2
523 72
524 20
525 86
526 44
527 106
528 7
529 4
530 100
531 92
532 42
533 36
534 18
535 110
536 7
537 53
538 2
539 139
540 2
541 9
542 17
543 48
544 3
545 18
546 18
547 0
548 18
549 55
550 9
551 2
552 11
553 13
554 18
555 133
556 13
557 36
558 33
559 19
560 32
561 13
562 3
563 18
564 12
565 9
566 9
567 4
568 13
569 9
570 127
571 42
572 13
573 9
574 31
575 7
576 13
577 1
578 0
579 0
580 0
581 7
582 0
583 4
584 13
585 2
586 4
587 4
588 7
589 4
590 2
591 7
592 18
593 18
594 4
595 7
596 8
597 9
598 4
599 2
600 4
601 4
602 4
603 8
604 8
605 30
606 2
607 15
608 9
609 16
610 2
611 86
612 9
613 27
614 65
615 61
616 62
617 24
618 24
619 62
620 23
621 20
622 24
623 24
624 5
625 2
626 1
627 2
628 12
629 3
630 12
631 4
632 0
633 17
634 51
635 134
636 55
637 4
638 9
639 5
640 9
641 2
642 25
643 126
644 50
645 75
;

param Ttarget := 
1 1 1000
2 1 1000
3 1 1000
4 1 1000
5 1 500
6 1 500
7 1 500
8 1 500
1 2 1000
2 2 1000
3 2 1000
4 2 1000
5 2 500
6 2 500
7 2 500
8 2 500
1 3 1000
2 3 1000
3 3 1000
4 3 1000
5 3 500
6 3 500
7 3 500
8 3 500
1 4 1000
2 4 1000
3 4 1000
4 4 1000
5 4 500
6 4 500
7 4 500
8 4 500
1 5 1000
2 5 1000
3 5 1000
4 5 1000
5 5 500
6 5 500
7 5 500
8 5 500
;

set Olgerdin := 
1 
2 
3 
4 
5 
6 
7 
8 
9 
10 
11 
12 
13 
254 
255 
256 
257 
258 
259 
260 
261 
262 
263 
264 
265 
266 
267 
268 
269 
270 
271 
272 
273 
274 
275 
276 
277 
468 
469 
470 
471 
472 
473 
474 
475 
476 
477 
478 
479 
480 
481 
482 
486 
487 
488 
489 
490 
491 
492 
493 
494 
501 
508 
633 
634 
635 
636 
637 
638 
639 
640 
641 
642 
643 
644 
;
set Cola := 
14 
15 
16 
17 
18 
19 
20 
21 
22 
23 
24 
25 
135 
148 
253 
278 
279 
280 
281 
331 
332 
333 
334 
335 
336 
495 
509 
;
set Globus := 
26 
27 
28 
29 
30 
31 
32 
33 
34 
35 
36 
37 
38 
39 
40 
41 
42 
43 
44 
45 
46 
47 
48 
49 
50 
51 
52 
53 
54 
55 
56 
57 
162 
163 
214 
215 
288 
289 
290 
291 
292 
293 
294 
295 
296 
297 
298 
299 
300 
301 
302 
303 
304 
305 
306 
307 
308 
309 
310 
311 
312 
313 
314 
315 
316 
317 
318 
319 
320 
321 
322 
323 
324 
325 
337 
338 
339 
340 
341 
342 
343 
344 
345 
346 
347 
348 
349 
350 
351 
352 
353 
354 
374 
464 
483 
610 
;
set Vintrio := 
329 
330 
364 
365 
366 
367 
484 
485 
609 
;
set Brugghusstedja := 
;
set Dista := 
65 
66 
67 
68 
69 
70 
71 
72 
73 
74 
75 
76 
77 
78 
79 
80 
81 
82 
370 
371 
372 
376 
377 
378 
380 
381 
382 
383 
384 
385 
386 
387 
388 
389 
390 
391 
392 
393 
497 
498 
;
set Bakkus := 
83 
84 
85 
86 
87 
88 
89 
90 
91 
92 
93 
94 
95 
394 
395 
396 
397 
398 
399 
400 
401 
402 
403 
404 
405 
406 
407 
408 
409 
410 
411 
428 
429 
430 
431 
432 
433 
465 
496 
512 
611 
;
set Mekka := 
164 
165 
166 
167 
168 
169 
170 
171 
172 
173 
174 
175 
176 
177 
178 
179 
180 
181 
182 
183 
184 
185 
186 
187 
188 
189 
190 
191 
192 
193 
194 
195 
196 
197 
198 
375 
412 
413 
414 
415 
416 
417 
418 
419 
420 
421 
422 
423 
424 
425 
426 
427 
502 
503 
504 
505 
607 
;
set Eimskip := 
96 
97 
98 
99 
100 
101 
102 
103 
104 
105 
106 
107 
108 
109 
110 
111 
112 
113 
114 
115 
116 
117 
118 
119 
120 
121 
122 
123 
124 
125 
126 
127 
128 
129 
130 
131 
199 
200 
201 
202 
203 
223 
440 
441 
442 
443 
446 
447 
448 
449 
450 
451 
452 
453 
454 
455 
456 
457 
458 
459 
460 
461 
462 
466 
467 
500 
521 
522 
523 
524 
525 
526 
527 
528 
529 
530 
531 
532 
533 
534 
535 
536 
537 
538 
539 
540 
541 
542 
543 
544 
545 
546 
547 
548 
549 
550 
551 
552 
553 
554 
555 
556 
557 
558 
559 
560 
561 
562 
563 
564 
565 
566 
567 
568 
569 
577 
578 
579 
580 
581 
582 
583 
584 
585 
586 
587 
588 
589 
590 
591 
592 
593 
594 
595 
614 
615 
616 
617 
618 
619 
620 
621 
622 
;
set Samskip := 
58 
59 
60 
61 
62 
63 
64 
132 
133 
134 
137 
138 
139 
140 
141 
142 
143 
144 
145 
146 
147 
149 
150 
151 
152 
153 
154 
155 
156 
157 
158 
159 
160 
161 
204 
205 
207 
208 
209 
210 
211 
212 
213 
216 
217 
218 
219 
220 
221 
222 
224 
225 
226 
227 
228 
229 
230 
231 
232 
234 
235 
236 
237 
238 
239 
240 
241 
242 
243 
244 
245 
246 
247 
248 
249 
250 
251 
252 
282 
283 
284 
285 
286 
287 
326 
327 
328 
355 
356 
357 
358 
359 
360 
361 
362 
363 
368 
369 
373 
379 
434 
435 
436 
437 
438 
439 
444 
445 
463 
510 
511 
513 
514 
515 
518 
519 
520 
570 
571 
572 
573 
574 
575 
576 
596 
597 
598 
599 
605 
606 
608 
612 
613 
623 
624 
625 
626 
627 
628 
629 
630 
631 
632 
;
set Bannlisti := 
;
set Fixlisti := 
;
end;
