param S := 976;
param T := 8;
param D := 5;
param windowsize := 0;

param O := 
1 1
2 0
3 0
4 0
5 0
6 0
7 0
8 0
;

param EIM := 
1 0
2 0
3 0
4 0
5 0
6 0
7 1
8 0
;

param SAM := 
1 0
2 0
3 0
4 0
5 0
6 0
7 0
8 1
;

param A := 
1 9
2 9
3 13
4 8
5 4
6 190
7 84
8 26
9 5
10 4
11 15
12 13
13 164
14 109
15 52
16 91
17 18
18 73
19 68
20 38
21 88
22 53
23 130
24 22
25 146
26 46
27 139
28 13
29 4
30 34
31 4
32 6
33 20
34 4
35 7
36 7
37 12
38 18
39 7
40 18
41 2
42 18
43 14
44 12
45 7
46 7
47 6
48 18
49 18
50 5
51 5
52 1
53 2
54 3
55 3
56 5
57 3
58 7
59 4
60 4
61 4
62 9
63 5
64 7
65 4
66 18
67 22
68 114
69 27
70 4
71 27
72 59
73 48
74 24
75 24
76 36
77 6
78 24
79 69
80 104
81 9
82 36
83 86
84 36
85 110
86 215
87 36
88 44
89 179
90 22
91 12
92 18
93 22
94 44
95 80
96 62
97 8
98 2
99 31
100 88
101 7
102 179
103 60
104 22
105 8
106 49
107 9
108 35
109 12
110 9
111 9
112 5
113 27
114 4
115 88
116 8
117 9
118 7
119 9
120 8
121 8
122 2
123 9
124 5
125 49
126 19
127 7
128 27
129 114
130 73
131 18
132 18
133 46
134 72
135 36
136 86
137 33
138 5
139 9
140 11
141 7
142 11
143 55
144 150
145 186
146 20
147 18
148 102
149 11
150 22
151 2
152 3
153 4
154 5
155 109
156 109
157 55
158 55
159 109
160 55
161 48
162 81
163 146
164 11
165 17
166 100
167 100
168 12
169 134
170 474
171 4
172 4
173 24
174 2
175 27
176 9
177 4
178 9
179 2
180 2
181 2
182 106
183 133
184 122
185 186
186 86
187 44
188 11
189 13
190 44
191 44
192 27
193 22
194 5
195 21
196 88
197 24
198 111
199 42
200 23
201 44
202 83
203 35
204 27
205 118
206 72
207 250
208 187
209 29
210 66
211 13
212 4
213 4
214 17
215 5
216 7
217 4
218 7
219 64
220 146
221 107
222 106
223 113
224 150
225 107
226 106
227 215
228 197
229 129
230 42
231 52
232 249
233 221
234 150
235 333
236 215
237 88
238 133
239 94
240 110
241 411
242 141
243 85
244 358
245 84
246 6
247 4
248 4
249 9
250 8
251 44
252 106
253 53
254 53
255 133
256 9
257 6
258 13
259 6
260 3
261 9
262 10
263 86
264 2
265 212
266 2
267 2
268 107
269 14
270 4
271 18
272 55
273 8
274 4
275 20
276 22
277 7
278 4
279 9
280 9
281 8
282 16
283 6
284 15
285 20
286 24
287 2
288 2
289 2
290 5
291 4
292 2
293 2
294 2
295 4
296 4
297 4
298 74
299 5
300 2
301 17
302 50
303 50
304 97
305 50
306 36
307 134
308 23
309 221
310 134
311 96
312 106
313 124
314 133
315 8
316 38
317 51
318 78
319 61
320 6
321 7
322 2
323 2
324 13
325 4
326 4
327 2
328 5
329 109
330 91
331 109
332 146
333 18
334 134
335 6
336 36
337 24
338 24
339 52
340 69
341 59
342 48
343 9
344 49
345 44
346 106
347 133
348 172
349 25
350 72
351 28
352 37
353 29
354 20
355 106
356 8
357 8
358 12
359 81
360 88
361 13
362 7
363 107
364 129
365 133
366 44
367 22
368 8
369 11
370 13
371 9
372 4
373 13
374 265
375 106
376 22
377 22
378 215
379 203
380 100
381 55
382 203
383 27
384 11
385 11
386 4
387 44
388 10
389 4
390 7
391 5
392 3
393 4
394 7
395 12
396 12
397 2
398 11
399 13
400 2
401 9
402 2
403 13
404 6
405 9
406 11
407 7
408 7
409 4
410 2
411 2
412 5
413 22
414 18
415 44
416 7
417 18
418 14
419 12
420 4
421 28
422 42
423 14
424 14
425 3
426 86
427 4
428 22
429 18
430 44
431 7
432 7
433 106
434 5
435 2
436 3
437 16
438 4
439 10
440 3
441 5
442 4
443 7
444 16
445 11
446 4
447 13
448 0
449 3
450 1
451 1
452 1
453 12
454 24
455 26
456 9
457 12
458 1
459 0
460 0
461 79
462 107
463 4
464 36
465 7
466 4
467 1
468 6
469 44
470 15
471 13
472 11
473 31
474 11
475 4
476 13
477 18
478 60
479 9
480 18
481 11
482 4
483 29
484 35
485 12
486 12
487 72
488 24
489 4
490 2
491 13
492 11
493 11
494 5
495 4
496 2
497 2
498 2
499 2
500 13
501 2
502 7
503 2
504 7
505 6
506 6
507 7
508 2
509 1
510 4
511 5
512 4
513 5
514 0
515 8
516 42
517 9
518 3
519 15
520 9
521 34
522 8
523 51
524 6
525 4
526 11
527 4
528 18
529 5
530 2
531 144
532 6
533 5
534 11
535 16
536 243
537 61
538 16
539 122
540 2
541 24
542 10
543 17
544 15
545 1
546 22
547 5
548 2
549 5
550 3
551 9
552 2
553 20
554 5
555 13
556 72
557 44
558 18
559 60
560 37
561 9
562 5
563 36
564 79
565 73
566 6
567 51
568 18
569 18
570 2
571 5
572 46
573 7
574 55
575 49
576 11
577 4
578 34
579 71
580 137
581 5
582 80
583 11
584 66
585 18
586 54
587 7
588 13
589 18
590 7
591 18
592 22
593 44
594 9
595 4
596 27
597 6
598 40
599 7
600 18
601 2
602 106
603 88
604 86
605 106
606 358
607 83
608 177
609 177
610 1
611 1
612 2
613 4
614 4
615 4
616 5
617 30
618 8
619 13
620 0
621 5
622 31
623 9
624 9
625 13
626 2
627 9
628 39
629 80
630 29
631 33
632 44
633 72
634 129
635 26
636 44
637 4
638 4
639 2
640 4
641 2
642 4
643 7
644 2
645 9
646 7
647 4
648 98
649 124
650 38
651 55
652 22
653 6
654 13
655 13
656 5
657 14
658 27
659 53
660 8
661 133
662 15
663 5
664 80
665 53
666 84
667 157
668 46
669 34
670 110
671 11
672 48
673 160
674 36
675 2
676 14
677 27
678 28
679 68
680 51
681 23
682 55
683 18
684 38
685 159
686 25
687 18
688 305
689 36
690 64
691 57
692 18
693 32
694 123
695 265
696 185
697 106
698 110
699 265
700 56
701 21
702 5
703 44
704 22
705 4
706 22
707 14
708 4
709 5
710 7
711 9
712 7
713 13
714 13
715 44
716 2
717 7
718 4
719 2
720 9
721 2
722 2
723 22
724 9
725 22
726 11
727 12
728 11
729 5
730 2
731 7
732 7
733 13
734 7
735 39
736 39
737 24
738 59
739 9
740 9
741 22
742 1
743 4
744 35
745 46
746 105
747 36
748 73
749 47
750 221
751 23
752 139
753 90
754 106
755 106
756 22
757 22
758 22
759 110
760 18
761 22
762 44
763 265
764 22
765 0
766 7
767 21
768 18
769 13
770 20
771 13
772 9
773 4
774 0
775 38
776 2
777 2
778 15
779 8
780 30
781 28
782 9
783 18
784 4
785 2
786 4
787 13
788 4
789 4
790 4
791 4
792 18
793 9
794 17
795 18
796 3
797 12
798 17
799 5
800 5
801 3
802 1
803 0
804 4
805 22
806 2
807 3
808 24
809 8
810 4
811 1
812 0
813 5
814 18
815 18
816 6
817 34
818 59
819 97
820 22
821 20
822 22
823 3
824 91
825 91
826 91
827 79
828 162
829 162
830 62
831 169
832 62
833 94
834 83
835 94
836 91
837 91
838 80
839 11
840 182
841 128
842 43
843 11
844 47
845 168
846 221
847 88
848 23
849 133
850 212
851 265
852 97
853 106
854 474
855 190
856 5
857 63
858 84
859 23
860 127
861 10
862 13
863 19
864 20
865 27
866 25
867 265
868 80
869 106
870 86
871 14
872 18
873 14
874 4
875 4
876 27
877 31
878 20
879 2
880 182
881 182
882 109
883 109
884 8
885 15
886 16
887 18
888 18
889 16
890 9
891 13
892 11
893 6
894 11
895 13
896 11
897 12
898 25
899 2
900 2
901 18
902 2
903 14
904 5
905 5
906 4
907 18
908 3
909 6
910 7
911 7
912 6
913 36
914 36
915 2
916 1
917 2
918 56
919 9
920 22
921 90
922 133
923 90
924 55
925 22
926 13
927 22
928 12
929 51
930 15
931 5
932 28
933 21
934 9
935 9
936 5
937 4
938 9
939 2
940 2
941 4
942 2
943 42
944 38
945 48
946 5
947 17
948 100
949 100
950 12
951 50
952 125
953 25
954 50
955 5
956 133
957 44
958 2
959 9
960 22
961 35
962 125
963 125
964 36
965 50
966 125
967 100
968 128
969 128
970 128
971 14
972 46
973 72
974 179
975 16
976 60
;

param Ttarget := 
1 1 1000
2 1 1000
3 1 1000
4 1 1000
5 1 500
6 1 500
7 1 500
8 1 500
1 2 1000
2 2 1000
3 2 1000
4 2 1000
5 2 500
6 2 500
7 2 500
8 2 500
1 3 1000
2 3 1000
3 3 1000
4 3 1000
5 3 500
6 3 500
7 3 500
8 3 500
1 4 1000
2 4 1000
3 4 1000
4 4 1000
5 4 500
6 4 500
7 4 500
8 4 500
1 5 1000
2 5 1000
3 5 1000
4 5 1000
5 5 500
6 5 500
7 5 500
8 5 500
;

set Olgerdin := 
1 
2 
3 
4 
5 
155 
156 
157 
158 
159 
160 
161 
162 
163 
164 
165 
166 
167 
168 
169 
301 
302 
303 
304 
305 
306 
307 
308 
309 
310 
311 
312 
313 
314 
315 
316 
317 
320 
321 
322 
323 
324 
325 
326 
327 
328 
397 
512 
513 
515 
516 
517 
518 
519 
520 
521 
522 
523 
524 
525 
526 
527 
528 
529 
530 
531 
532 
533 
534 
535 
536 
537 
538 
539 
540 
541 
542 
543 
544 
545 
546 
547 
548 
549 
550 
551 
552 
824 
825 
826 
827 
828 
829 
830 
831 
832 
833 
834 
835 
836 
837 
838 
839 
840 
841 
845 
846 
847 
848 
849 
850 
851 
852 
853 
880 
881 
882 
883 
918 
919 
920 
921 
922 
923 
924 
925 
926 
927 
928 
929 
930 
931 
932 
933 
934 
935 
936 
937 
938 
939 
940 
941 
942 
943 
944 
945 
946 
947 
948 
949 
950 
951 
952 
953 
954 
955 
956 
957 
958 
959 
960 
961 
962 
963 
964 
965 
966 
967 
968 
969 
970 
971 
;
set Cola := 
6 
7 
8 
9 
10 
11 
12 
13 
14 
15 
16 
17 
18 
19 
20 
21 
22 
23 
24 
25 
26 
27 
28 
29 
30 
170 
329 
330 
331 
332 
333 
334 
514 
555 
556 
557 
558 
559 
560 
561 
562 
563 
564 
565 
566 
567 
568 
569 
570 
571 
572 
573 
574 
842 
843 
844 
854 
855 
856 
857 
858 
859 
860 
861 
972 
973 
974 
975 
;
set Globus := 
182 
183 
184 
185 
186 
187 
188 
189 
190 
191 
192 
193 
194 
195 
196 
197 
198 
199 
200 
201 
202 
203 
204 
205 
206 
207 
208 
209 
210 
211 
212 
213 
214 
215 
216 
217 
218 
219 
220 
221 
222 
223 
224 
225 
226 
227 
228 
485 
486 
487 
488 
489 
490 
576 
577 
578 
579 
580 
581 
582 
583 
584 
585 
586 
587 
588 
589 
590 
591 
592 
593 
594 
595 
596 
597 
598 
599 
600 
602 
603 
604 
605 
606 
607 
608 
609 
612 
613 
614 
615 
616 
617 
862 
863 
864 
865 
866 
867 
868 
869 
870 
871 
872 
873 
874 
875 
876 
877 
;
set Vintrio := 
106 
107 
108 
109 
110 
125 
141 
142 
143 
144 
145 
146 
413 
414 
727 
775 
815 
;
set Brugghusstedja := 
318 
;
set Dista := 
72 
73 
74 
75 
76 
77 
78 
79 
80 
81 
82 
335 
336 
337 
338 
339 
340 
341 
342 
343 
344 
345 
346 
347 
348 
349 
350 
351 
352 
353 
354 
355 
358 
359 
360 
361 
362 
363 
364 
365 
366 
575 
878 
879 
;
set Bakkus := 
83 
84 
85 
86 
87 
88 
89 
90 
91 
92 
93 
94 
95 
96 
97 
98 
99 
100 
101 
102 
103 
104 
147 
148 
149 
150 
151 
367 
368 
369 
370 
371 
372 
373 
374 
375 
376 
377 
378 
379 
380 
381 
382 
383 
384 
601 
618 
619 
620 
645 
;
set Mekka := 
229 
230 
231 
232 
233 
234 
235 
236 
237 
238 
239 
240 
241 
242 
243 
244 
245 
246 
247 
248 
249 
250 
251 
252 
253 
254 
255 
256 
257 
258 
259 
260 
261 
262 
263 
264 
265 
266 
267 
268 
385 
510 
511 
610 
611 
653 
654 
655 
656 
657 
658 
659 
660 
661 
662 
663 
664 
665 
666 
667 
668 
669 
670 
671 
672 
673 
674 
675 
676 
677 
678 
679 
680 
681 
682 
683 
684 
685 
686 
687 
688 
689 
690 
691 
692 
693 
694 
695 
696 
697 
698 
699 
700 
702 
703 
704 
705 
706 
707 
708 
709 
710 
711 
712 
713 
714 
;
set Eimskip := 
114 
115 
116 
117 
118 
119 
120 
121 
126 
127 
128 
129 
130 
131 
132 
133 
134 
135 
136 
137 
138 
139 
140 
274 
275 
276 
277 
278 
279 
280 
281 
283 
284 
356 
357 
386 
387 
390 
391 
392 
393 
394 
402 
403 
404 
405 
406 
407 
408 
409 
410 
411 
412 
426 
427 
428 
429 
430 
431 
432 
433 
434 
435 
715 
716 
717 
718 
719 
720 
722 
723 
724 
725 
726 
728 
729 
730 
731 
732 
733 
734 
735 
736 
737 
738 
739 
740 
741 
742 
744 
745 
746 
747 
748 
749 
750 
751 
752 
753 
754 
755 
756 
757 
758 
759 
760 
761 
762 
763 
764 
767 
768 
769 
770 
771 
772 
777 
778 
779 
780 
781 
782 
783 
785 
786 
791 
792 
794 
795 
796 
800 
801 
802 
803 
807 
808 
809 
810 
811 
812 
816 
823 
;
set Samskip := 
31 
32 
33 
34 
35 
36 
37 
38 
39 
40 
41 
42 
43 
44 
45 
46 
47 
48 
49 
50 
51 
52 
53 
55 
56 
57 
58 
59 
60 
61 
62 
63 
64 
65 
66 
67 
68 
69 
70 
71 
105 
111 
112 
113 
122 
123 
124 
152 
153 
154 
171 
172 
173 
174 
175 
176 
177 
178 
179 
180 
181 
269 
270 
271 
272 
273 
282 
285 
286 
287 
288 
289 
290 
291 
292 
293 
294 
295 
296 
297 
319 
388 
389 
395 
396 
398 
399 
400 
401 
415 
416 
417 
418 
419 
420 
421 
422 
423 
424 
425 
436 
437 
438 
439 
442 
443 
444 
445 
446 
447 
448 
449 
450 
451 
452 
453 
454 
455 
456 
457 
458 
462 
463 
464 
465 
466 
467 
468 
469 
470 
471 
472 
473 
474 
475 
476 
477 
478 
479 
480 
481 
482 
483 
484 
491 
492 
493 
494 
495 
496 
497 
498 
499 
500 
501 
502 
503 
504 
505 
506 
507 
508 
509 
553 
554 
621 
622 
623 
624 
625 
626 
627 
628 
629 
630 
631 
632 
633 
634 
635 
636 
637 
638 
639 
640 
641 
642 
643 
644 
646 
647 
648 
649 
650 
651 
652 
701 
743 
765 
766 
773 
774 
784 
787 
788 
789 
790 
793 
797 
798 
799 
804 
805 
806 
813 
814 
817 
818 
819 
820 
821 
822 
884 
885 
886 
887 
888 
889 
890 
891 
892 
894 
899 
900 
901 
902 
903 
904 
905 
906 
907 
908 
909 
910 
911 
912 
913 
914 
915 
916 
917 
;
set Bannlisti := 
;
set Fixlisti := 
;
end;
