param S := 869;
param T := 8;
param D := 5;
param windowsize := 0;

param O := 
1 1
2 0
3 0
4 0
5 0
6 0
7 0
8 0
;

param EIM := 
1 0
2 0
3 0
4 0
5 0
6 0
7 1
8 0
;

param SAM := 
1 0
2 0
3 0
4 0
5 0
6 0
7 0
8 1
;

param A := 
1 68
2 13
3 72
4 60
5 4
6 328
7 52
8 36
9 18
10 29
11 71
12 179
13 29
14 18
15 40
16 16
17 18
18 76
19 22
20 6
21 5
22 7
23 16
24 6
25 20
26 12
27 13
28 52
29 52
30 9
31 36
32 36
33 8
34 16
35 6
36 17
37 0
38 17
39 52
40 36
41 11
42 36
43 18
44 2
45 45
46 129
47 186
48 13
49 12
50 26
51 24
52 1
53 55
54 44
55 106
56 59
57 64
58 8
59 18
60 36
61 18
62 7
63 7
64 2
65 1
66 18
67 2
68 6
69 18
70 1
71 3
72 3
73 3
74 6
75 18
76 5
77 7
78 7
79 12
80 6
81 18
82 14
83 5
84 12
85 3
86 2
87 32
88 9
89 18
90 27
91 30
92 11
93 9
94 5
95 27
96 22
97 76
98 37
99 46
100 143
101 83
102 46
103 54
104 86
105 55
106 55
107 8
108 5
109 43
110 65
111 29
112 24
113 48
114 32
115 24
116 36
117 13
118 7
119 14
120 5
121 12
122 9
123 22
124 27
125 13
126 32
127 106
128 63
129 33
130 110
131 13
132 18
133 398
134 55
135 45
136 8
137 12
138 2
139 9
140 12
141 0
142 3
143 38
144 1
145 9
146 4
147 1
148 4
149 5
150 9
151 1
152 3
153 0
154 2
155 1
156 2
157 2
158 1
159 97
160 13
161 14
162 27
163 83
164 36
165 30
166 5
167 0
168 7
169 8
170 25
171 109
172 128
173 219
174 73
175 17
176 17
177 100
178 75
179 150
180 12
181 50
182 201
183 50
184 97
185 106
186 63
187 127
188 5
189 0
190 3
191 2
192 8
193 2
194 40
195 22
196 9
197 4
198 18
199 4
200 4
201 2
202 11
203 31
204 64
205 146
206 52
207 106
208 107
209 133
210 107
211 80
212 106
213 115
214 88
215 107
216 106
217 107
218 106
219 221
220 358
221 66
222 86
223 129
224 186
225 52
226 177
227 250
228 4
229 4
230 13
231 5
232 18
233 18
234 0
235 36
236 20
237 71
238 111
239 23
240 66
241 125
242 62
243 72
244 44
245 30
246 110
247 44
248 44
249 88
250 37
251 36
252 22
253 13
254 34
255 38
256 7
257 44
258 72
259 11
260 35
261 35
262 18
263 35
264 18
265 16
266 14
267 18
268 94
269 42
270 88
271 106
272 150
273 215
274 68
275 106
276 222
277 27
278 53
279 53
280 53
281 133
282 56
283 4
284 22
285 31
286 22
287 18
288 80
289 14
290 44
291 106
292 86
293 2
294 110
295 265
296 13
297 12
298 106
299 27
300 20
301 9
302 18
303 4
304 7
305 53
306 9
307 10
308 22
309 13
310 73
311 16
312 20
313 31
314 12
315 22
316 1
317 7
318 5
319 7
320 7
321 18
322 27
323 13
324 18
325 9
326 14
327 20
328 25
329 4
330 7
331 7
332 7
333 12
334 26
335 9
336 12
337 2
338 12
339 26
340 18
341 11
342 9
343 14
344 9
345 66
346 133
347 8
348 4
349 9
350 3
351 8
352 18
353 14
354 14
355 9
356 9
357 3
358 0
359 81
360 318
361 22
362 133
363 265
364 424
365 133
366 166
367 215
368 11
369 9
370 4
371 21
372 56
373 40
374 44
375 44
376 44
377 22
378 22
379 22
380 18
381 14
382 11
383 27
384 4
385 18
386 18
387 4
388 11
389 22
390 193
391 88
392 107
393 221
394 106
395 168
396 221
397 221
398 107
399 72
400 2
401 1
402 0
403 2
404 1
405 2
406 2
407 2
408 2
409 146
410 146
411 91
412 36
413 63
414 32
415 12
416 0
417 0
418 0
419 18
420 301
421 20
422 3
423 97
424 86
425 48
426 5
427 24
428 9
429 15
430 106
431 88
432 4
433 36
434 15
435 22
436 22
437 66
438 36
439 19
440 9
441 9
442 18
443 0
444 31
445 0
446 59
447 94
448 39
449 44
450 11
451 66
452 38
453 4
454 22
455 7
456 88
457 24
458 36
459 37
460 22
461 11
462 3
463 11
464 4
465 64
466 6
467 4
468 2
469 7
470 14
471 4
472 42
473 8
474 6
475 10
476 3
477 34
478 5
479 21
480 91
481 9
482 14
483 15
484 32
485 53
486 55
487 5
488 7
489 46
490 49
491 1
492 61
493 84
494 22
495 40
496 23
497 25
498 31
499 30
500 5
501 59
502 52
503 36
504 101
505 146
506 95
507 79
508 12
509 100
510 100
511 75
512 150
513 100
514 150
515 35
516 80
517 9
518 114
519 46
520 83
521 28
522 46
523 10
524 17
525 76
526 54
527 46
528 11
529 304
530 122
531 112
532 243
533 22
534 79
535 84
536 63
537 219
538 73
539 4
540 4
541 0
542 0
543 7
544 44
545 37
546 139
547 36
548 9
549 31
550 5
551 11
552 9
553 18
554 24
555 83
556 46
557 66
558 38
559 32
560 66
561 93
562 2
563 112
564 2
565 133
566 106
567 141
568 150
569 98
570 66
571 133
572 23
573 11
574 44
575 53
576 122
577 7
578 11
579 36
580 44
581 27
582 44
583 88
584 13
585 23
586 5
587 5
588 9
589 30
590 3
591 39
592 23
593 2
594 2
595 2
596 29
597 40
598 27
599 36
600 22
601 73
602 143
603 36
604 52
605 5
606 13
607 27
608 4
609 4
610 22
611 7
612 4
613 6
614 7
615 4
616 13
617 12
618 0
619 1
620 6
621 13
622 10
623 49
624 53
625 0
626 65
627 55
628 55
629 36
630 44
631 25
632 9
633 36
634 37
635 305
636 22
637 27
638 55
639 37
640 63
641 45
642 38
643 53
644 75
645 22
646 90
647 221
648 115
649 85
650 106
651 265
652 36
653 110
654 46
655 86
656 46
657 51
658 32
659 14
660 30
661 2
662 9
663 4
664 6
665 9
666 7
667 5
668 4
669 4
670 5
671 2
672 4
673 13
674 25
675 3
676 18
677 14
678 36
679 4
680 18
681 18
682 14
683 106
684 53
685 181
686 42
687 56
688 55
689 13
690 63
691 29
692 36
693 7
694 22
695 51
696 14
697 18
698 18
699 11
700 9
701 2
702 13
703 4
704 9
705 6
706 14
707 24
708 0
709 12
710 12
711 12
712 48
713 48
714 12
715 6
716 6
717 9
718 6
719 6
720 14
721 17
722 24
723 11
724 44
725 44
726 13
727 11
728 9
729 22
730 18
731 4
732 12
733 9
734 2
735 9
736 12
737 18
738 4
739 7
740 18
741 133
742 36
743 11
744 146
745 73
746 109
747 73
748 182
749 18
750 100
751 243
752 19
753 44
754 13
755 11
756 47
757 47
758 152
759 47
760 48
761 81
762 81
763 79
764 158
765 81
766 221
767 64
768 0
769 12
770 24
771 0
772 0
773 109
774 19
775 16
776 51
777 86
778 14
779 107
780 12
781 20
782 106
783 73
784 6
785 9
786 134
787 21
788 65
789 133
790 107
791 86
792 86
793 106
794 133
795 86
796 88
797 20
798 13
799 17
800 17
801 5
802 9
803 6
804 20
805 20
806 6
807 18
808 7
809 11
810 8
811 9
812 36
813 72
814 44
815 18
816 9
817 65
818 65
819 15
820 5
821 5
822 5
823 5
824 8
825 29
826 16
827 7
828 44
829 40
830 22
831 9
832 9
833 13
834 14
835 9
836 4
837 6
838 5
839 146
840 61
841 24
842 94
843 12
844 135
845 34
846 84
847 22
848 40
849 4
850 96
851 9
852 46
853 51
854 219
855 101
856 123
857 30
858 60
859 3
860 23
861 14
862 0
863 5
864 182
865 9
866 125
867 12
868 125
869 24
;

param Ttarget := 
1 1 1000
2 1 1000
3 1 1000
4 1 1000
5 1 500
6 1 500
7 1 500
8 1 500
1 2 1000
2 2 1000
3 2 1000
4 2 1000
5 2 500
6 2 500
7 2 500
8 2 500
1 3 1000
2 3 1000
3 3 1000
4 3 1000
5 3 500
6 3 500
7 3 500
8 3 500
1 4 1000
2 4 1000
3 4 1000
4 4 1000
5 4 500
6 4 500
7 4 500
8 4 500
1 5 1000
2 5 1000
3 5 1000
4 5 1000
5 5 500
6 5 500
7 5 500
8 5 500
;

set Olgerdin := 
52 
151 
152 
156 
157 
159 
160 
162 
163 
164 
165 
166 
167 
168 
169 
170 
171 
172 
173 
174 
175 
176 
177 
178 
179 
180 
181 
182 
183 
184 
359 
360 
361 
362 
363 
364 
365 
366 
367 
368 
369 
370 
371 
372 
373 
374 
375 
376 
377 
378 
379 
380 
381 
382 
383 
384 
385 
386 
387 
388 
389 
390 
391 
392 
393 
394 
395 
396 
397 
398 
399 
401 
407 
492 
493 
494 
495 
496 
497 
498 
499 
500 
501 
502 
503 
504 
505 
506 
507 
509 
510 
511 
512 
513 
514 
515 
516 
517 
518 
519 
520 
521 
522 
523 
524 
525 
526 
527 
528 
529 
530 
531 
532 
533 
534 
721 
744 
745 
746 
747 
748 
749 
750 
751 
752 
753 
754 
755 
756 
757 
758 
759 
760 
761 
762 
763 
764 
765 
766 
767 
768 
769 
770 
771 
772 
773 
839 
846 
847 
848 
849 
850 
851 
852 
853 
854 
855 
856 
857 
858 
859 
860 
861 
862 
863 
864 
865 
866 
867 
868 
;
set Cola := 
1 
2 
3 
4 
5 
6 
7 
8 
9 
10 
11 
12 
13 
14 
15 
16 
185 
186 
187 
188 
189 
190 
191 
402 
409 
410 
411 
412 
413 
416 
417 
422 
535 
536 
537 
538 
541 
543 
544 
545 
546 
547 
548 
549 
551 
552 
553 
554 
555 
556 
557 
558 
559 
560 
561 
562 
563 
722 
774 
775 
776 
782 
783 
786 
;
set Globus := 
161 
204 
205 
206 
207 
208 
209 
210 
211 
212 
213 
214 
215 
216 
217 
218 
219 
220 
221 
222 
223 
224 
225 
226 
227 
228 
229 
230 
231 
232 
233 
234 
235 
236 
237 
238 
239 
240 
241 
242 
243 
244 
245 
246 
247 
248 
249 
250 
251 
252 
253 
254 
255 
256 
257 
258 
259 
260 
261 
262 
263 
264 
266 
267 
403 
405 
565 
566 
567 
568 
569 
570 
571 
572 
573 
574 
575 
576 
577 
578 
579 
580 
581 
582 
583 
584 
585 
586 
587 
588 
589 
605 
606 
709 
710 
711 
712 
713 
714 
715 
716 
788 
789 
790 
791 
792 
793 
794 
795 
796 
797 
798 
799 
800 
801 
802 
803 
805 
806 
807 
808 
809 
810 
811 
812 
813 
814 
815 
816 
;
set Vintrio := 
38 
39 
40 
41 
42 
43 
45 
46 
47 
48 
408 
414 
415 
419 
420 
421 
;
set Brugghusstedja := 
;
set Dista := 
23 
24 
25 
26 
27 
28 
29 
30 
31 
32 
49 
50 
51 
53 
54 
55 
56 
57 
58 
418 
423 
424 
425 
426 
427 
428 
429 
430 
431 
432 
433 
434 
508 
;
set Bakkus := 
265 
406 
435 
436 
437 
438 
439 
440 
441 
442 
443 
444 
445 
454 
456 
;
set Mekka := 
268 
269 
270 
271 
272 
273 
274 
275 
276 
277 
278 
279 
280 
281 
282 
283 
284 
285 
286 
287 
288 
289 
290 
291 
292 
293 
294 
295 
296 
297 
298 
299 
300 
620 
621 
622 
623 
624 
625 
626 
627 
628 
629 
630 
631 
632 
633 
634 
635 
636 
637 
638 
639 
640 
641 
642 
643 
644 
645 
646 
647 
648 
649 
650 
651 
652 
653 
654 
655 
656 
657 
658 
659 
660 
661 
662 
663 
664 
665 
666 
667 
668 
669 
;
set Eimskip := 
87 
88 
89 
90 
91 
92 
93 
94 
95 
96 
97 
98 
99 
100 
101 
102 
103 
104 
105 
106 
107 
108 
109 
110 
111 
112 
113 
114 
117 
118 
119 
120 
121 
122 
123 
124 
125 
126 
127 
128 
129 
130 
131 
132 
133 
134 
135 
312 
313 
314 
315 
462 
463 
464 
465 
466 
467 
468 
476 
477 
478 
479 
480 
481 
482 
483 
484 
542 
670 
673 
674 
675 
676 
677 
678 
679 
680 
681 
682 
683 
684 
685 
686 
687 
688 
689 
690 
691 
692 
693 
694 
695 
696 
697 
698 
705 
706 
707 
708 
717 
718 
719 
817 
818 
822 
;
set Samskip := 
17 
18 
19 
20 
21 
22 
33 
34 
35 
36 
37 
44 
59 
60 
61 
62 
63 
64 
65 
66 
67 
68 
69 
70 
71 
72 
73 
74 
75 
76 
77 
78 
79 
80 
81 
82 
83 
84 
85 
86 
115 
116 
136 
137 
138 
139 
140 
141 
142 
143 
144 
145 
146 
147 
148 
149 
150 
153 
154 
155 
192 
193 
194 
195 
196 
197 
198 
199 
200 
201 
202 
203 
301 
302 
303 
304 
305 
306 
307 
308 
309 
310 
311 
316 
317 
318 
319 
320 
321 
322 
323 
324 
325 
326 
327 
328 
329 
330 
331 
332 
333 
334 
335 
336 
337 
338 
339 
340 
341 
342 
343 
344 
345 
346 
347 
348 
349 
350 
351 
352 
353 
354 
355 
356 
446 
447 
448 
449 
450 
451 
452 
453 
457 
458 
459 
460 
461 
469 
470 
471 
472 
473 
474 
475 
485 
488 
491 
539 
540 
550 
564 
590 
591 
592 
593 
594 
595 
596 
597 
598 
599 
600 
601 
602 
603 
604 
607 
608 
609 
610 
611 
612 
613 
614 
615 
616 
671 
699 
700 
701 
702 
703 
704 
723 
724 
725 
726 
727 
728 
729 
730 
731 
732 
733 
734 
735 
736 
737 
738 
739 
740 
741 
742 
743 
777 
778 
779 
780 
781 
784 
785 
787 
804 
819 
820 
821 
823 
824 
825 
826 
827 
828 
829 
830 
831 
832 
833 
834 
835 
836 
837 
838 
840 
841 
842 
843 
844 
845 
;
set Bannlisti := 
;
set Fixlisti := 
;
end;
