param S := 935;
param T := 8;
param D := 5;
param windowsize := 0;

param O := 
1 1
2 0
3 0
4 0
5 0
6 0
7 0
8 0
;

param EIM := 
1 0
2 0
3 0
4 0
5 0
6 0
7 1
8 0
;

param SAM := 
1 0
2 0
3 0
4 0
5 0
6 0
7 0
8 1
;

param A := 
1 38
2 5
3 9
4 18
5 113
6 12
7 13
8 10
9 2
10 21
11 24
12 4
13 4
14 2
15 2
16 5
17 4
18 26
19 5
20 2
21 12
22 23
23 2
24 16
25 4
26 1
27 3
28 7
29 4
30 129
31 36
32 34
33 36
34 26
35 18
36 72
37 76
38 179
39 60
40 50
41 9
42 37
43 365
44 14
45 1
46 2
47 18
48 7
49 12
50 2
51 7
52 1
53 8
54 18
55 24
56 31
57 4
58 8
59 8
60 2
61 1
62 7
63 18
64 12
65 21
66 30
67 5
68 129
69 12
70 13
71 13
72 13
73 36
74 52
75 52
76 48
77 36
78 3
79 9
80 18
81 18
82 18
83 18
84 9
85 16
86 4
87 36
88 107
89 129
90 129
91 159
92 106
93 106
94 86
95 32
96 36
97 4
98 88
99 50
100 177
101 44
102 44
103 90
104 265
105 79
106 0
107 66
108 27
109 14
110 9
111 11
112 9
113 2
114 0
115 29
116 14
117 14
118 0
119 78
120 35
121 17
122 36
123 12
124 16
125 84
126 139
127 18
128 18
129 133
130 42
131 90
132 25
133 18
134 4
135 12
136 9
137 7
138 66
139 18
140 9
141 2
142 1
143 14
144 3
145 30
146 305
147 3
148 7
149 4
150 4
151 4
152 4
153 7
154 29
155 18
156 5
157 5
158 9
159 5
160 7
161 59
162 54
163 122
164 49
165 61
166 1
167 175
168 13
169 7
170 6
171 4
172 146
173 146
174 73
175 73
176 146
177 17
178 150
179 45
180 44
181 18
182 4
183 6
184 84
185 148
186 73
187 28
188 169
189 63
190 140
191 11
192 72
193 71
194 91
195 5
196 23
197 88
198 88
199 9
200 9
201 33
202 4
203 44
204 7
205 44
206 11
207 13
208 3
209 4
210 88
211 76
212 18
213 44
214 80
215 122
216 7
217 8
218 34
219 72
220 88
221 7
222 7
223 18
224 18
225 7
226 25
227 64
228 107
229 113
230 88
231 88
232 87
233 122
234 221
235 66
236 186
237 11
238 22
239 84
240 22
241 31
242 22
243 27
244 6
245 9
246 13
247 6
248 5
249 9
250 10
251 53
252 38
253 53
254 20
255 133
256 13
257 42
258 90
259 95
260 265
261 150
262 106
263 34
264 86
265 179
266 86
267 133
268 107
269 7
270 9
271 7
272 9
273 4
274 4
275 4
276 9
277 36
278 4
279 35
280 55
281 9
282 8
283 40
284 18
285 13
286 5
287 4
288 22
289 11
290 27
291 4
292 4
293 4
294 11
295 74
296 5
297 5
298 9
299 13
300 18
301 7
302 9
303 18
304 13
305 7
306 8
307 16
308 9
309 11
310 7
311 133
312 12
313 18
314 11
315 13
316 12
317 9
318 7
319 20
320 11
321 13
322 9
323 2
324 20
325 13
326 9
327 24
328 1
329 2
330 2
331 12
332 9
333 27
334 21
335 0
336 17
337 24
338 75
339 17
340 24
341 91
342 182
343 36
344 91
345 36
346 91
347 18
348 0
349 133
350 212
351 7
352 7
353 5
354 88
355 40
356 221
357 318
358 44
359 64
360 34
361 215
362 7
363 13
364 9
365 7
366 9
367 2
368 8
369 2
370 1
371 9
372 253
373 84
374 73
375 3
376 63
377 24
378 22
379 61
380 55
381 15
382 4
383 9
384 30
385 8
386 9
387 9
388 4
389 12
390 11
391 146
392 164
393 146
394 18
395 98
396 133
397 86
398 129
399 17
400 35
401 24
402 11
403 12
404 3
405 158
406 52
407 265
408 88
409 86
410 150
411 150
412 86
413 106
414 107
415 8
416 49
417 9
418 8
419 7
420 7
421 11
422 24
423 80
424 22
425 150
426 186
427 102
428 20
429 6
430 2
431 9
432 9
433 36
434 48
435 36
436 12
437 52
438 86
439 71
440 129
441 22
442 18
443 15
444 22
445 22
446 16
447 8
448 37
449 69
450 53
451 88
452 215
453 60
454 215
455 36
456 22
457 4
458 11
459 4
460 18
461 11
462 50
463 134
464 14
465 14
466 8
467 35
468 12
469 4
470 13
471 9
472 9
473 1
474 2
475 3
476 12
477 14
478 12
479 4
480 56
481 70
482 7
483 7
484 3
485 6
486 72
487 4
488 4
489 4
490 4
491 2
492 2
493 18
494 2
495 13
496 52
497 5
498 2
499 12
500 12
501 12
502 48
503 48
504 12
505 2
506 97
507 5
508 9
509 7
510 4
511 182
512 100
513 100
514 48
515 30
516 11
517 5
518 16
519 5
520 16
521 28
522 11
523 11
524 152
525 43
526 101
527 29
528 40
529 101
530 62
531 289
532 32
533 146
534 26
535 31
536 72
537 88
538 44
539 4
540 2
541 4
542 2
543 7
544 2
545 1
546 1
547 2
548 2
549 9
550 1
551 2
552 0
553 79
554 9
555 15
556 17
557 1
558 1
559 7
560 7
561 22
562 39
563 17
564 6
565 8
566 10
567 9
568 11
569 4
570 9
571 24
572 36
573 22
574 50
575 2
576 2
577 18
578 13
579 2
580 4
581 11
582 6
583 4
584 19
585 4
586 4
587 5
588 318
589 9
590 7
591 27
592 27
593 11
594 12
595 5
596 107
597 106
598 86
599 177
600 52
601 83
602 23
603 3
604 24
605 14
606 9
607 88
608 32
609 74
610 44
611 22
612 18
613 13
614 22
615 13
616 22
617 20
618 27
619 28
620 31
621 53
622 84
623 110
624 28
625 23
626 55
627 398
628 9
629 24
630 8
631 9
632 7
633 6
634 4
635 9
636 9
637 22
638 90
639 23
640 21
641 80
642 18
643 54
644 77
645 9
646 16
647 4
648 107
649 64
650 61
651 86
652 333
653 150
654 107
655 88
656 72
657 133
658 210
659 133
660 35
661 52
662 48
663 38
664 51
665 3
666 5
667 6
668 2
669 21
670 21
671 13
672 1
673 1
674 2
675 4
676 5
677 1
678 1
679 4
680 76
681 46
682 28
683 7
684 0
685 9
686 47
687 18
688 46
689 72
690 53
691 13
692 221
693 22
694 133
695 11
696 5
697 15
698 28
699 8
700 13
701 16
702 2
703 2
704 10
705 5
706 2
707 5
708 1
709 0
710 1
711 1
712 1
713 1
714 3
715 8
716 5
717 1
718 9
719 5
720 4
721 12
722 0
723 0
724 3
725 69
726 7
727 27
728 9
729 11
730 2
731 4
732 5
733 9
734 5
735 28
736 17
737 0
738 30
739 0
740 17
741 15
742 14
743 6
744 8
745 15
746 4
747 30
748 3
749 1
750 3
751 13
752 4
753 5
754 0
755 3
756 122
757 7
758 130
759 17
760 100
761 150
762 150
763 100
764 50
765 24
766 106
767 47
768 47
769 152
770 146
771 84
772 15
773 96
774 158
775 15
776 73
777 91
778 73
779 73
780 73
781 36
782 109
783 12
784 0
785 23
786 40
787 9
788 18
789 18
790 6
791 15
792 6
793 474
794 86
795 30
796 88
797 10
798 19
799 11
800 18
801 18
802 24
803 46
804 23
805 68
806 44
807 130
808 28
809 9
810 2
811 4
812 9
813 4
814 9
815 2
816 4
817 32
818 73
819 73
820 28
821 182
822 146
823 0
824 27
825 2
826 54
827 2
828 13
829 17
830 18
831 11
832 9
833 7
834 7
835 14
836 2
837 22
838 22
839 68
840 90
841 9
842 43
843 90
844 62
845 11
846 44
847 9
848 36
849 6
850 13
851 33
852 4
853 146
854 1
855 4
856 7
857 90
858 2
859 18
860 133
861 44
862 30
863 30
864 11
865 46
866 23
867 7
868 20
869 5
870 9
871 7
872 7
873 7
874 9
875 7
876 7
877 9
878 13
879 9
880 11
881 9
882 4
883 12
884 17
885 17
886 134
887 6
888 2
889 2
890 4
891 2
892 24
893 13
894 3
895 0
896 3
897 2
898 36
899 1
900 76
901 18
902 3
903 15
904 27
905 7
906 52
907 2
908 36
909 14
910 100
911 134
912 23
913 11
914 11
915 16
916 11
917 11
918 28
919 61
920 11
921 401
922 100
923 12
924 8
925 9
926 2
927 13
928 4
929 8
930 7
931 4
932 7
933 8
934 30
935 18
;

param Ttarget := 
1 1 1000
2 1 1000
3 1 1000
4 1 1000
5 1 500
6 1 500
7 1 500
8 1 500
1 2 1000
2 2 1000
3 2 1000
4 2 1000
5 2 500
6 2 500
7 2 500
8 2 500
1 3 1000
2 3 1000
3 3 1000
4 3 1000
5 3 500
6 3 500
7 3 500
8 3 500
1 4 1000
2 4 1000
3 4 1000
4 4 1000
5 4 500
6 4 500
7 4 500
8 4 500
1 5 1000
2 5 1000
3 5 1000
4 5 1000
5 5 500
6 5 500
7 5 500
8 5 500
;

set Olgerdin := 
1 
2 
3 
4 
5 
6 
165 
171 
172 
173 
174 
175 
176 
177 
178 
179 
180 
181 
182 
183 
295 
335 
336 
337 
338 
339 
340 
341 
342 
343 
344 
345 
346 
347 
348 
349 
350 
351 
352 
353 
354 
355 
356 
357 
358 
359 
360 
361 
362 
371 
463 
511 
512 
513 
514 
516 
517 
518 
519 
520 
521 
522 
523 
524 
525 
526 
527 
528 
529 
530 
531 
543 
544 
546 
548 
549 
550 
551 
552 
553 
554 
555 
556 
588 
756 
759 
760 
761 
762 
763 
764 
765 
766 
767 
768 
769 
770 
771 
772 
773 
774 
775 
776 
777 
778 
779 
780 
781 
782 
783 
784 
785 
823 
824 
900 
901 
902 
903 
904 
905 
906 
907 
908 
909 
910 
911 
912 
913 
914 
915 
916 
917 
918 
919 
920 
921 
922 
923 
924 
925 
926 
927 
;
set Cola := 
7 
8 
9 
10 
11 
12 
18 
19 
20 
21 
22 
36 
37 
38 
39 
40 
41 
42 
43 
44 
79 
80 
81 
82 
83 
84 
85 
184 
185 
186 
187 
188 
189 
190 
372 
373 
374 
375 
376 
391 
392 
393 
394 
534 
535 
536 
537 
538 
539 
540 
541 
792 
793 
801 
802 
803 
804 
805 
806 
807 
808 
817 
818 
819 
820 
821 
822 
;
set Globus := 
168 
169 
170 
191 
192 
193 
194 
195 
196 
197 
198 
199 
200 
201 
202 
203 
204 
205 
206 
207 
208 
209 
210 
211 
212 
213 
214 
215 
216 
217 
218 
219 
220 
221 
222 
223 
224 
225 
226 
227 
228 
229 
230 
231 
232 
233 
234 
235 
236 
395 
396 
397 
398 
405 
406 
407 
408 
409 
410 
411 
412 
413 
414 
447 
448 
499 
500 
501 
502 
503 
504 
505 
589 
590 
591 
592 
593 
594 
595 
596 
597 
598 
599 
600 
601 
602 
603 
604 
605 
606 
608 
609 
610 
611 
612 
613 
614 
615 
616 
617 
825 
826 
;
set Vintrio := 
55 
56 
68 
69 
70 
71 
167 
297 
399 
400 
401 
402 
403 
404 
415 
416 
417 
418 
419 
420 
421 
422 
423 
424 
425 
426 
427 
428 
;
set Brugghusstedja := 
532 
533 
;
set Dista := 
72 
73 
74 
75 
76 
77 
78 
87 
88 
89 
90 
91 
92 
93 
94 
95 
96 
97 
429 
430 
431 
432 
433 
434 
435 
436 
437 
438 
439 
440 
441 
442 
443 
444 
445 
446 
;
set Bakkus := 
98 
99 
100 
101 
102 
103 
104 
105 
106 
107 
108 
109 
110 
111 
112 
113 
114 
115 
116 
117 
135 
136 
289 
296 
449 
450 
451 
452 
453 
454 
455 
456 
457 
458 
459 
460 
461 
462 
466 
467 
468 
607 
830 
831 
832 
833 
834 
835 
836 
837 
838 
839 
840 
841 
842 
843 
844 
845 
846 
847 
857 
859 
860 
861 
;
set Mekka := 
239 
240 
241 
242 
243 
244 
245 
246 
247 
248 
249 
250 
251 
252 
253 
254 
255 
256 
257 
258 
259 
260 
261 
262 
263 
264 
265 
266 
267 
268 
542 
618 
619 
620 
621 
622 
623 
624 
625 
626 
627 
628 
629 
630 
631 
632 
633 
634 
635 
636 
637 
638 
639 
640 
641 
642 
643 
644 
645 
646 
647 
649 
650 
651 
652 
653 
654 
655 
656 
657 
658 
718 
719 
720 
758 
827 
828 
;
set Eimskip := 
119 
120 
121 
122 
123 
124 
125 
126 
127 
128 
129 
130 
131 
132 
133 
134 
141 
142 
143 
144 
147 
148 
149 
150 
151 
152 
153 
154 
155 
156 
157 
158 
159 
160 
281 
282 
283 
284 
285 
286 
464 
465 
486 
487 
488 
489 
490 
491 
492 
493 
494 
496 
508 
509 
545 
660 
661 
662 
663 
664 
665 
672 
673 
674 
675 
676 
677 
678 
679 
680 
681 
682 
683 
684 
685 
686 
687 
688 
689 
690 
691 
692 
693 
694 
695 
696 
697 
698 
699 
700 
701 
702 
703 
704 
705 
706 
707 
708 
709 
710 
711 
712 
713 
714 
715 
716 
717 
721 
722 
723 
724 
725 
729 
730 
731 
732 
733 
734 
735 
736 
737 
738 
739 
740 
741 
742 
743 
744 
745 
746 
747 
748 
749 
750 
751 
752 
753 
754 
755 
862 
863 
864 
865 
866 
;
set Samskip := 
13 
14 
15 
16 
17 
23 
24 
25 
26 
27 
28 
29 
30 
31 
32 
33 
34 
35 
45 
46 
47 
48 
49 
50 
51 
52 
53 
54 
57 
58 
59 
60 
61 
62 
63 
64 
65 
66 
67 
86 
118 
137 
138 
139 
140 
145 
146 
161 
162 
163 
164 
237 
238 
269 
270 
271 
272 
273 
274 
275 
276 
277 
278 
279 
280 
287 
288 
290 
291 
292 
293 
294 
298 
299 
300 
301 
302 
303 
304 
305 
306 
307 
308 
309 
310 
311 
312 
313 
314 
315 
316 
317 
318 
319 
320 
321 
322 
323 
324 
325 
326 
327 
328 
329 
330 
331 
332 
363 
364 
365 
366 
367 
368 
369 
370 
377 
378 
379 
380 
381 
382 
383 
384 
385 
386 
387 
388 
389 
390 
469 
470 
471 
472 
473 
474 
475 
476 
477 
478 
479 
480 
481 
482 
483 
484 
485 
495 
497 
498 
507 
515 
547 
557 
558 
559 
560 
561 
562 
563 
564 
565 
566 
567 
568 
569 
570 
571 
572 
573 
574 
575 
576 
577 
578 
579 
580 
581 
582 
583 
584 
585 
586 
587 
648 
659 
666 
667 
668 
669 
670 
671 
726 
727 
728 
757 
786 
787 
788 
789 
790 
791 
794 
795 
796 
797 
798 
799 
800 
809 
810 
811 
812 
813 
814 
815 
816 
829 
848 
849 
850 
851 
852 
867 
868 
869 
870 
871 
872 
873 
874 
875 
876 
877 
878 
879 
880 
881 
882 
883 
884 
885 
886 
887 
888 
889 
890 
891 
892 
893 
894 
895 
896 
897 
899 
928 
929 
930 
931 
932 
933 
934 
;
set Bannlisti := 
;
set Fixlisti := 
;
end;
