param S := 593;
param T := 8;
param D := 5;
param windowsize := 0;

param O := 
1 1
2 0
3 0
4 0
5 0
6 0
7 0
8 0
;

param EIM := 
1 0
2 0
3 0
4 0
5 0
6 0
7 1
8 0
;

param SAM := 
1 0
2 0
3 0
4 0
5 0
6 0
7 0
8 1
;

param A := 
1 169
2 255
3 63
4 47
5 62
6 52
7 221
8 53
9 107
10 92
11 51
12 265
13 110
14 106
15 86
16 106
17 86
18 265
19 75
20 72
21 11
22 66
23 11
24 5
25 121
26 6
27 6
28 36
29 6
30 6
31 5
32 5
33 5
34 0
35 66
36 2
37 2
38 4
39 127
40 40
41 66
42 27
43 40
44 60
45 24
46 6
47 2
48 42
49 14
50 0
51 24
52 2
53 3
54 0
55 12
56 9
57 12
58 73
59 73
60 22
61 18
62 9
63 32
64 4
65 11
66 7
67 5
68 9
69 27
70 11
71 1
72 21
73 2
74 4
75 4
76 9
77 27
78 7
79 0
80 0
81 0
82 0
83 0
84 1
85 73
86 55
87 24
88 109
89 50
90 17
91 61
92 56
93 73
94 43
95 14
96 48
97 81
98 158
99 26
100 5
101 47
102 425
103 72
104 179
105 31
106 4
107 3
108 27
109 13
110 9
111 13
112 13
113 11
114 13
115 7
116 253
117 197
118 363
119 79
120 18
121 24
122 2
123 15
124 4
125 2
126 65
127 146
128 107
129 265
130 212
131 80
132 106
133 141
134 115
135 177
136 14
137 12
138 9
139 18
140 8
141 11
142 27
143 13
144 22
145 2
146 33
147 150
148 86
149 107
150 215
151 716
152 250
153 13
154 25
155 36
156 8
157 18
158 107
159 221
160 106
161 177
162 177
163 88
164 12
165 43
166 8
167 4
168 26
169 12
170 1
171 12
172 12
173 52
174 52
175 9
176 48
177 12
178 17
179 24
180 1
181 4
182 5
183 22
184 18
185 7
186 16
187 265
188 212
189 86
190 41
191 4
192 4
193 2
194 13
195 11
196 13
197 11
198 13
199 21
200 5
201 5
202 1
203 13
204 13
205 2
206 11
207 9
208 4
209 13
210 27
211 11
212 11
213 11
214 13
215 13
216 7
217 15
218 265
219 66
220 90
221 22
222 18
223 4
224 28
225 7
226 22
227 6
228 9
229 22
230 4
231 32
232 44
233 40
234 68
235 215
236 9
237 72
238 43
239 102
240 179
241 36
242 0
243 7
244 4
245 4
246 7
247 41
248 88
249 13
250 22
251 9
252 4
253 2
254 2
255 4
256 36
257 8
258 1
259 6
260 2
261 7
262 12
263 12
264 3
265 28
266 42
267 36
268 88
269 53
270 53
271 49
272 9
273 18
274 9
275 7
276 10
277 9
278 2
279 2
280 2
281 13
282 11
283 6
284 11
285 28
286 12
287 12
288 12
289 48
290 48
291 12
292 4
293 4
294 14
295 7
296 8
297 7
298 9
299 2
300 2
301 1
302 27
303 12
304 13
305 5
306 9
307 17
308 3
309 76
310 274
311 44
312 20
313 13
314 7
315 9
316 5
317 7
318 6
319 20
320 18
321 76
322 9
323 84
324 19
325 13
326 0
327 28
328 16
329 52
330 7
331 32
332 11
333 30
334 7
335 12
336 2
337 3
338 1
339 16
340 3
341 1
342 1
343 11
344 44
345 19
346 26
347 65
348 47
349 126
350 210
351 28
352 37
353 168
354 146
355 150
356 14
357 0
358 61
359 429
360 101
361 38
362 84
363 51
364 9
365 9
366 17
367 18
368 8
369 9
370 28
371 18
372 18
373 5
374 212
375 11
376 124
377 265
378 95
379 9
380 9
381 9
382 0
383 6
384 36
385 16
386 38
387 12
388 94
389 194
390 179
391 162
392 20
393 320
394 222
395 110
396 219
397 222
398 314
399 38
400 5
401 9
402 6
403 6
404 9
405 33
406 12
407 9
408 4
409 22
410 2
411 3
412 72
413 6
414 133
415 86
416 265
417 110
418 90
419 18
420 11
421 4
422 5
423 10
424 26
425 8
426 3
427 152
428 83
429 37
430 55
431 44
432 27
433 54
434 55
435 36
436 22
437 55
438 27
439 40
440 44
441 18
442 44
443 36
444 4
445 22
446 22
447 4
448 4
449 6
450 20
451 4
452 90
453 110
454 107
455 133
456 133
457 35
458 12
459 0
460 0
461 5
462 8
463 21
464 3
465 3
466 4
467 80
468 0
469 18
470 9
471 9
472 5
473 4
474 13
475 9
476 9
477 9
478 27
479 8
480 4
481 18
482 56
483 4
484 4
485 36
486 24
487 24
488 24
489 9
490 7
491 133
492 7
493 11
494 22
495 17
496 9
497 12
498 8
499 9
500 3
501 7
502 7
503 106
504 16
505 40
506 8
507 18
508 9
509 15
510 44
511 2
512 2
513 54
514 54
515 47
516 15
517 3
518 5
519 3
520 2
521 1
522 7
523 4
524 2
525 2
526 1
527 1
528 46
529 106
530 0
531 33
532 80
533 13
534 27
535 13
536 53
537 75
538 91
539 50
540 109
541 73
542 25
543 134
544 52
545 2
546 5
547 0
548 0
549 1
550 492
551 2
552 86
553 158
554 107
555 7
556 4
557 474
558 4
559 6
560 18
561 18
562 18
563 7
564 12
565 7
566 12
567 2
568 2
569 18
570 4
571 2
572 18
573 7
574 61
575 2
576 2
577 9
578 4
579 652
580 9
581 75
582 109
583 46
584 46
585 52
586 152
587 101
588 204
589 61
590 42
591 47
592 80
593 2
;

param Ttarget := 
1 1 1000
2 1 1000
3 1 1000
4 1 1000
5 1 500
6 1 500
7 1 500
8 1 500
1 2 1000
2 2 1000
3 2 1000
4 2 1000
5 2 500
6 2 500
7 2 500
8 2 500
1 3 1000
2 3 1000
3 3 1000
4 3 1000
5 3 500
6 3 500
7 3 500
8 3 500
1 4 1000
2 4 1000
3 4 1000
4 4 1000
5 4 500
6 4 500
7 4 500
8 4 500
1 5 1000
2 5 1000
3 5 1000
4 5 1000
5 5 500
6 5 500
7 5 500
8 5 500
;

set Olgerdin := 
73 
77 
81 
83 
85 
86 
87 
88 
89 
90 
91 
92 
93 
94 
95 
96 
97 
98 
347 
348 
349 
350 
351 
352 
353 
354 
355 
356 
357 
358 
359 
360 
361 
362 
363 
364 
365 
366 
367 
368 
369 
370 
371 
372 
373 
374 
375 
376 
377 
378 
379 
380 
381 
537 
538 
539 
540 
541 
542 
543 
544 
579 
580 
581 
582 
583 
584 
585 
586 
587 
588 
589 
590 
591 
592 
;
set Cola := 
1 
2 
3 
82 
84 
99 
100 
101 
103 
104 
105 
106 
107 
116 
117 
118 
119 
193 
207 
208 
209 
385 
549 
550 
557 
;
set Globus := 
68 
69 
78 
126 
127 
128 
129 
130 
131 
132 
133 
134 
135 
136 
137 
138 
139 
140 
141 
142 
143 
144 
145 
147 
148 
149 
150 
151 
152 
153 
154 
155 
156 
157 
158 
159 
160 
161 
162 
163 
164 
165 
166 
167 
181 
182 
190 
191 
192 
197 
198 
199 
200 
201 
202 
203 
204 
205 
206 
286 
287 
288 
289 
290 
291 
292 
293 
;
set Vintrio := 
72 
120 
121 
122 
123 
124 
125 
168 
169 
170 
;
set Brugghusstedja := 
382 
383 
384 
;
set Dista := 
49 
50 
171 
172 
173 
174 
175 
176 
177 
178 
179 
180 
183 
184 
185 
186 
187 
188 
189 
386 
;
set Bakkus := 
218 
219 
220 
221 
222 
223 
224 
225 
226 
227 
228 
229 
230 
231 
232 
233 
234 
235 
236 
237 
238 
239 
240 
241 
242 
243 
244 
245 
246 
247 
248 
249 
250 
251 
267 
268 
269 
270 
271 
272 
273 
577 
;
set Mekka := 
4 
5 
6 
7 
8 
9 
10 
11 
12 
13 
14 
15 
16 
17 
18 
19 
20 
21 
22 
23 
24 
25 
26 
27 
28 
29 
30 
31 
32 
33 
34 
390 
391 
392 
393 
394 
395 
396 
397 
398 
399 
400 
401 
402 
403 
404 
405 
406 
407 
408 
409 
410 
411 
412 
413 
414 
415 
416 
417 
418 
545 
;
set Eimskip := 
36 
38 
40 
41 
42 
43 
44 
45 
47 
48 
70 
71 
75 
76 
307 
308 
309 
310 
319 
320 
321 
322 
323 
324 
325 
326 
327 
331 
332 
333 
334 
335 
336 
337 
338 
339 
340 
341 
342 
344 
345 
346 
419 
420 
421 
422 
423 
424 
425 
426 
427 
428 
429 
430 
431 
432 
433 
434 
435 
436 
437 
438 
439 
440 
441 
442 
443 
444 
445 
446 
450 
451 
452 
453 
454 
455 
456 
457 
458 
459 
460 
461 
467 
468 
469 
470 
471 
472 
473 
474 
475 
476 
477 
478 
479 
480 
481 
482 
483 
484 
494 
503 
525 
;
set Samskip := 
35 
37 
39 
51 
52 
53 
54 
55 
56 
57 
58 
59 
60 
61 
62 
63 
64 
65 
66 
67 
74 
79 
80 
102 
108 
109 
110 
111 
112 
113 
114 
115 
146 
194 
195 
196 
210 
211 
212 
213 
214 
215 
216 
217 
256 
257 
259 
260 
261 
262 
263 
264 
265 
266 
276 
277 
278 
279 
280 
281 
282 
283 
284 
285 
294 
295 
296 
297 
298 
299 
300 
301 
302 
303 
304 
305 
306 
311 
312 
313 
314 
315 
316 
317 
318 
328 
329 
330 
343 
462 
463 
464 
465 
466 
491 
492 
493 
495 
496 
497 
498 
499 
500 
501 
502 
504 
505 
506 
507 
508 
509 
510 
511 
512 
513 
514 
515 
516 
517 
518 
519 
522 
523 
524 
528 
529 
530 
531 
532 
533 
534 
535 
536 
546 
547 
548 
551 
552 
553 
554 
555 
556 
558 
559 
560 
561 
562 
563 
564 
565 
566 
567 
568 
569 
570 
571 
573 
574 
575 
576 
;
set Bannlisti := 
;
set Fixlisti := 
;
end;
