param S := 966;
param T := 8;
param D := 5;
param windowsize := 0;

param O := 
1 1
2 0
3 0
4 0
5 0
6 0
7 0
8 0
;

param EIM := 
1 0
2 0
3 0
4 0
5 0
6 0
7 1
8 0
;

param SAM := 
1 0
2 0
3 0
4 0
5 0
6 0
7 0
8 1
;

param A := 
1 109
2 164
3 52
4 73
5 18
6 1
7 97
8 1602
9 25
10 9
11 61
12 106
13 86
14 88
15 1
16 6
17 24
18 24
19 52
20 86
21 48
22 48
23 36
24 1
25 0
26 134
27 24
28 111
29 17
30 3
31 4
32 2
33 8
34 3
35 7
36 7
37 6
38 7
39 18
40 18
41 1
42 18
43 6
44 7
45 2
46 3
47 5
48 18
49 1
50 1
51 24
52 18
53 31
54 22
55 129
56 2
57 16
58 86
59 11
60 16
61 2
62 3
63 4
64 18
65 4
66 2
67 2
68 6
69 11
70 5
71 9
72 13
73 14
74 3
75 1
76 8
77 3
78 4
79 6
80 9
81 75
82 81
83 52
84 60
85 18
86 22
87 11
88 4
89 11
90 18
91 11
92 9
93 6
94 9
95 9
96 6
97 21
98 9
99 5
100 45
101 6
102 90
103 22
104 14
105 9
106 10
107 203
108 90
109 40
110 61
111 101
112 44
113 9
114 9
115 9
116 158
117 109
118 146
119 55
120 19
121 55
122 91
123 125
124 73
125 40
126 16
127 11
128 40
129 90
130 268
131 22
132 54
133 97
134 42
135 40
136 30
137 10
138 4
139 4
140 11
141 36
142 60
143 12
144 42
145 50
146 9
147 474
148 7
149 5
150 9
151 6
152 112
153 13
154 18
155 18
156 37
157 46
158 44
159 18
160 72
161 18
162 46
163 5
164 9
165 37
166 9
167 4
168 4
169 34
170 9
171 11
172 21
173 7
174 9
175 10
176 16
177 8
178 25
179 18
180 9
181 12
182 25
183 7
184 8
185 4
186 4
187 7
188 12
189 5
190 88
191 18
192 5
193 9
194 36
195 22
196 6
197 7
198 13
199 106
200 64
201 133
202 106
203 150
204 106
205 122
206 98
207 122
208 221
209 66
210 86
211 129
212 86
213 42
214 106
215 43
216 12
217 9
218 30
219 14
220 18
221 29
222 33
223 64
224 88
225 27
226 186
227 20
228 187
229 3
230 11
231 18
232 2
233 18
234 18
235 27
236 18
237 13
238 4
239 9
240 0
241 4
242 9
243 9
244 3
245 29
246 9
247 9
248 24
249 91
250 76
251 5
252 34
253 23
254 22
255 44
256 72
257 22
258 10
259 11
260 44
261 27
262 11
263 68
264 88
265 9
266 107
267 50
268 265
269 47
270 11
271 11
272 4
273 7
274 11
275 4
276 86
277 16
278 18
279 40
280 6
281 13
282 6
283 9
284 10
285 53
286 53
287 133
288 15
289 53
290 96
291 85
292 106
293 137
294 123
295 231
296 52
297 150
298 199
299 185
300 107
301 399
302 5
303 56
304 51
305 21
306 8
307 2
308 8
309 22
310 31
311 18
312 9
313 1
314 15
315 9
316 7
317 8
318 0
319 4
320 18
321 20
322 55
323 86
324 8
325 33
326 133
327 15
328 3
329 9
330 2
331 10
332 24
333 9
334 7
335 11
336 2
337 1
338 1
339 8
340 18
341 4
342 14
343 2
344 7
345 18
346 35
347 35
348 24
349 14
350 7
351 7
352 8
353 4
354 9
355 9
356 3
357 40
358 61
359 101
360 44
361 18
362 14
363 9
364 18
365 9
366 14
367 14
368 25
369 18
370 3
371 18
372 18
373 22
374 66
375 12
376 1
377 27
378 2
379 55
380 1
381 0
382 0
383 8
384 2
385 4
386 9
387 18
388 13
389 7
390 7
391 9
392 4
393 4
394 4
395 0
396 1
397 9
398 18
399 4
400 11
401 12
402 4
403 9
404 4
405 1
406 3
407 14
408 0
409 9
410 2
411 2
412 12
413 22
414 11
415 18
416 18
417 22
418 8
419 22
420 4
421 12
422 3
423 2
424 3
425 4
426 21
427 34
428 17
429 17
430 75
431 97
432 9
433 25
434 36
435 267
436 110
437 133
438 106
439 107
440 88
441 221
442 106
443 168
444 31
445 109
446 164
447 43
448 109
449 13
450 2
451 2
452 2
453 2
454 2
455 18
456 13
457 9
458 33
459 27
460 5
461 7
462 18
463 22
464 2
465 4
466 2
467 4
468 4
469 4
470 4
471 13
472 20
473 66
474 27
475 4
476 7
477 20
478 18
479 4
480 0
481 5
482 5
483 5
484 24
485 52
486 86
487 37
488 36
489 358
490 8
491 11
492 18
493 7
494 9
495 46
496 81
497 129
498 22
499 106
500 64
501 32
502 22
503 8
504 22
505 2
506 21
507 85
508 71
509 7
510 27
511 7
512 13
513 35
514 7
515 1
516 26
517 4
518 2
519 18
520 4
521 22
522 5
523 66
524 7
525 5
526 6
527 18
528 4
529 8
530 7
531 10
532 6
533 14
534 12
535 12
536 42
537 6
538 2
539 3
540 3
541 8
542 5
543 27
544 13
545 12
546 48
547 48
548 3
549 5
550 5
551 11
552 56
553 134
554 71
555 7
556 91
557 55
558 55
559 73
560 55
561 73
562 55
563 73
564 6
565 11
566 17
567 5
568 28
569 37
570 40
571 21
572 25
573 21
574 24
575 35
576 93
577 44
578 40
579 9
580 25
581 100
582 11
583 127
584 19
585 106
586 32
587 219
588 51
589 29
590 36
591 36
592 9
593 36
594 30
595 29
596 7
597 14
598 7
599 14
600 4
601 11
602 9
603 257
604 71
605 4
606 22
607 31
608 106
609 86
610 141
611 115
612 88
613 86
614 107
615 106
616 537
617 166
618 20
619 111
620 74
621 17
622 44
623 44
624 44
625 72
626 44
627 18
628 44
629 5
630 4
631 7
632 6
633 36
634 9
635 44
636 53
637 11
638 9
639 13
640 53
641 22
642 7
643 68
644 13
645 22
646 62
647 54
648 44
649 9
650 17
651 0
652 16
653 8
654 17
655 9
656 33
657 4
658 20
659 8
660 52
661 22
662 4
663 2
664 4
665 2
666 11
667 42
668 150
669 86
670 221
671 6
672 3
673 15
674 172
675 129
676 20
677 9
678 14
679 21
680 2
681 37
682 53
683 7
684 55
685 48
686 49
687 90
688 90
689 305
690 100
691 46
692 32
693 4
694 31
695 23
696 118
697 68
698 11
699 55
700 79
701 46
702 65
703 7
704 9
705 4
706 9
707 4
708 9
709 14
710 4
711 4
712 9
713 4
714 9
715 42
716 46
717 8
718 36
719 18
720 66
721 11
722 16
723 9
724 16
725 10
726 9
727 39
728 29
729 12
730 11
731 2
732 51
733 46
734 11
735 11
736 4
737 18
738 8
739 61
740 0
741 0
742 14
743 44
744 7
745 22
746 22
747 7
748 4
749 14
750 36
751 9
752 49
753 27
754 4
755 5
756 24
757 2
758 2
759 17
760 9
761 5
762 36
763 13
764 12
765 6
766 14
767 9
768 12
769 9
770 6
771 90
772 18
773 47
774 47
775 62
776 84
777 192
778 244
779 244
780 79
781 158
782 88
783 72
784 129
785 168
786 96
787 17
788 9
789 7
790 15
791 176
792 73
793 36
794 73
795 55
796 109
797 73
798 11
799 75
800 200
801 5
802 5
803 16
804 3
805 36
806 474
807 134
808 18
809 4
810 7
811 7
812 4
813 4
814 4
815 8
816 6
817 61
818 4
819 7
820 64
821 107
822 265
823 107
824 106
825 88
826 159
827 177
828 250
829 18
830 8
831 160
832 45
833 22
834 122
835 19
836 10
837 64
838 17
839 44
840 7
841 22
842 19
843 9
844 4
845 4
846 9
847 17
848 19
849 43
850 49
851 24
852 104
853 26
854 24
855 9
856 24
857 18
858 24
859 22
860 7
861 4
862 22
863 18
864 90
865 107
866 22
867 44
868 43
869 22
870 131
871 9
872 110
873 44
874 82
875 322
876 11
877 9
878 9
879 2
880 11
881 4
882 7
883 36
884 8
885 0
886 25
887 2
888 51
889 2
890 4
891 44
892 20
893 7
894 9
895 39
896 13
897 8
898 3
899 3
900 15
901 13
902 9
903 7
904 4
905 23
906 15
907 4
908 15
909 3
910 2
911 3
912 23
913 9
914 9
915 3
916 1
917 24
918 7
919 1
920 3
921 1
922 1
923 14
924 3
925 9
926 2
927 16
928 0
929 4
930 130
931 7
932 5
933 0
934 22
935 125
936 100
937 150
938 24
939 226
940 50
941 100
942 8
943 40
944 8
945 40
946 42
947 9
948 30
949 52
950 46
951 51
952 5
953 52
954 72
955 101
956 18
957 8
958 6
959 6
960 4
961 2
962 2
963 1
964 3
965 4
966 53
;

param Ttarget := 
1 1 1000
2 1 1000
3 1 1000
4 1 1000
5 1 500
6 1 500
7 1 500
8 1 500
1 2 1000
2 2 1000
3 2 1000
4 2 1000
5 2 500
6 2 500
7 2 500
8 2 500
1 3 1000
2 3 1000
3 3 1000
4 3 1000
5 3 500
6 3 500
7 3 500
8 3 500
1 4 1000
2 4 1000
3 4 1000
4 4 1000
5 4 500
6 4 500
7 4 500
8 4 500
1 5 1000
2 5 1000
3 5 1000
4 5 1000
5 5 500
6 5 500
7 5 500
8 5 500
;

set Olgerdin := 
116 
117 
118 
119 
120 
121 
122 
123 
124 
125 
126 
127 
128 
129 
130 
131 
132 
133 
134 
135 
136 
137 
138 
139 
148 
149 
153 
163 
164 
165 
166 
167 
168 
169 
170 
171 
172 
173 
174 
175 
176 
427 
428 
429 
430 
431 
432 
433 
434 
435 
436 
437 
438 
439 
440 
441 
442 
443 
444 
507 
549 
550 
551 
552 
553 
556 
557 
558 
559 
560 
561 
562 
563 
564 
565 
566 
567 
568 
569 
570 
571 
572 
573 
574 
581 
582 
771 
772 
773 
774 
775 
776 
777 
778 
779 
780 
781 
782 
783 
784 
785 
786 
787 
788 
789 
790 
791 
792 
793 
794 
795 
796 
797 
798 
799 
801 
934 
935 
936 
937 
938 
939 
940 
941 
942 
943 
944 
945 
946 
947 
948 
949 
950 
951 
952 
953 
954 
955 
956 
957 
958 
959 
960 
961 
962 
963 
964 
965 
;
set Cola := 
1 
2 
3 
4 
5 
7 
8 
140 
141 
142 
143 
144 
145 
146 
147 
150 
151 
152 
154 
155 
156 
157 
158 
159 
160 
161 
162 
380 
445 
446 
447 
448 
575 
576 
577 
578 
579 
580 
583 
584 
585 
586 
587 
588 
802 
803 
804 
805 
806 
807 
;
set Globus := 
9 
184 
185 
186 
187 
188 
189 
190 
191 
192 
193 
194 
195 
196 
197 
198 
199 
200 
201 
202 
203 
204 
205 
206 
207 
208 
209 
210 
211 
212 
213 
214 
220 
228 
229 
230 
231 
232 
233 
234 
235 
236 
237 
238 
239 
240 
241 
242 
243 
244 
245 
246 
248 
249 
250 
251 
252 
253 
254 
255 
256 
257 
545 
546 
547 
608 
609 
610 
611 
612 
613 
614 
615 
616 
617 
618 
619 
620 
621 
622 
623 
624 
625 
626 
627 
628 
629 
630 
631 
632 
633 
634 
635 
636 
637 
638 
639 
640 
641 
642 
643 
644 
645 
646 
647 
648 
649 
650 
660 
661 
820 
821 
822 
823 
824 
825 
826 
827 
828 
829 
830 
831 
832 
833 
834 
835 
836 
837 
838 
839 
840 
841 
842 
843 
844 
845 
846 
847 
848 
932 
933 
;
set Vintrio := 
81 
82 
83 
215 
216 
217 
218 
219 
221 
222 
223 
224 
225 
226 
227 
247 
472 
473 
475 
;
set Brugghusstedja := 
381 
382 
;
set Dista := 
11 
12 
13 
14 
15 
16 
17 
18 
19 
20 
21 
22 
23 
24 
25 
26 
27 
28 
474 
476 
477 
478 
479 
480 
481 
482 
483 
484 
485 
486 
487 
488 
495 
496 
497 
498 
499 
500 
501 
502 
503 
508 
509 
554 
555 
657 
658 
770 
854 
855 
856 
;
set Bakkus := 
10 
107 
108 
258 
259 
260 
261 
262 
263 
264 
265 
266 
267 
268 
269 
270 
271 
272 
273 
274 
275 
277 
339 
340 
341 
342 
344 
345 
346 
347 
367 
368 
369 
371 
372 
373 
374 
385 
489 
490 
491 
492 
493 
494 
852 
853 
857 
858 
859 
860 
861 
862 
863 
864 
865 
866 
867 
868 
869 
870 
871 
872 
873 
874 
875 
894 
;
set Mekka := 
29 
276 
278 
279 
280 
281 
282 
283 
284 
285 
286 
287 
288 
289 
290 
291 
292 
293 
294 
295 
296 
297 
298 
299 
300 
301 
302 
303 
304 
306 
307 
308 
309 
310 
311 
312 
316 
317 
318 
356 
471 
667 
668 
669 
670 
671 
672 
673 
674 
675 
676 
677 
678 
679 
680 
681 
682 
683 
684 
685 
686 
687 
688 
689 
690 
691 
692 
693 
694 
695 
696 
697 
698 
699 
700 
701 
702 
703 
704 
705 
706 
707 
708 
710 
885 
886 
930 
;
set Eimskip := 
61 
73 
74 
99 
100 
101 
102 
103 
104 
105 
106 
109 
110 
111 
112 
322 
323 
324 
325 
326 
327 
328 
329 
331 
332 
333 
334 
335 
338 
349 
350 
351 
352 
353 
354 
355 
357 
358 
359 
360 
361 
362 
363 
364 
365 
366 
386 
387 
388 
389 
390 
391 
504 
517 
518 
519 
520 
521 
522 
523 
524 
525 
526 
527 
528 
529 
530 
709 
711 
712 
713 
714 
715 
716 
717 
718 
719 
720 
721 
722 
723 
724 
725 
726 
727 
728 
729 
730 
731 
732 
738 
739 
740 
741 
753 
754 
887 
888 
889 
891 
899 
900 
901 
902 
903 
904 
905 
906 
907 
908 
909 
910 
911 
912 
913 
914 
915 
916 
917 
918 
919 
920 
921 
922 
923 
924 
;
set Samskip := 
6 
30 
31 
32 
33 
34 
35 
36 
37 
38 
39 
40 
41 
42 
43 
44 
45 
46 
47 
48 
49 
50 
51 
52 
53 
54 
55 
56 
57 
58 
59 
60 
62 
63 
64 
65 
66 
67 
68 
69 
70 
71 
72 
75 
76 
77 
78 
79 
80 
85 
86 
87 
88 
89 
90 
91 
92 
93 
94 
95 
96 
97 
98 
113 
114 
177 
178 
179 
180 
181 
182 
183 
305 
313 
314 
315 
319 
320 
321 
330 
336 
337 
348 
375 
376 
377 
378 
379 
383 
384 
397 
398 
399 
400 
401 
402 
403 
404 
405 
406 
407 
408 
409 
410 
411 
412 
413 
414 
415 
416 
417 
418 
419 
420 
421 
422 
423 
424 
425 
426 
449 
450 
451 
452 
453 
454 
455 
456 
457 
458 
459 
460 
461 
462 
463 
464 
465 
466 
467 
468 
469 
470 
505 
506 
510 
511 
512 
513 
514 
515 
516 
533 
534 
535 
536 
537 
538 
539 
543 
544 
589 
590 
591 
592 
593 
594 
595 
596 
597 
598 
599 
600 
601 
602 
603 
604 
605 
606 
607 
651 
652 
653 
654 
655 
656 
659 
662 
663 
664 
665 
666 
733 
734 
735 
736 
737 
742 
743 
744 
745 
746 
747 
748 
749 
750 
751 
752 
755 
756 
757 
758 
759 
760 
761 
762 
763 
764 
765 
766 
767 
768 
769 
808 
809 
810 
811 
812 
813 
814 
815 
816 
817 
818 
819 
877 
878 
879 
880 
881 
882 
884 
890 
892 
927 
928 
929 
931 
;
set Bannlisti := 
;
set Fixlisti := 
;
end;
