param S := 1416;
param T := 8;
param D := 5;
param windowsize := 0;

param O := 
1 1
2 0
3 0
4 0
5 0
6 0
7 0
8 0
;

param EIM := 
1 0
2 0
3 0
4 0
5 0
6 0
7 1
8 0
;

param SAM := 
1 0
2 0
3 0
4 0
5 0
6 0
7 0
8 1
;

param A := 
1 182
2 73
3 146
4 15
5 46
6 28
7 26
8 51
9 44
10 88
11 5
12 8
13 63
14 27
15 15
16 51
17 8
18 46
19 26
20 15
21 5
22 7
23 128
24 182
25 43
26 55
27 0
28 73
29 24
30 20
31 4
32 0
33 39
34 24
35 7
36 7
37 20
38 2
39 13
40 7
41 13
42 2
43 6
44 26
45 29
46 18
47 18
48 18
49 66
50 72
51 114
52 257
53 22
54 24
55 1
56 1
57 15
58 92
59 38
60 9
61 7
62 1
63 0
64 1
65 1
66 0
67 0
68 0
69 0
70 0
71 1
72 0
73 0
74 1
75 1
76 1
77 7
78 47
79 62
80 48
81 162
82 81
83 128
84 55
85 26
86 201
87 109
88 146
89 109
90 107
91 106
92 133
93 88
94 221
95 221
96 168
97 9
98 29
99 2
100 2
101 16
102 8
103 11
104 12
105 474
106 1
107 0
108 0
109 1
110 1
111 0
112 0
113 0
114 1
115 0
116 0
117 0
118 2
119 0
120 0
121 0
122 9
123 0
124 0
125 1
126 0
127 0
128 0
129 0
130 4
131 1
132 1
133 15
134 0
135 0
136 1
137 0
138 0
139 1
140 0
141 9
142 0
143 5
144 0
145 1
146 3
147 2
148 0
149 2
150 0
151 5
152 0
153 2
154 106
155 80
156 86
157 88
158 86
159 86
160 86
161 66
162 18
163 9
164 7
165 4
166 4
167 17
168 23
169 20
170 44
171 64
172 67
173 76
174 18
175 66
176 25
177 35
178 13
179 6
180 5
181 5
182 158
183 222
184 133
185 107
186 88
187 141
188 150
189 107
190 122
191 133
192 18
193 11
194 8
195 2
196 13
197 7
198 26
199 22
200 2
201 18
202 35
203 4
204 14
205 4
206 1
207 1
208 0
209 1
210 1
211 1
212 0
213 13
214 71
215 8
216 34
217 160
218 88
219 54
220 43
221 7
222 4
223 4
224 6
225 18
226 6
227 18
228 18
229 18
230 2
231 1
232 0
233 0
234 3
235 1
236 1
237 4
238 1
239 0
240 3
241 1
242 2
243 2
244 0
245 0
246 1
247 1
248 1
249 1
250 1
251 0
252 1
253 1
254 0
255 4
256 44
257 0
258 54
259 33
260 22
261 5
262 23
263 8
264 8
265 5
266 5
267 4
268 5
269 9
270 2
271 5
272 3
273 2
274 5
275 5
276 5
277 5
278 8
279 4
280 8
281 8
282 8
283 5
284 8
285 5
286 5
287 8
288 5
289 8
290 8
291 4
292 4
293 1
294 1
295 3
296 4
297 3
298 4
299 4
300 1
301 1
302 3
303 4
304 3
305 6
306 4
307 9
308 1
309 5
310 1
311 1
312 1
313 1
314 1
315 0
316 1
317 1
318 3
319 1
320 1
321 9
322 1
323 1
324 3
325 1
326 5
327 1
328 3
329 1
330 1
331 2
332 1
333 1
334 2
335 3
336 1
337 1
338 1
339 8
340 4
341 1
342 2
343 2
344 2
345 2
346 0
347 0
348 1
349 0
350 2
351 1
352 0
353 1
354 1
355 4
356 0
357 1
358 1
359 0
360 1
361 1
362 1
363 1
364 0
365 1
366 1
367 0
368 0
369 0
370 0
371 0
372 1
373 0
374 1
375 0
376 4
377 1
378 3
379 2
380 2
381 5
382 1
383 5
384 1
385 19
386 4
387 27
388 47
389 55
390 65
391 38
392 118
393 11
394 10
395 28
396 4
397 1
398 5
399 10
400 53
401 53
402 38
403 9
404 18
405 32
406 12
407 45
408 28
409 55
410 28
411 15
412 44
413 55
414 84
415 231
416 42
417 95
418 150
419 86
420 133
421 4
422 13
423 14
424 4
425 4
426 4
427 4
428 13
429 18
430 12
431 1
432 1
433 2
434 2
435 11
436 3
437 38
438 45
439 66
440 18
441 24
442 0
443 1
444 2
445 2
446 2
447 1
448 1
449 2
450 1
451 3
452 4
453 2
454 2
455 9
456 13
457 9
458 2
459 2
460 2
461 2
462 7
463 100
464 12
465 12
466 1
467 14
468 8
469 12
470 48
471 48
472 12
473 2
474 5
475 3
476 3
477 2
478 2
479 2
480 2
481 3
482 2
483 3
484 2
485 2
486 3
487 3
488 2
489 6
490 6
491 2
492 3
493 1
494 1
495 2
496 2
497 100
498 110
499 80
500 120
501 51
502 7
503 36
504 4
505 5
506 11
507 12
508 3
509 3
510 14
511 2
512 3
513 1
514 1
515 2
516 2
517 1
518 2
519 2
520 1
521 2
522 2
523 47
524 1
525 3
526 1
527 1
528 1
529 1
530 1
531 1
532 1
533 1
534 1
535 1
536 0
537 0
538 0
539 0
540 1
541 0
542 0
543 1
544 1
545 1
546 0
547 1
548 0
549 2
550 3
551 1
552 14
553 4
554 4
555 4
556 2
557 2
558 4
559 4
560 2
561 3
562 2
563 2
564 2
565 2
566 2
567 2
568 2
569 2
570 2
571 1
572 1
573 26
574 2
575 2
576 2
577 2
578 4
579 2
580 2
581 2
582 2
583 7
584 2
585 2
586 2
587 2
588 2
589 4
590 2
591 2
592 2
593 2
594 2
595 2
596 4
597 4
598 2
599 2
600 2
601 2
602 2
603 2
604 2
605 2
606 2
607 2
608 2
609 2
610 2
611 2
612 2
613 2
614 2
615 2
616 2
617 2
618 2
619 2
620 1
621 5
622 2
623 2
624 6
625 4
626 2
627 2
628 2
629 12
630 4
631 2
632 2
633 2
634 2
635 2
636 22
637 2
638 2
639 2
640 2
641 2
642 2
643 2
644 2
645 2
646 4
647 2
648 2
649 2
650 2
651 3
652 2
653 3
654 3
655 3
656 3
657 2
658 3
659 3
660 6
661 3
662 3
663 3
664 2
665 2
666 2
667 2
668 9
669 7
670 2
671 2
672 2
673 7
674 1
675 1
676 11
677 1
678 4
679 4
680 20
681 4
682 5
683 4
684 2
685 4
686 2
687 5
688 2
689 2
690 2
691 2
692 2
693 2
694 2
695 2
696 2
697 2
698 2
699 7
700 2
701 2
702 2
703 2
704 2
705 2
706 2
707 2
708 2
709 2
710 2
711 2
712 2
713 2
714 2
715 2
716 2
717 2
718 2
719 1
720 2
721 1
722 3
723 1
724 7
725 1
726 3
727 4
728 1
729 2
730 3
731 4
732 4
733 4
734 4
735 4
736 8
737 4
738 1
739 1
740 4
741 4
742 3
743 4
744 3
745 3
746 3
747 1
748 3
749 3
750 4
751 3
752 3
753 8
754 3
755 4
756 4
757 1
758 1
759 3
760 4
761 4
762 4
763 8
764 3
765 1
766 4
767 8
768 4
769 2
770 4
771 8
772 1
773 4
774 4
775 22
776 2
777 7
778 9
779 4
780 2
781 2
782 2
783 2
784 2
785 4
786 9
787 2
788 4
789 2
790 2
791 4
792 2
793 2
794 2
795 2
796 2
797 2
798 2
799 4
800 2
801 2
802 4
803 4
804 4
805 7
806 4
807 2
808 2
809 2
810 2
811 2
812 2
813 2
814 2
815 2
816 2
817 2
818 2
819 2
820 2
821 2
822 2
823 2
824 2
825 2
826 2
827 2
828 2
829 2
830 2
831 2
832 2
833 2
834 2
835 2
836 2
837 1
838 2
839 2
840 2
841 2
842 2
843 1
844 1
845 1
846 1
847 6
848 11
849 22
850 19
851 11
852 37
853 11
854 100
855 50
856 125
857 26
858 59
859 12
860 150
861 8
862 30
863 9
864 4
865 6
866 63
867 6
868 48
869 0
870 3
871 3
872 2
873 12
874 7
875 8
876 6
877 24
878 9
879 9
880 9
881 4
882 7
883 4
884 2
885 2
886 4
887 2
888 2
889 4
890 2
891 2
892 2
893 2
894 2
895 7
896 2
897 2
898 7
899 4
900 2
901 4
902 4
903 2
904 2
905 2
906 2
907 2
908 2
909 2
910 9
911 22
912 5
913 13
914 13
915 4
916 2
917 2
918 2
919 4
920 2
921 5
922 2
923 2
924 2
925 2
926 4
927 2
928 2
929 4
930 2
931 2
932 2
933 4
934 2
935 2
936 2
937 2
938 2
939 2
940 2
941 2
942 2
943 2
944 2
945 61
946 31
947 22
948 7
949 7
950 9
951 6
952 7
953 9
954 4
955 4
956 2
957 2
958 2
959 64
960 88
961 42
962 107
963 122
964 186
965 22
966 13
967 44
968 28
969 13
970 31
971 22
972 12
973 11
974 9
975 22
976 7
977 7
978 13
979 11
980 24
981 22
982 4
983 18
984 44
985 4
986 11
987 44
988 27
989 80
990 40
991 72
992 20
993 44
994 0
995 7
996 0
997 13
998 81
999 129
1000 265
1001 22
1002 53
1003 30
1004 18
1005 12
1006 9
1007 55
1008 9
1009 110
1010 49
1011 186
1012 55
1013 72
1014 86
1015 69
1016 59
1017 6
1018 24
1019 24
1020 0
1021 36
1022 19
1023 71
1024 95
1025 24
1026 24
1027 6
1028 9
1029 6
1030 5
1031 13
1032 6
1033 9
1034 14
1035 107
1036 9
1037 52
1038 36
1039 19
1040 12
1041 12
1042 14
1043 36
1044 265
1045 88
1046 133
1047 107
1048 107
1049 106
1050 133
1051 18
1052 59
1053 9
1054 7
1055 7
1056 4
1057 14
1058 52
1059 133
1060 133
1061 221
1062 29
1063 68
1064 79
1065 110
1066 90
1067 38
1068 28
1069 37
1070 4
1071 7
1072 4
1073 4
1074 2
1075 4
1076 14
1077 2
1078 22
1079 44
1080 8
1081 15
1082 39
1083 19
1084 28
1085 9
1086 7
1087 17
1088 22
1089 4
1090 4
1091 15
1092 9
1093 125
1094 18
1095 110
1096 45
1097 18
1098 20
1099 4
1100 6
1101 3
1102 31
1103 3
1104 14
1105 121
1106 22
1107 4
1108 9
1109 29
1110 15
1111 9
1112 18
1113 4
1114 1
1115 1
1116 0
1117 0
1118 4
1119 1
1120 2
1121 1
1122 1
1123 3
1124 1
1125 1
1126 16
1127 1
1128 7
1129 0
1130 1
1131 9
1132 1
1133 1
1134 1
1135 5
1136 1
1137 0
1138 1
1139 1
1140 1
1141 31
1142 25
1143 7
1144 24
1145 3
1146 3
1147 14
1148 9
1149 9
1150 12
1151 3
1152 9
1153 15
1154 5
1155 9
1156 7
1157 4
1158 4
1159 7
1160 5
1161 18
1162 3
1163 8
1164 6
1165 4
1166 2
1167 2
1168 2
1169 4
1170 4
1171 7
1172 2
1173 2
1174 2
1175 2
1176 4
1177 2
1178 2
1179 18
1180 4
1181 2
1182 0
1183 4
1184 9
1185 4
1186 4
1187 4
1188 7
1189 4
1190 2
1191 2
1192 2
1193 2
1194 4
1195 2
1196 2
1197 2
1198 2
1199 2
1200 2
1201 2
1202 2
1203 2
1204 2
1205 4
1206 2
1207 2
1208 2
1209 4
1210 2
1211 8
1212 2
1213 2
1214 2
1215 2
1216 2
1217 2
1218 4
1219 2
1220 2
1221 4
1222 4
1223 2
1224 2
1225 2
1226 2
1227 2
1228 2
1229 2
1230 2
1231 2
1232 2
1233 2
1234 2
1235 2
1236 4
1237 2
1238 2
1239 2
1240 2
1241 4
1242 2
1243 2
1244 4
1245 2
1246 2
1247 2
1248 4
1249 2
1250 7
1251 4
1252 4
1253 2
1254 2
1255 2
1256 2
1257 2
1258 2
1259 2
1260 4
1261 2
1262 2
1263 2
1264 2
1265 2
1266 2
1267 2
1268 2
1269 2
1270 2
1271 2
1272 2
1273 2
1274 2
1275 2
1276 2
1277 2
1278 2
1279 109
1280 219
1281 17
1282 75
1283 75
1284 176
1285 134
1286 109
1287 109
1288 90
1289 133
1290 133
1291 44
1292 79
1293 106
1294 99
1295 33
1296 35
1297 107
1298 88
1299 64
1300 168
1301 64
1302 168
1303 18
1304 19
1305 73
1306 109
1307 182
1308 146
1309 36
1310 10
1311 5
1312 26
1313 47
1314 13
1315 122
1316 73
1317 52
1318 59
1319 104
1320 55
1321 88
1322 88
1323 106
1324 22
1325 221
1326 221
1327 175
1328 215
1329 203
1330 119
1331 215
1332 90
1333 27
1334 90
1335 55
1336 265
1337 18
1338 7
1339 12
1340 12
1341 12
1342 13
1343 13
1344 103
1345 134
1346 84
1347 10
1348 2
1349 2
1350 13
1351 36
1352 2
1353 9
1354 2
1355 8
1356 11
1357 11
1358 3
1359 8
1360 0
1361 9
1362 4
1363 4
1364 22
1365 13
1366 22
1367 15
1368 16
1369 3
1370 90
1371 88
1372 53
1373 5
1374 4
1375 4
1376 5
1377 7
1378 4
1379 11
1380 11
1381 122
1382 38
1383 137
1384 44
1385 52
1386 44
1387 71
1388 23
1389 7
1390 9
1391 4
1392 12
1393 13
1394 2
1395 6
1396 40
1397 22
1398 133
1399 66
1400 14
1401 66
1402 33
1403 33
1404 11
1405 26
1406 126
1407 152
1408 143
1409 95
1410 32
1411 58
1412 20
1413 101
1414 186
1415 221
1416 72
;

param Ttarget := 
1 1 1000
2 1 1000
3 1 1000
4 1 1000
5 1 500
6 1 500
7 1 500
8 1 500
1 2 1000
2 2 1000
3 2 1000
4 2 1000
5 2 500
6 2 500
7 2 500
8 2 500
1 3 1000
2 3 1000
3 3 1000
4 3 1000
5 3 500
6 3 500
7 3 500
8 3 500
1 4 1000
2 4 1000
3 4 1000
4 4 1000
5 4 500
6 4 500
7 4 500
8 4 500
1 5 1000
2 5 1000
3 5 1000
4 5 1000
5 5 500
6 5 500
7 5 500
8 5 500
;

set Olgerdin := 
1 
2 
3 
4 
5 
6 
7 
8 
9 
10 
11 
12 
14 
15 
16 
17 
18 
19 
20 
21 
22 
64 
65 
67 
78 
79 
80 
81 
82 
83 
84 
85 
86 
87 
88 
89 
90 
91 
92 
93 
94 
95 
96 
97 
98 
99 
100 
101 
122 
125 
129 
130 
132 
142 
146 
147 
148 
149 
152 
153 
206 
210 
212 
266 
269 
271 
272 
281 
286 
287 
291 
292 
294 
300 
308 
309 
310 
313 
318 
326 
327 
328 
329 
330 
331 
332 
333 
337 
340 
341 
359 
371 
374 
377 
378 
380 
381 
397 
398 
444 
445 
446 
447 
481 
485 
486 
487 
492 
493 
494 
505 
506 
510 
511 
544 
554 
565 
571 
579 
591 
599 
616 
618 
621 
624 
655 
674 
675 
676 
677 
685 
692 
719 
720 
731 
734 
735 
736 
738 
745 
755 
756 
761 
763 
765 
770 
775 
776 
783 
805 
813 
814 
816 
822 
823 
824 
825 
829 
844 
846 
847 
848 
849 
850 
851 
852 
853 
854 
855 
856 
857 
858 
859 
860 
861 
862 
863 
864 
895 
941 
1184 
1185 
1197 
1201 
1206 
1238 
1268 
1269 
1270 
1271 
1279 
1280 
1281 
1282 
1283 
1284 
1285 
1286 
1287 
1288 
1289 
1290 
1291 
1292 
1293 
1294 
1295 
1296 
1297 
1298 
1299 
1300 
1301 
1302 
1303 
1379 
1380 
1381 
1382 
1383 
1384 
1385 
1386 
1387 
1388 
1389 
1390 
1391 
1392 
1393 
1394 
1395 
1396 
1397 
1398 
1399 
1400 
1401 
1402 
1403 
1404 
1405 
1406 
1407 
1408 
1409 
1410 
1411 
1412 
1413 
1414 
1415 
;
set Cola := 
13 
23 
24 
25 
26 
27 
28 
29 
77 
105 
143 
144 
145 
150 
151 
209 
231 
237 
238 
241 
251 
255 
299 
303 
316 
319 
320 
358 
373 
379 
385 
396 
399 
435 
474 
489 
507 
525 
526 
540 
541 
552 
572 
664 
686 
723 
790 
865 
866 
867 
868 
877 
943 
1236 
1304 
1305 
1306 
1307 
1308 
1309 
1312 
1313 
1314 
1344 
1345 
1346 
1360 
;
set Globus := 
154 
155 
156 
157 
158 
159 
160 
161 
162 
163 
164 
165 
166 
167 
168 
169 
170 
171 
172 
173 
174 
175 
176 
177 
178 
179 
180 
181 
182 
183 
184 
185 
186 
187 
188 
189 
190 
191 
192 
193 
194 
195 
196 
197 
198 
199 
200 
201 
202 
203 
204 
205 
213 
214 
215 
216 
217 
218 
219 
220 
221 
222 
273 
283 
296 
297 
321 
322 
324 
325 
334 
469 
470 
471 
472 
473 
569 
570 
576 
601 
622 
630 
633 
639 
640 
642 
646 
649 
650 
651 
653 
654 
658 
679 
681 
682 
691 
699 
728 
741 
742 
749 
754 
760 
766 
768 
771 
778 
779 
784 
786 
789 
794 
796 
797 
798 
801 
811 
812 
821 
835 
880 
888 
899 
903 
909 
929 
931 
932 
959 
960 
961 
962 
963 
964 
965 
966 
967 
968 
969 
970 
971 
972 
973 
974 
975 
976 
977 
978 
979 
980 
981 
982 
983 
984 
985 
986 
987 
988 
1070 
1176 
1179 
1182 
1183 
1187 
1189 
1198 
1224 
1229 
1237 
1241 
1242 
1243 
1246 
1248 
1249 
1259 
1264 
1339 
;
set Vintrio := 
71 
74 
353 
356 
363 
368 
436 
475 
476 
521 
522 
530 
535 
557 
566 
596 
598 
605 
631 
632 
660 
661 
670 
700 
718 
777 
841 
1007 
1008 
1009 
1010 
1011 
1012 
1013 
1036 
1037 
1038 
1039 
1040 
1041 
1042 
1043 
1052 
1186 
1218 
1221 
1223 
1245 
1318 
;
set Brugghusstedja := 
1315 
1316 
1317 
;
set Dista := 
61 
62 
68 
69 
118 
126 
131 
134 
135 
136 
137 
138 
139 
140 
141 
350 
355 
372 
382 
431 
443 
449 
480 
488 
546 
620 
625 
628 
636 
637 
647 
710 
711 
773 
774 
815 
837 
890 
892 
898 
994 
995 
998 
999 
1000 
1001 
1002 
1003 
1004 
1005 
1006 
1014 
1015 
1016 
1017 
1018 
1019 
1020 
1021 
1022 
1023 
1024 
1025 
1026 
1051 
1196 
1200 
1202 
1204 
1211 
1219 
1226 
1233 
;
set Bakkus := 
75 
256 
257 
258 
259 
260 
265 
428 
429 
430 
438 
439 
517 
518 
519 
520 
555 
559 
583 
590 
594 
597 
603 
606 
609 
652 
665 
667 
684 
687 
708 
713 
717 
730 
792 
831 
834 
839 
885 
886 
889 
891 
902 
921 
928 
935 
938 
1193 
1216 
1232 
1235 
1252 
1272 
1273 
1274 
1319 
1320 
1321 
1322 
1323 
1324 
1325 
1326 
1327 
1328 
1329 
1330 
1331 
1332 
1333 
1334 
1335 
1336 
1337 
1338 
1341 
;
set Mekka := 
72 
108 
117 
119 
128 
208 
211 
239 
262 
267 
268 
278 
285 
288 
293 
301 
305 
306 
307 
335 
336 
338 
342 
343 
344 
386 
387 
388 
389 
390 
391 
392 
393 
394 
395 
400 
401 
402 
403 
404 
405 
406 
407 
408 
409 
410 
411 
412 
413 
414 
415 
416 
417 
418 
419 
420 
421 
422 
423 
424 
425 
426 
427 
437 
477 
478 
479 
482 
484 
490 
495 
496 
497 
498 
499 
500 
501 
502 
503 
509 
512 
553 
563 
577 
634 
644 
659 
668 
669 
672 
673 
680 
683 
704 
724 
729 
732 
733 
739 
743 
746 
747 
748 
750 
757 
764 
769 
785 
787 
791 
795 
799 
803 
804 
809 
810 
843 
881 
882 
893 
897 
907 
908 
933 
934 
939 
1027 
1028 
1029 
1030 
1031 
1032 
1033 
1034 
1035 
1044 
1045 
1046 
1047 
1048 
1049 
1050 
1053 
1054 
1055 
1056 
1057 
1058 
1059 
1060 
1061 
1062 
1063 
1064 
1065 
1066 
1067 
1068 
1069 
1140 
1163 
1177 
1178 
1180 
1190 
1208 
1209 
1210 
1217 
1244 
1247 
1250 
1251 
1253 
1260 
1261 
1262 
1266 
1277 
1278 
;
set Eimskip := 
58 
59 
60 
124 
230 
234 
235 
236 
245 
246 
247 
248 
249 
250 
252 
253 
261 
263 
274 
275 
276 
277 
279 
280 
282 
284 
289 
290 
295 
302 
304 
311 
349 
357 
362 
364 
365 
367 
375 
383 
432 
450 
451 
508 
524 
529 
531 
534 
538 
539 
545 
561 
564 
567 
580 
595 
604 
610 
615 
619 
623 
626 
641 
645 
666 
671 
678 
688 
722 
725 
727 
740 
744 
753 
758 
759 
772 
780 
781 
793 
800 
802 
817 
818 
819 
826 
827 
830 
845 
894 
901 
904 
905 
920 
922 
923 
924 
925 
930 
936 
937 
940 
942 
944 
1071 
1072 
1073 
1074 
1075 
1076 
1077 
1078 
1082 
1083 
1084 
1085 
1087 
1088 
1089 
1090 
1091 
1092 
1093 
1094 
1095 
1096 
1097 
1098 
1099 
1104 
1107 
1108 
1109 
1110 
1111 
1112 
1113 
1114 
1115 
1116 
1117 
1118 
1119 
1120 
1121 
1122 
1123 
1124 
1125 
1126 
1127 
1128 
1129 
1130 
1131 
1132 
1133 
1134 
1135 
1136 
1137 
1138 
1139 
1143 
1173 
1175 
1181 
1188 
1194 
1199 
1220 
1222 
1239 
1240 
1254 
1265 
1348 
1349 
1350 
1351 
1352 
1353 
1354 
1355 
1356 
1357 
1369 
1370 
1371 
1372 
1373 
1374 
1375 
1376 
1377 
1378 
;
set Samskip := 
31 
32 
33 
34 
35 
36 
37 
38 
39 
40 
41 
42 
43 
44 
45 
46 
47 
48 
49 
50 
51 
52 
53 
54 
55 
56 
57 
63 
66 
70 
73 
76 
106 
107 
109 
110 
111 
112 
113 
114 
116 
120 
121 
123 
127 
133 
207 
223 
224 
225 
226 
227 
228 
229 
232 
240 
242 
243 
244 
254 
264 
270 
312 
314 
315 
317 
323 
339 
346 
347 
348 
352 
360 
361 
366 
370 
376 
384 
433 
434 
440 
441 
442 
448 
452 
453 
454 
455 
456 
457 
458 
459 
460 
461 
462 
464 
465 
466 
467 
468 
483 
491 
504 
513 
514 
515 
516 
532 
533 
536 
537 
542 
543 
550 
556 
558 
560 
562 
568 
573 
578 
581 
582 
584 
585 
586 
587 
588 
589 
592 
593 
600 
602 
607 
608 
611 
612 
613 
614 
617 
627 
629 
635 
638 
643 
648 
656 
657 
662 
663 
693 
694 
695 
696 
697 
698 
701 
702 
703 
705 
706 
709 
714 
715 
716 
721 
726 
737 
751 
752 
762 
767 
782 
788 
806 
807 
808 
820 
833 
836 
838 
840 
842 
869 
870 
871 
872 
873 
874 
875 
876 
878 
879 
883 
884 
887 
896 
900 
906 
910 
911 
912 
913 
914 
915 
916 
917 
918 
919 
926 
927 
945 
946 
947 
948 
949 
950 
951 
952 
953 
954 
955 
956 
957 
958 
989 
990 
991 
992 
993 
996 
997 
1079 
1080 
1081 
1086 
1100 
1101 
1102 
1103 
1105 
1141 
1142 
1145 
1146 
1147 
1148 
1149 
1150 
1152 
1153 
1154 
1155 
1156 
1157 
1158 
1159 
1160 
1161 
1162 
1164 
1165 
1166 
1167 
1168 
1169 
1170 
1171 
1172 
1174 
1191 
1192 
1195 
1203 
1205 
1212 
1213 
1215 
1225 
1227 
1228 
1230 
1231 
1255 
1256 
1257 
1263 
1267 
1275 
1310 
1311 
1340 
1342 
1343 
1358 
1359 
1361 
1362 
1363 
1364 
1365 
1366 
1367 
1368 
;
set Bannlisti := 
;
set Fixlisti := 
;
end;
