param S := 751;
param T := 8;
param D := 5;
param windowsize := 0;

param O := 
1 1
2 0
3 0
4 0
5 0
6 0
7 0
8 0
;

param EIM := 
1 0
2 0
3 0
4 0
5 0
6 0
7 1
8 0
;

param SAM := 
1 0
2 0
3 0
4 0
5 0
6 0
7 0
8 1
;

param A := 
1 3
2 88
3 221
4 40
5 81
6 15
7 84
8 28
9 32
10 67
11 5
12 9
13 37
14 6
15 9
16 5
17 6
18 16
19 9
20 35
21 11
22 13
23 19
24 12
25 52
26 88
27 36
28 129
29 128
30 146
31 43
32 91
33 18
34 28
35 46
36 31
37 36
38 60
39 40
40 11
41 5
42 6
43 2
44 6
45 25
46 27
47 8
48 108
49 35
50 26
51 18
52 14
53 1
54 2
55 4
56 24
57 2
58 10
59 14
60 6
61 14
62 6
63 10
64 18
65 1
66 5
67 6
68 12
69 10
70 4
71 18
72 12
73 18
74 20
75 36
76 6
77 5
78 194
79 13
80 24
81 129
82 106
83 86
84 129
85 22
86 21
87 0
88 42
89 11
90 53
91 44
92 88
93 322
94 31
95 18
96 265
97 4
98 9
99 9
100 44
101 2
102 18
103 27
104 13
105 20
106 21
107 7
108 5
109 5
110 9
111 28
112 24
113 59
114 5
115 9
116 13
117 13
118 12
119 20
120 30
121 46
122 11
123 23
124 3
125 1
126 3
127 1
128 0
129 1
130 2
131 1
132 3
133 8
134 12
135 45
136 18
137 14
138 14
139 14
140 18
141 18
142 7
143 9
144 47
145 129
146 336
147 106
148 96
149 36
150 107
151 18
152 0
153 11
154 182
155 109
156 91
157 75
158 25
159 5
160 401
161 62
162 240
163 162
164 244
165 52
166 317
167 14
168 10
169 268
170 61
171 134
172 26
173 63
174 14
175 109
176 43
177 109
178 36
179 10
180 0
181 73
182 7
183 3
184 3
185 4
186 21
187 36
188 22
189 88
190 88
191 17
192 23
193 7
194 9
195 52
196 42
197 106
198 115
199 88
200 133
201 215
202 98
203 179
204 86
205 4
206 17
207 13
208 2
209 0
210 32
211 76
212 35
213 36
214 22
215 13
216 11
217 53
218 12
219 10
220 6
221 7
222 53
223 53
224 133
225 106
226 129
227 90
228 9
229 133
230 52
231 86
232 44
233 9
234 13
235 133
236 133
237 133
238 115
239 12
240 22
241 2
242 4
243 24
244 9
245 7
246 7
247 9
248 9
249 9
250 13
251 2
252 13
253 9
254 7
255 13
256 8
257 8
258 4
259 4
260 2
261 4
262 22
263 4
264 2
265 12
266 9
267 86
268 3
269 5
270 2
271 24
272 7
273 1
274 1
275 16
276 6
277 25
278 16
279 66
280 12
281 9
282 2
283 2
284 22
285 4
286 7
287 18
288 4
289 5
290 9
291 7
292 9
293 12
294 18
295 33
296 99
297 22
298 19
299 28
300 18
301 13
302 0
303 51
304 267
305 24
306 97
307 23
308 182
309 55
310 219
311 146
312 104
313 113
314 14
315 10
316 96
317 113
318 106
319 42
320 14
321 33
322 3
323 3
324 2
325 159
326 474
327 127
328 84
329 63
330 146
331 12
332 4
333 0
334 64
335 146
336 107
337 88
338 150
339 86
340 106
341 221
342 186
343 133
344 122
345 52
346 12
347 1
348 22
349 76
350 1
351 11
352 27
353 96
354 18
355 27
356 53
357 80
358 11
359 186
360 53
361 72
362 30
363 16
364 2
365 13
366 11
367 27
368 21
369 27
370 9
371 11
372 13
373 21
374 32
375 2
376 4
377 2
378 4
379 2
380 2
381 12
382 11
383 9
384 14
385 37
386 13
387 4
388 14
389 53
390 72
391 88
392 88
393 215
394 358
395 44
396 72
397 11
398 35
399 7
400 19
401 9
402 5
403 11
404 13
405 17
406 0
407 25
408 13
409 0
410 9
411 14
412 1
413 8
414 58
415 4
416 3
417 1
418 0
419 0
420 33
421 14
422 18
423 9
424 13
425 90
426 5
427 12
428 9
429 20
430 4
431 5
432 1
433 20
434 8
435 8
436 1
437 12
438 48
439 48
440 24
441 2
442 44
443 21
444 18
445 14
446 18
447 4
448 28
449 10
450 4
451 10
452 25
453 0
454 0
455 125
456 201
457 11
458 11
459 10
460 11
461 1
462 1
463 1
464 95
465 27
466 44
467 101
468 137
469 18
470 13
471 7
472 33
473 158
474 80
475 5
476 30
477 40
478 101
479 40
480 156
481 101
482 12
483 47
484 27
485 18
486 29
487 16
488 144
489 38
490 88
491 179
492 177
493 13
494 18
495 5
496 2
497 9
498 46
499 37
500 2
501 25
502 24
503 27
504 18
505 80
506 88
507 42
508 46
509 40
510 2
511 4
512 154
513 267
514 0
515 5
516 6
517 3
518 9
519 7
520 12
521 4
522 1
523 1
524 1
525 17
526 6
527 18
528 11
529 2
530 147
531 107
532 36
533 64
534 4
535 5
536 18
537 9
538 9
539 21
540 12
541 7
542 17
543 7
544 18
545 142
546 8
547 34
548 22
549 83
550 22
551 27
552 11
553 67
554 18
555 80
556 5
557 55
558 22
559 21
560 110
561 72
562 44
563 40
564 44
565 40
566 44
567 7
568 8
569 13
570 3
571 12
572 0
573 0
574 1
575 6
576 52
577 43
578 24
579 48
580 71
581 52
582 10
583 2
584 107
585 129
586 265
587 2
588 86
589 39
590 40
591 32
592 46
593 0
594 5
595 6
596 17
597 10
598 2
599 137
600 231
601 42
602 110
603 265
604 333
605 86
606 179
607 38
608 107
609 106
610 265
611 9
612 7
613 2
614 9
615 59
616 23
617 32
618 6
619 34
620 84
621 55
622 35
623 9
624 185
625 72
626 36
627 139
628 90
629 179
630 106
631 110
632 18
633 11
634 25
635 13
636 7
637 13
638 14
639 18
640 9
641 18
642 9
643 5
644 18
645 13
646 7
647 13
648 9
649 13
650 13
651 4
652 110
653 55
654 5
655 11
656 21
657 8
658 18
659 28
660 5
661 7
662 15
663 4
664 24
665 11
666 21
667 14
668 7
669 9
670 18
671 34
672 13
673 13
674 13
675 4
676 4
677 7
678 12
679 24
680 0
681 24
682 3
683 3
684 96
685 177
686 134
687 182
688 146
689 134
690 12
691 50
692 50
693 124
694 0
695 221
696 47
697 47
698 158
699 36
700 81
701 162
702 96
703 107
704 106
705 2
706 63
707 6
708 32
709 106
710 292
711 56
712 109
713 182
714 52
715 73
716 146
717 158
718 265
719 107
720 107
721 122
722 358
723 86
724 129
725 52
726 0
727 82
728 27
729 13
730 8
731 11
732 18
733 18
734 9
735 18
736 5
737 19
738 12
739 15
740 28
741 3
742 30
743 0
744 9
745 14
746 1
747 5
748 7
749 1
750 1
751 1
;

param Ttarget := 
1 1 1000
2 1 1000
3 1 1000
4 1 1000
5 1 500
6 1 500
7 1 500
8 1 500
1 2 1000
2 2 1000
3 2 1000
4 2 1000
5 2 500
6 2 500
7 2 500
8 2 500
1 3 1000
2 3 1000
3 3 1000
4 3 1000
5 3 500
6 3 500
7 3 500
8 3 500
1 4 1000
2 4 1000
3 4 1000
4 4 1000
5 4 500
6 4 500
7 4 500
8 4 500
1 5 1000
2 5 1000
3 5 1000
4 5 1000
5 5 500
6 5 500
7 5 500
8 5 500
;

set Olgerdin := 
1 
2 
3 
4 
5 
6 
7 
8 
9 
10 
11 
12 
13 
142 
143 
144 
145 
146 
147 
148 
149 
150 
151 
152 
153 
154 
155 
156 
157 
158 
159 
160 
161 
162 
163 
164 
165 
166 
167 
168 
169 
170 
208 
303 
304 
305 
306 
307 
308 
309 
310 
311 
312 
313 
314 
315 
316 
317 
318 
319 
320 
321 
322 
323 
324 
325 
399 
453 
454 
455 
456 
457 
458 
459 
460 
463 
464 
465 
466 
467 
468 
469 
470 
471 
472 
473 
474 
475 
476 
477 
478 
479 
480 
481 
684 
685 
686 
687 
688 
689 
690 
691 
692 
693 
694 
695 
696 
697 
698 
699 
700 
701 
702 
703 
704 
;
set Cola := 
20 
21 
29 
30 
31 
32 
33 
34 
35 
36 
37 
38 
39 
40 
41 
42 
43 
44 
45 
171 
172 
173 
174 
175 
176 
177 
178 
179 
180 
181 
209 
326 
327 
328 
329 
330 
331 
332 
333 
400 
462 
482 
483 
484 
485 
486 
487 
488 
489 
490 
491 
492 
493 
494 
495 
496 
497 
498 
499 
500 
501 
502 
503 
504 
505 
506 
507 
508 
509 
510 
511 
512 
513 
514 
706 
708 
709 
710 
711 
712 
713 
714 
715 
;
set Globus := 
182 
183 
184 
185 
186 
187 
188 
189 
190 
191 
192 
193 
194 
195 
196 
197 
198 
199 
200 
201 
202 
203 
204 
205 
206 
207 
210 
211 
212 
213 
214 
215 
216 
217 
218 
219 
334 
335 
336 
337 
338 
339 
340 
341 
342 
343 
402 
437 
438 
439 
440 
441 
534 
535 
536 
537 
538 
539 
540 
541 
542 
543 
544 
545 
546 
547 
548 
549 
550 
551 
552 
553 
554 
555 
556 
557 
558 
559 
560 
561 
562 
563 
564 
565 
566 
567 
568 
569 
570 
571 
707 
717 
718 
719 
720 
721 
722 
723 
724 
726 
727 
;
set Vintrio := 
46 
47 
48 
49 
50 
345 
346 
347 
348 
349 
350 
351 
352 
353 
354 
355 
356 
357 
358 
359 
360 
361 
362 
401 
;
set Brugghusstedja := 
581 
582 
716 
;
set Dista := 
78 
79 
80 
81 
82 
83 
84 
85 
86 
87 
572 
573 
574 
575 
576 
577 
578 
579 
580 
584 
585 
586 
587 
588 
589 
590 
591 
592 
593 
;
set Bakkus := 
88 
89 
90 
91 
92 
93 
94 
95 
96 
97 
98 
99 
100 
101 
102 
103 
266 
382 
383 
384 
385 
386 
387 
388 
389 
390 
391 
392 
393 
394 
395 
396 
397 
652 
653 
664 
665 
725 
728 
;
set Mekka := 
220 
221 
222 
223 
224 
225 
226 
227 
228 
229 
230 
231 
232 
233 
234 
235 
236 
237 
238 
239 
240 
241 
594 
595 
596 
597 
598 
599 
600 
601 
602 
603 
604 
605 
606 
607 
608 
609 
610 
611 
612 
613 
;
set Eimskip := 
104 
105 
106 
107 
108 
109 
110 
111 
112 
113 
114 
115 
116 
117 
118 
119 
120 
121 
122 
123 
125 
126 
127 
128 
129 
130 
131 
132 
133 
134 
249 
250 
251 
252 
253 
254 
403 
404 
405 
406 
407 
410 
411 
412 
413 
414 
423 
424 
425 
426 
427 
428 
429 
430 
461 
614 
615 
616 
617 
618 
619 
620 
621 
622 
623 
624 
625 
626 
627 
628 
629 
630 
631 
632 
633 
634 
635 
636 
637 
638 
639 
640 
641 
642 
643 
644 
645 
646 
654 
655 
656 
657 
658 
659 
660 
661 
662 
663 
705 
732 
739 
740 
741 
742 
743 
744 
746 
747 
748 
749 
750 
;
set Samskip := 
14 
15 
16 
17 
18 
19 
22 
23 
24 
25 
26 
27 
28 
51 
52 
53 
54 
55 
56 
57 
58 
59 
60 
61 
62 
63 
64 
65 
66 
67 
68 
69 
70 
71 
72 
73 
74 
75 
76 
77 
124 
136 
137 
138 
139 
140 
141 
242 
245 
246 
247 
248 
255 
262 
263 
264 
265 
267 
268 
269 
270 
271 
272 
273 
274 
275 
276 
277 
278 
279 
280 
281 
282 
283 
284 
285 
286 
287 
288 
289 
290 
291 
292 
293 
294 
295 
296 
297 
298 
299 
300 
344 
363 
364 
365 
366 
367 
368 
369 
370 
371 
372 
373 
374 
375 
376 
377 
378 
379 
380 
381 
398 
408 
409 
415 
416 
417 
418 
419 
420 
421 
422 
442 
443 
444 
445 
446 
447 
448 
449 
450 
451 
452 
515 
516 
517 
518 
519 
520 
521 
522 
523 
524 
525 
526 
527 
528 
529 
530 
531 
532 
533 
583 
647 
648 
649 
650 
666 
667 
668 
669 
670 
671 
672 
673 
674 
675 
676 
677 
678 
679 
680 
681 
682 
729 
730 
731 
734 
735 
736 
737 
738 
;
set Bannlisti := 
;
set Fixlisti := 
;
end;
