param S := 684;
param T := 8;
param D := 5;
param windowsize := 0;

param O := 
1 1
2 0
3 0
4 0
5 0
6 0
7 0
8 0
;

param EIM := 
1 0
2 0
3 0
4 0
5 0
6 0
7 1
8 0
;

param SAM := 
1 0
2 0
3 0
4 0
5 0
6 0
7 0
8 1
;

param A := 
1 48
2 72
3 23
4 23
5 61
6 88
7 65
8 146
9 28
10 80
11 18
12 4
13 4
14 64
15 107
16 106
17 115
18 88
19 86
20 106
21 371
22 88
23 133
24 121
25 74
26 52
27 14
28 143
29 9
30 72
31 21
32 66
33 69
34 12
35 1
36 4
37 7
38 150
39 110
40 36
41 39
42 9
43 8
44 2
45 18
46 7
47 3
48 18
49 22
50 9
51 9
52 22
53 9
54 4
55 9
56 11
57 2
58 13
59 18
60 2
61 18
62 7
63 8
64 11
65 4
66 2
67 5
68 4
69 257
70 129
71 107
72 9
73 53
74 133
75 398
76 53
77 85
78 53
79 53
80 53
81 133
82 86
83 106
84 133
85 62
86 66
87 12
88 169
89 11
90 28
91 110
92 27
93 18
94 40
95 13
96 301
97 2
98 42
99 18
100 5
101 4
102 4
103 9
104 22
105 11
106 135
107 18
108 13
109 1
110 2
111 1
112 40
113 2
114 1
115 12
116 1
117 0
118 7
119 7
120 22
121 7
122 4
123 4
124 6
125 9
126 7
127 2
128 4
129 4
130 8
131 44
132 7
133 18
134 9
135 9
136 9
137 14
138 36
139 28
140 24
141 14
142 3
143 28
144 28
145 28
146 20
147 12
148 24
149 24
150 48
151 96
152 24
153 12
154 2
155 4
156 2
157 8
158 14
159 33
160 18
161 5
162 14
163 20
164 7
165 4
166 4
167 18
168 22
169 29
170 23
171 9
172 11
173 40
174 1
175 5
176 1
177 1
178 4
179 27
180 13
181 32
182 6
183 32
184 3
185 3
186 37
187 3
188 1
189 1
190 9
191 9
192 9
193 4
194 8
195 9
196 6
197 17
198 24
199 9
200 28
201 28
202 9
203 8
204 17
205 14
206 9
207 13
208 42
209 28
210 9
211 37
212 9
213 5
214 9
215 44
216 124
217 133
218 424
219 133
220 107
221 61
222 37
223 47
224 94
225 152
226 76
227 51
228 219
229 28
230 46
231 27
232 30
233 42
234 16
235 80
236 12
237 12
238 62
239 80
240 84
241 79
242 49
243 51
244 21
245 8
246 70
247 73
248 474
249 19
250 6
251 65
252 39
253 4
254 24
255 18
256 36
257 0
258 10
259 12
260 9
261 4
262 18
263 152
264 24
265 4
266 9
267 152
268 76
269 80
270 133
271 386
272 0
273 10
274 55
275 1
276 11
277 39
278 12
279 17
280 5
281 129
282 12
283 20
284 40
285 8
286 33
287 22
288 11
289 59
290 12
291 134
292 13
293 11
294 7
295 64
296 44
297 107
298 97
299 14
300 19
301 69
302 43
303 17
304 36
305 59
306 59
307 52
308 8
309 74
310 30
311 16
312 2
313 36
314 43
315 17
316 15
317 18
318 2
319 60
320 7
321 27
322 22
323 22
324 82
325 53
326 0
327 9
328 36
329 88
330 21
331 48
332 7
333 108
334 126
335 2
336 7
337 7
338 3
339 3
340 14
341 46
342 9
343 18
344 28
345 9
346 23
347 18
348 39
349 16
350 19
351 4
352 4
353 13
354 13
355 4
356 10
357 2
358 14
359 9
360 3
361 35
362 152
363 42
364 66
365 15
366 27
367 51
368 45
369 4
370 30
371 326
372 4
373 4
374 8
375 17
376 121
377 24
378 4
379 5
380 8
381 17
382 2
383 86
384 13
385 44
386 13
387 42
388 4
389 200
390 5
391 875
392 134
393 182
394 26
395 78
396 35
397 24
398 7
399 32
400 1
401 6
402 8
403 61
404 6
405 133
406 4
407 4
408 5
409 4
410 21
411 5
412 13
413 4
414 4
415 13
416 23
417 9
418 12
419 4
420 5
421 37
422 37
423 9
424 9
425 5
426 9
427 20
428 110
429 14
430 13
431 7
432 8
433 4
434 7
435 14
436 3
437 20
438 15
439 31
440 22
441 2
442 7
443 11
444 46
445 7
446 9
447 4
448 6
449 0
450 4
451 16
452 8
453 3
454 13
455 4
456 9
457 9
458 24
459 1
460 35
461 14
462 13
463 0
464 2
465 1
466 4
467 0
468 2
469 27
470 13
471 13
472 27
473 21
474 21
475 2
476 2
477 4
478 6
479 4
480 21
481 76
482 134
483 24
484 16
485 219
486 91
487 11
488 50
489 146
490 11
491 474
492 4
493 100
494 9
495 9
496 9
497 9
498 110
499 30
500 7
501 100
502 55
503 11
504 27
505 172
506 34
507 18
508 2
509 11
510 13
511 0
512 4
513 27
514 4
515 49
516 107
517 4
518 18
519 10
520 10
521 6
522 10
523 4
524 32
525 3
526 3
527 3
528 18
529 9
530 106
531 74
532 4
533 22
534 9
535 4
536 5
537 7
538 4
539 60
540 10
541 30
542 28
543 34
544 14
545 15
546 12
547 90
548 129
549 106
550 53
551 53
552 53
553 106
554 106
555 333
556 150
557 4
558 4
559 2
560 9
561 2
562 44
563 44
564 13
565 18
566 107
567 88
568 150
569 133
570 35
571 106
572 106
573 88
574 222
575 38
576 43
577 94
578 231
579 52
580 50
581 5
582 3
583 11
584 9
585 22
586 9
587 5
588 13
589 6
590 5
591 173
592 13
593 33
594 18
595 5
596 19
597 7
598 19
599 11
600 43
601 4
602 66
603 5
604 49
605 4
606 13
607 44
608 65
609 65
610 2
611 88
612 68
613 20
614 9
615 8
616 9
617 13
618 7
619 7
620 13
621 9
622 7
623 11
624 11
625 9
626 9
627 8
628 12
629 0
630 8
631 24
632 28
633 42
634 14
635 7
636 9
637 194
638 26
639 43
640 11
641 182
642 36
643 134
644 9
645 100
646 55
647 146
648 46
649 13
650 73
651 1
652 1
653 1
654 0
655 0
656 13
657 22
658 4
659 13
660 31
661 22
662 4
663 6
664 3
665 3
666 3
667 32
668 12
669 3
670 1
671 0
672 0
673 0
674 0
675 3
676 24
677 4
678 14
679 127
680 109
681 6
682 146
683 63
684 51
;

param Ttarget := 
1 1 1000
2 1 1000
3 1 1000
4 1 1000
5 1 500
6 1 500
7 1 500
8 1 500
1 2 1000
2 2 1000
3 2 1000
4 2 1000
5 2 500
6 2 500
7 2 500
8 2 500
1 3 1000
2 3 1000
3 3 1000
4 3 1000
5 3 500
6 3 500
7 3 500
8 3 500
1 4 1000
2 4 1000
3 4 1000
4 4 1000
5 4 500
6 4 500
7 4 500
8 4 500
1 5 1000
2 5 1000
3 5 1000
4 5 1000
5 5 500
6 5 500
7 5 500
8 5 500
;

set Olgerdin := 
199 
200 
201 
202 
203 
204 
205 
206 
207 
208 
209 
210 
211 
212 
213 
214 
215 
216 
217 
218 
219 
220 
221 
222 
223 
224 
225 
226 
227 
228 
229 
230 
231 
232 
233 
234 
235 
236 
237 
238 
239 
240 
241 
242 
243 
244 
245 
246 
247 
371 
391 
392 
393 
394 
481 
482 
483 
484 
485 
486 
487 
488 
489 
490 
637 
638 
639 
640 
641 
642 
643 
644 
645 
646 
647 
648 
649 
650 
651 
655 
656 
657 
659 
661 
669 
671 
673 
674 
;
set Cola := 
1 
2 
3 
4 
6 
7 
8 
9 
10 
11 
12 
13 
248 
253 
491 
652 
653 
654 
663 
664 
672 
675 
679 
680 
681 
682 
683 
;
set Globus := 
14 
15 
16 
17 
18 
19 
20 
21 
22 
23 
24 
25 
26 
27 
28 
29 
30 
31 
32 
44 
45 
46 
47 
48 
49 
50 
51 
52 
53 
54 
55 
56 
57 
58 
59 
60 
61 
62 
63 
64 
65 
66 
67 
68 
147 
148 
149 
150 
151 
152 
153 
154 
155 
281 
282 
283 
284 
285 
495 
496 
501 
502 
503 
504 
505 
660 
678 
;
set Vintrio := 
33 
34 
35 
36 
37 
38 
39 
40 
41 
42 
43 
286 
287 
288 
493 
494 
497 
498 
499 
500 
506 
507 
636 
;
set Brugghusstedja := 
249 
250 
251 
252 
;
set Dista := 
69 
70 
289 
290 
291 
292 
293 
294 
295 
296 
297 
298 
299 
300 
301 
302 
303 
304 
305 
306 
307 
308 
309 
310 
311 
312 
313 
591 
665 
;
set Bakkus := 
96 
97 
172 
314 
315 
316 
317 
318 
319 
320 
321 
322 
323 
324 
325 
326 
327 
328 
329 
515 
516 
517 
518 
524 
602 
658 
662 
;
set Mekka := 
71 
72 
73 
74 
75 
76 
77 
78 
79 
80 
81 
82 
83 
84 
85 
86 
87 
88 
89 
90 
91 
92 
93 
94 
99 
100 
169 
170 
528 
530 
531 
532 
533 
534 
535 
536 
537 
538 
548 
549 
550 
551 
552 
553 
554 
555 
556 
557 
558 
559 
560 
561 
562 
563 
564 
565 
566 
567 
568 
569 
570 
571 
572 
573 
574 
575 
576 
577 
578 
579 
580 
581 
584 
585 
586 
587 
588 
589 
600 
676 
677 
;
set Eimskip := 
106 
112 
113 
130 
132 
133 
134 
135 
136 
156 
157 
159 
167 
168 
340 
341 
342 
343 
344 
345 
346 
347 
348 
349 
350 
351 
352 
353 
354 
355 
356 
357 
358 
359 
360 
361 
362 
363 
364 
365 
366 
367 
368 
369 
370 
372 
373 
374 
375 
376 
377 
378 
379 
380 
381 
382 
383 
384 
385 
386 
387 
388 
389 
390 
395 
396 
397 
398 
399 
400 
401 
404 
405 
406 
407 
408 
409 
410 
411 
412 
413 
414 
416 
417 
418 
419 
420 
421 
422 
423 
424 
425 
426 
427 
428 
429 
430 
431 
432 
433 
434 
435 
444 
445 
446 
447 
448 
449 
450 
451 
452 
453 
475 
476 
477 
478 
479 
582 
583 
599 
601 
607 
;
set Samskip := 
5 
95 
98 
103 
104 
105 
107 
108 
109 
110 
111 
114 
115 
116 
117 
118 
119 
120 
121 
122 
123 
124 
125 
126 
131 
137 
138 
139 
140 
141 
142 
143 
144 
145 
146 
158 
160 
171 
173 
174 
175 
176 
177 
178 
179 
180 
181 
182 
183 
184 
185 
186 
187 
188 
189 
190 
191 
192 
193 
194 
195 
196 
197 
198 
254 
255 
256 
257 
258 
259 
260 
261 
262 
263 
264 
265 
266 
267 
268 
269 
270 
271 
274 
275 
276 
277 
278 
279 
280 
330 
331 
332 
333 
334 
335 
336 
337 
338 
339 
402 
403 
415 
437 
438 
439 
440 
441 
454 
455 
456 
457 
458 
469 
470 
471 
472 
473 
474 
492 
508 
509 
510 
511 
512 
513 
519 
520 
521 
522 
523 
525 
526 
527 
529 
539 
540 
541 
542 
543 
544 
545 
546 
547 
590 
592 
593 
594 
595 
596 
597 
598 
603 
604 
605 
606 
610 
611 
613 
614 
615 
616 
617 
618 
619 
620 
621 
622 
623 
624 
625 
626 
627 
628 
629 
630 
631 
632 
633 
634 
666 
667 
670 
;
set Bannlisti := 
;
set Fixlisti := 
;
end;
