param S := 692;
param T := 8;
param D := 5;
param windowsize := 0;

param O := 
1 1
2 0
3 0
4 0
5 0
6 0
7 0
8 0
;

param EIM := 
1 0
2 0
3 0
4 0
5 0
6 0
7 1
8 0
;

param SAM := 
1 0
2 0
3 0
4 0
5 0
6 0
7 0
8 1
;

param A := 
1 12
2 169
3 146
4 26
5 0
6 0
7 5
8 6
9 4
10 9
11 4
12 17
13 9
14 19
15 4
16 4
17 9
18 4
19 64
20 52
21 222
22 42
23 0
24 0
25 86
26 141
27 150
28 150
29 86
30 86
31 107
32 98
33 107
34 179
35 187
36 86
37 186
38 166
39 22
40 8
41 18
42 68
43 27
44 21
45 44
46 44
47 44
48 62
49 83
50 88
51 24
52 61
53 71
54 38
55 88
56 22
57 13
58 35
59 22
60 13
61 13
62 8
63 18
64 13
65 8
66 0
67 4
68 4
69 4
70 59
71 44
72 44
73 18
74 9
75 7
76 21
77 38
78 6
79 13
80 22
81 11
82 15
83 4
84 69
85 2
86 3
87 2
88 6
89 9
90 9
91 5
92 129
93 123
94 62
95 72
96 106
97 86
98 86
99 106
100 133
101 107
102 61
103 249
104 18
105 45
106 141
107 115
108 34
109 179
110 90
111 100
112 28
113 107
114 7
115 50
116 22
117 38
118 53
119 27
120 4
121 2
122 9
123 9
124 5
125 12
126 27
127 88
128 4
129 9
130 3
131 44
132 24
133 4
134 7
135 4
136 24
137 20
138 12
139 22
140 13
141 8
142 2
143 4
144 4
145 20
146 18
147 22
148 13
149 7
150 35
151 4
152 21
153 31
154 11
155 16
156 36
157 22
158 4
159 24
160 88
161 4
162 7
163 5
164 4
165 24
166 8
167 66
168 9
169 72
170 4
171 18
172 99
173 18
174 13
175 9
176 11
177 13
178 9
179 15
180 9
181 221
182 55
183 4
184 268
185 110
186 20
187 54
188 7
189 54
190 51
191 8
192 5
193 14
194 51
195 18
196 5
197 9
198 9
199 4
200 4
201 4
202 7
203 4
204 7
205 4
206 9
207 4
208 0
209 4
210 8
211 4
212 4
213 6
214 35
215 5
216 22
217 22
218 9
219 19
220 11
221 20
222 16
223 23
224 46
225 130
226 31
227 36
228 88
229 27
230 46
231 40
232 17
233 14
234 5
235 3
236 5
237 4
238 7
239 9
240 0
241 16
242 2
243 63
244 3
245 0
246 59
247 9
248 8
249 2
250 1
251 19
252 89
253 24
254 12
255 43
256 69
257 9
258 28
259 24
260 12
261 8
262 2
263 12
264 11
265 75
266 18
267 7
268 4
269 2
270 5
271 4
272 2
273 4
274 5
275 2
276 32
277 28
278 4
279 9
280 4
281 2
282 0
283 11
284 14
285 4
286 14
287 11
288 3
289 27
290 22
291 12
292 3
293 3
294 6
295 2
296 2
297 11
298 15
299 8
300 11
301 4
302 1
303 6
304 14
305 23
306 10
307 19
308 2
309 4
310 15
311 9
312 9
313 2
314 61
315 7
316 61
317 19
318 26
319 55
320 65
321 10
322 19
323 22
324 4
325 12
326 7
327 12
328 1
329 14
330 28
331 7
332 7
333 2
334 7
335 3
336 0
337 2
338 9
339 17
340 4
341 15
342 46
343 2
344 24
345 1
346 0
347 24
348 3
349 1
350 1
351 0
352 3
353 1
354 12
355 12
356 12
357 48
358 48
359 2
360 28
361 8
362 9
363 16
364 9
365 2
366 4
367 5
368 3
369 4
370 3
371 30
372 30
373 30
374 30
375 30
376 62
377 12
378 32
379 11
380 24
381 49
382 11
383 1
384 54
385 2
386 5
387 5
388 5
389 17
390 17
391 109
392 125
393 91
394 109
395 109
396 73
397 109
398 84
399 73
400 95
401 36
402 56
403 73
404 51
405 129
406 18
407 13
408 2
409 4
410 4
411 4
412 23
413 2
414 2
415 2
416 17
417 4
418 23
419 44
420 11
421 44
422 36
423 22
424 88
425 0
426 133
427 122
428 88
429 133
430 39
431 2
432 11
433 22
434 11
435 31
436 4
437 4
438 7
439 13
440 4
441 27
442 9
443 4
444 2
445 21
446 4
447 7
448 9
449 8
450 13
451 4
452 12
453 8
454 13
455 18
456 3
457 5
458 6
459 49
460 137
461 110
462 110
463 107
464 106
465 265
466 44
467 46
468 68
469 66
470 38
471 106
472 29
473 221
474 27
475 44
476 160
477 141
478 36
479 46
480 125
481 28
482 23
483 2
484 4
485 7
486 13
487 18
488 5
489 4
490 7
491 7
492 99
493 22
494 2
495 2
496 9
497 2
498 13
499 4
500 1
501 2
502 4
503 9
504 0
505 0
506 4
507 6
508 3
509 12
510 1
511 17
512 11
513 36
514 5
515 18
516 46
517 28
518 9
519 9
520 27
521 181
522 18
523 4
524 31
525 46
526 1
527 28
528 4
529 18
530 11
531 21
532 22
533 4
534 4
535 13
536 7
537 5
538 4
539 15
540 8
541 9
542 1
543 1
544 3
545 7
546 7
547 11
548 4
549 9
550 1
551 9
552 4
553 4
554 0
555 2
556 4
557 4
558 1
559 2
560 13
561 9
562 2
563 13
564 7
565 6
566 11
567 2
568 13
569 88
570 2
571 24
572 12
573 4
574 21
575 35
576 12
577 9
578 42
579 7
580 68
581 8
582 2
583 243
584 36
585 73
586 36
587 9
588 75
589 100
590 24
591 12
592 106
593 47
594 146
595 62
596 49
597 144
598 162
599 81
600 158
601 158
602 106
603 182
604 69
605 148
606 1
607 0
608 2
609 2
610 2
611 2
612 106
613 77
614 97
615 86
616 5
617 9
618 24
619 2
620 11
621 12
622 106
623 107
624 7
625 114
626 23
627 13
628 7
629 44
630 53
631 22
632 18
633 9
634 9
635 18
636 9
637 10
638 11
639 4
640 2
641 18
642 7
643 4
644 28
645 24
646 4
647 9
648 9
649 7
650 2
651 8
652 2
653 60
654 152
655 4
656 2
657 3
658 15
659 2
660 8
661 8
662 2
663 2
664 5
665 7
666 7
667 27
668 12
669 13
670 9
671 2
672 4
673 8
674 7
675 23
676 10
677 36
678 22
679 1
680 4
681 2
682 73
683 55
684 5
685 5
686 61
687 61
688 56
689 1
690 3
691 12
692 47
;

param Ttarget := 
1 1 1000
2 1 1000
3 1 1000
4 1 1000
5 1 500
6 1 500
7 1 500
8 1 500
1 2 1000
2 2 1000
3 2 1000
4 2 1000
5 2 500
6 2 500
7 2 500
8 2 500
1 3 1000
2 3 1000
3 3 1000
4 3 1000
5 3 500
6 3 500
7 3 500
8 3 500
1 4 1000
2 4 1000
3 4 1000
4 4 1000
5 4 500
6 4 500
7 4 500
8 4 500
1 5 1000
2 5 1000
3 5 1000
4 5 1000
5 5 500
6 5 500
7 5 500
8 5 500
;

set Olgerdin := 
181 
182 
183 
184 
185 
186 
187 
188 
189 
190 
191 
192 
193 
194 
195 
196 
197 
198 
199 
200 
201 
202 
203 
204 
205 
206 
207 
208 
209 
210 
211 
212 
213 
383 
384 
385 
386 
387 
388 
389 
390 
391 
392 
393 
394 
395 
584 
585 
586 
587 
588 
589 
590 
591 
592 
593 
594 
595 
596 
597 
598 
599 
600 
601 
602 
606 
608 
616 
617 
676 
677 
678 
679 
680 
681 
682 
683 
684 
685 
686 
687 
688 
689 
;
set Cola := 
1 
2 
3 
4 
5 
6 
7 
214 
215 
222 
223 
224 
225 
226 
227 
228 
229 
230 
231 
232 
234 
235 
236 
237 
238 
239 
240 
241 
243 
396 
397 
398 
399 
400 
401 
402 
403 
404 
603 
604 
605 
618 
619 
690 
691 
;
set Globus := 
10 
11 
12 
13 
14 
15 
16 
17 
18 
19 
20 
21 
22 
23 
24 
25 
26 
27 
28 
29 
30 
31 
32 
33 
34 
35 
36 
37 
38 
39 
40 
41 
42 
43 
44 
45 
46 
47 
48 
49 
50 
51 
52 
53 
54 
55 
56 
57 
58 
59 
60 
61 
62 
63 
64 
65 
66 
67 
68 
69 
70 
71 
72 
73 
74 
75 
76 
77 
78 
79 
80 
81 
82 
83 
354 
355 
356 
357 
358 
359 
416 
417 
418 
419 
420 
421 
422 
423 
424 
425 
426 
427 
428 
429 
440 
441 
442 
443 
444 
445 
446 
447 
448 
449 
450 
451 
452 
453 
454 
612 
613 
614 
615 
622 
623 
624 
625 
626 
627 
628 
629 
630 
631 
632 
633 
634 
635 
636 
637 
638 
639 
640 
641 
642 
;
set Vintrio := 
242 
244 
245 
246 
247 
248 
249 
250 
432 
433 
434 
435 
436 
437 
438 
439 
455 
620 
;
set Brugghusstedja := 
8 
;
set Dista := 
251 
252 
253 
254 
255 
256 
257 
258 
259 
260 
261 
262 
263 
;
set Bakkus := 
84 
85 
86 
87 
144 
156 
157 
158 
159 
160 
161 
162 
163 
164 
264 
265 
266 
267 
268 
269 
270 
271 
272 
273 
274 
275 
276 
277 
278 
279 
280 
281 
569 
643 
;
set Mekka := 
88 
89 
90 
91 
92 
93 
94 
95 
96 
97 
98 
99 
100 
101 
102 
103 
104 
105 
106 
107 
108 
109 
110 
111 
112 
113 
114 
115 
116 
117 
118 
119 
120 
121 
122 
123 
124 
125 
126 
127 
128 
129 
130 
131 
165 
456 
457 
458 
459 
460 
461 
462 
463 
464 
465 
466 
467 
468 
469 
470 
471 
472 
473 
474 
475 
476 
477 
478 
479 
480 
481 
482 
483 
484 
485 
486 
487 
;
set Eimskip := 
137 
138 
139 
140 
141 
142 
143 
170 
282 
283 
284 
285 
286 
287 
288 
289 
290 
297 
298 
303 
304 
305 
306 
307 
308 
309 
310 
313 
314 
315 
316 
317 
318 
319 
320 
321 
322 
335 
336 
337 
338 
339 
340 
341 
342 
348 
349 
350 
351 
352 
353 
364 
365 
366 
367 
368 
369 
370 
371 
372 
373 
374 
375 
376 
377 
378 
379 
380 
381 
382 
490 
491 
492 
493 
494 
495 
496 
497 
498 
499 
500 
501 
502 
503 
504 
505 
506 
507 
508 
509 
510 
511 
512 
513 
514 
515 
516 
517 
518 
519 
520 
521 
522 
523 
527 
528 
529 
530 
531 
532 
533 
534 
535 
536 
537 
538 
539 
540 
541 
547 
548 
549 
550 
551 
552 
553 
554 
555 
556 
557 
558 
559 
560 
561 
563 
564 
565 
566 
567 
568 
570 
573 
607 
621 
644 
664 
;
set Samskip := 
132 
133 
134 
135 
136 
145 
146 
147 
148 
149 
150 
151 
152 
153 
154 
155 
167 
168 
169 
171 
172 
173 
174 
175 
176 
177 
178 
179 
180 
216 
217 
218 
219 
220 
221 
291 
292 
293 
294 
295 
296 
299 
300 
301 
302 
311 
312 
325 
326 
327 
328 
329 
330 
331 
332 
333 
334 
343 
344 
345 
346 
347 
405 
406 
407 
408 
409 
410 
411 
412 
413 
414 
415 
430 
431 
542 
543 
544 
545 
546 
562 
571 
572 
574 
575 
576 
577 
578 
579 
580 
581 
582 
609 
610 
611 
645 
646 
647 
648 
649 
650 
651 
652 
653 
654 
655 
656 
657 
658 
659 
660 
661 
662 
663 
668 
669 
670 
671 
672 
674 
;
set Bannlisti := 
;
set Fixlisti := 
;
end;
