param S := 427;
param T := 8;
param D := 5;
param windowsize := 0;

param O := 
1 1
2 0
3 0
4 0
5 0
6 0
7 0
8 0
;

param EIM := 
1 0
2 0
3 0
4 0
5 0
6 0
7 1
8 0
;

param SAM := 
1 0
2 0
3 0
4 0
5 0
6 0
7 0
8 1
;

param A := 
1 113
2 13
3 48
4 30
5 77
6 79
7 44
8 11
9 5
10 4
11 4
12 17
13 5
14 3
15 12
16 23
17 148
18 182
19 91
20 19
21 13
22 4
23 9
24 4
25 68
26 72
27 4
28 13
29 27
30 4
31 0
32 3
33 8
34 9
35 18
36 27
37 21
38 0
39 4
40 4
41 4
42 2
43 1
44 26
45 9
46 2
47 9
48 4
49 22
50 12
51 2
52 14
53 4
54 8
55 72
56 44
57 40
58 177
59 72
60 106
61 25
62 2
63 51
64 9
65 4
66 4
67 11
68 2
69 5
70 4
71 12
72 18
73 22
74 88
75 36
76 88
77 9
78 0
79 9
80 20
81 8
82 0
83 3
84 0
85 10
86 49
87 9
88 7
89 30
90 7
91 4
92 7
93 18
94 18
95 3
96 12
97 1
98 1
99 20
100 7
101 5
102 4
103 4
104 3
105 3
106 8
107 36
108 0
109 2
110 2
111 10
112 14
113 12
114 14
115 12
116 2
117 28
118 28
119 8
120 5
121 14
122 30
123 48
124 48
125 12
126 2
127 8
128 8
129 14
130 108
131 201
132 27
133 13
134 7
135 22
136 4
137 65
138 6
139 61
140 68
141 7
142 3
143 4
144 25
145 1
146 12
147 12
148 25
149 75
150 36
151 107
152 122
153 22
154 9
155 50
156 12
157 55
158 25
159 5
160 61
161 134
162 109
163 106
164 63
165 6
166 134
167 39
168 182
169 27
170 257
171 3
172 26
173 1
174 4
175 5
176 4
177 9
178 48
179 2
180 12
181 26
182 86
183 24
184 12
185 36
186 9
187 35
188 129
189 44
190 22
191 22
192 54
193 86
194 53
195 18
196 6
197 5
198 9
199 0
200 265
201 107
202 106
203 411
204 47
205 37
206 11
207 0
208 10
209 18
210 2
211 9
212 9
213 11
214 0
215 0
216 0
217 115
218 141
219 45
220 0
221 222
222 15
223 95
224 74
225 31
226 122
227 6
228 2
229 7
230 27
231 91
232 0
233 5
234 3
235 135
236 122
237 46
238 23
239 21
240 139
241 25
242 20
243 27
244 26
245 10
246 18
247 18
248 0
249 18
250 7
251 12
252 9
253 90
254 14
255 4
256 9
257 44
258 56
259 27
260 55
261 55
262 110
263 14
264 110
265 2
266 8
267 7
268 17
269 11
270 5
271 7
272 7
273 17
274 14
275 5
276 18
277 2
278 4
279 3
280 6
281 9
282 2
283 9
284 18
285 18
286 31
287 4
288 18
289 29
290 55
291 17
292 185
293 13
294 14
295 18
296 46
297 4
298 2
299 0
300 10
301 3
302 1
303 8
304 1
305 5
306 162
307 61
308 81
309 9
310 5
311 73
312 49
313 12
314 1
315 4
316 1
317 4
318 133
319 3
320 13
321 2
322 2
323 4
324 6
325 2
326 12
327 9
328 12
329 95
330 137
331 150
332 166
333 77
334 64
335 265
336 162
337 162
338 0
339 502
340 182
341 267
342 22
343 0
344 30
345 46
346 14
347 24
348 122
349 73
350 25
351 18
352 9
353 12
354 156
355 1
356 91
357 84
358 42
359 51
360 182
361 19
362 0
363 13
364 13
365 73
366 52
367 292
368 29
369 129
370 88
371 265
372 212
373 88
374 177
375 358
376 66
377 88
378 51
379 5
380 4
381 7
382 22
383 110
384 22
385 2
386 4
387 6
388 3
389 12
390 12
391 18
392 18
393 36
394 7
395 2
396 18
397 6
398 14
399 4
400 6
401 12
402 7
403 3
404 53
405 36
406 27
407 27
408 7
409 13
410 27
411 18
412 27
413 24
414 50
415 73
416 100
417 91
418 16
419 40
420 4
421 8
422 2
423 8
424 37
425 15
426 14
427 28
;

param Ttarget := 
1 1 1000
2 1 1000
3 1 1000
4 1 1000
5 1 500
6 1 500
7 1 500
8 1 500
1 2 1000
2 2 1000
3 2 1000
4 2 1000
5 2 500
6 2 500
7 2 500
8 2 500
1 3 1000
2 3 1000
3 3 1000
4 3 1000
5 3 500
6 3 500
7 3 500
8 3 500
1 4 1000
2 4 1000
3 4 1000
4 4 1000
5 4 500
6 4 500
7 4 500
8 4 500
1 5 1000
2 5 1000
3 5 1000
4 5 1000
5 5 500
6 5 500
7 5 500
8 5 500
;

set Olgerdin := 
1 
2 
3 
4 
5 
6 
7 
8 
42 
131 
150 
151 
152 
153 
154 
155 
156 
157 
158 
159 
160 
161 
162 
195 
338 
339 
340 
341 
342 
343 
344 
345 
346 
347 
348 
349 
350 
351 
352 
353 
354 
355 
362 
368 
414 
415 
416 
417 
418 
419 
420 
421 
422 
423 
424 
425 
426 
;
set Cola := 
9 
10 
11 
12 
13 
14 
15 
16 
17 
18 
19 
20 
25 
26 
27 
28 
29 
30 
31 
32 
33 
34 
134 
163 
164 
165 
166 
167 
168 
178 
356 
357 
358 
359 
360 
361 
378 
;
set Globus := 
45 
46 
47 
48 
49 
50 
51 
52 
53 
54 
56 
57 
58 
59 
60 
61 
62 
63 
64 
65 
66 
67 
68 
69 
70 
123 
124 
125 
126 
369 
370 
371 
372 
373 
374 
375 
376 
377 
;
set Vintrio := 
44 
55 
71 
72 
73 
379 
;
set Brugghusstedja := 
363 
364 
365 
366 
367 
;
set Dista := 
180 
181 
182 
183 
184 
185 
186 
188 
189 
190 
191 
192 
193 
;
set Bakkus := 
74 
75 
76 
77 
78 
79 
80 
94 
187 
380 
381 
382 
383 
384 
;
set Mekka := 
43 
196 
197 
198 
199 
200 
201 
202 
203 
204 
205 
206 
207 
208 
209 
210 
211 
212 
213 
214 
215 
216 
217 
218 
219 
220 
221 
222 
223 
224 
225 
226 
227 
;
set Eimskip := 
109 
110 
121 
122 
127 
128 
130 
228 
229 
231 
232 
233 
234 
235 
236 
237 
238 
239 
240 
241 
242 
243 
244 
245 
246 
247 
248 
249 
250 
251 
252 
253 
254 
255 
256 
257 
258 
259 
260 
261 
262 
263 
264 
265 
266 
267 
268 
269 
270 
271 
272 
273 
274 
275 
276 
277 
278 
279 
280 
281 
282 
283 
284 
285 
286 
287 
288 
289 
290 
291 
292 
293 
294 
295 
297 
298 
299 
300 
301 
302 
303 
304 
305 
306 
307 
308 
311 
312 
313 
314 
315 
316 
317 
;
set Samskip := 
21 
22 
23 
24 
35 
36 
37 
38 
39 
40 
41 
81 
82 
83 
84 
85 
86 
87 
88 
89 
90 
91 
92 
93 
96 
97 
98 
100 
101 
102 
103 
104 
105 
106 
107 
108 
111 
112 
113 
114 
115 
116 
117 
118 
119 
120 
132 
133 
135 
136 
137 
138 
139 
140 
141 
142 
143 
144 
145 
146 
147 
148 
149 
169 
170 
171 
172 
173 
174 
175 
176 
177 
179 
194 
296 
318 
319 
320 
321 
322 
323 
324 
325 
326 
327 
328 
329 
330 
331 
332 
333 
334 
335 
385 
386 
387 
388 
389 
390 
391 
392 
393 
394 
395 
396 
397 
398 
399 
400 
401 
402 
403 
404 
405 
406 
407 
408 
409 
410 
411 
412 
413 
;
set Bannlisti := 
;
set Fixlisti := 
;
end;
