param S := 756;
param T := 8;
param D := 5;
param windowsize := 0;

param O := 
1 1
2 0
3 0
4 0
5 0
6 0
7 0
8 0
;

param EIM := 
1 0
2 0
3 0
4 0
5 0
6 0
7 1
8 0
;

param SAM := 
1 0
2 0
3 0
4 0
5 0
6 0
7 0
8 1
;

param A := 
1 105
2 42
3 47
4 62
5 57
6 9
7 62
8 17
9 17
10 2
11 11
12 36
13 36
14 133
15 22
16 237
17 73
18 73
19 91
20 4
21 4
22 7
23 4
24 4
25 4
26 3
27 4
28 9
29 18
30 9
31 9
32 92
33 72
34 7
35 19
36 44
37 59
38 16
39 85
40 7
41 1
42 4
43 2
44 24
45 6
46 14
47 3
48 12
49 3
50 10
51 3
52 6
53 12
54 18
55 18
56 18
57 18
58 7
59 24
60 24
61 12
62 12
63 43
64 48
65 48
66 71
67 9
68 12
69 26
70 44
71 8
72 133
73 88
74 106
75 86
76 2
77 88
78 72
79 18
80 44
81 45
82 22
83 36
84 44
85 34
86 22
87 11
88 8
89 8
90 4
91 3
92 2
93 2
94 44
95 18
96 4
97 3
98 2
99 2
100 4
101 2
102 2
103 22
104 52
105 48
106 3
107 16
108 60
109 11
110 32
111 15
112 1
113 7
114 66
115 76
116 11
117 16
118 4
119 36
120 102
121 36
122 13
123 7
124 22
125 22
126 18
127 13
128 13
129 13
130 22
131 4
132 38
133 75
134 73
135 100
136 91
137 18
138 100
139 55
140 3
141 55
142 55
143 97
144 19
145 336
146 212
147 21
148 158
149 78
150 42
151 22
152 13
153 13
154 4
155 5
156 11
157 31
158 14
159 35
160 16
161 13
162 7
163 7
164 86
165 107
166 6
167 4
168 2
169 8
170 41
171 38
172 123
173 411
174 333
175 64
176 141
177 107
178 85
179 86
180 212
181 133
182 8
183 5
184 110
185 265
186 9
187 6
188 14
189 18
190 22
191 13
192 27
193 0
194 9
195 4
196 1
197 8
198 122
199 13
200 24
201 62
202 12
203 31
204 2
205 4
206 133
207 52
208 44
209 7
210 18
211 9
212 4
213 4
214 13
215 7
216 18
217 14
218 44
219 44
220 20
221 44
222 11
223 22
224 44
225 9
226 12
227 24
228 128
229 122
230 134
231 5
232 337
233 1
234 44
235 7
236 4
237 4
238 7
239 8
240 9
241 77
242 17
243 9
244 18
245 20
246 9
247 36
248 55
249 22
250 22
251 36
252 33
253 4
254 2
255 7
256 7
257 8
258 4
259 16
260 20
261 27
262 22
263 53
264 2
265 6
266 40
267 133
268 51
269 8
270 27
271 8
272 8
273 91
274 25
275 58
276 88
277 18
278 15
279 11
280 36
281 24
282 9
283 36
284 29
285 13
286 16
287 8
288 8
289 98
290 152
291 328
292 73
293 35
294 1
295 12
296 52
297 69
298 9
299 24
300 5
301 12
302 7
303 4
304 4
305 9
306 5
307 2
308 12
309 22
310 52
311 146
312 42
313 133
314 107
315 106
316 80
317 141
318 150
319 133
320 22
321 27
322 44
323 4
324 9
325 18
326 44
327 9
328 4
329 9
330 4
331 36
332 9
333 62
334 88
335 75
336 88
337 18
338 13
339 0
340 7
341 11
342 18
343 24
344 20
345 71
346 55
347 74
348 11
349 42
350 53
351 18
352 44
353 22
354 14
355 2
356 15
357 4
358 12
359 3
360 2
361 2
362 7
363 9
364 13
365 18
366 4
367 22
368 11
369 11
370 31
371 18
372 9
373 3
374 9
375 7
376 4
377 4
378 4
379 4
380 4
381 53
382 12
383 4
384 7
385 6
386 6
387 7
388 2
389 42
390 42
391 14
392 3
393 5
394 18
395 1
396 24
397 11
398 18
399 3
400 3
401 13
402 13
403 20
404 38
405 84
406 1
407 4
408 38
409 1
410 27
411 7
412 212
413 221
414 106
415 64
416 96
417 221
418 107
419 133
420 133
421 133
422 113
423 107
424 26
425 17
426 100
427 75
428 50
429 125
430 26
431 19
432 61
433 35
434 11
435 47
436 13
437 19
438 13
439 146
440 72
441 93
442 4
443 11
444 18
445 44
446 38
447 88
448 18
449 179
450 88
451 12
452 122
453 18
454 13
455 22
456 7
457 20
458 80
459 129
460 36
461 36
462 33
463 129
464 22
465 22
466 6
467 64
468 179
469 221
470 66
471 86
472 16
473 22
474 2
475 11
476 27
477 18
478 22
479 9
480 22
481 44
482 18
483 4
484 11
485 20
486 44
487 18
488 35
489 22
490 4
491 54
492 22
493 8
494 62
495 7
496 12
497 14
498 25
499 8
500 116
501 6
502 5
503 4
504 5
505 24
506 53
507 129
508 42
509 110
510 2
511 133
512 53
513 133
514 221
515 32
516 14
517 118
518 42
519 22
520 18
521 38
522 55
523 32
524 5
525 8
526 44
527 4
528 55
529 13
530 44
531 46
532 51
533 80
534 9
535 36
536 55
537 90
538 84
539 14
540 28
541 43
542 107
543 36
544 110
545 1
546 1
547 16
548 1
549 4
550 2
551 3
552 0
553 5
554 1
555 12
556 11
557 53
558 18
559 33
560 265
561 13
562 22
563 18
564 26
565 20
566 3
567 3
568 0
569 1
570 13
571 18
572 18
573 7
574 9
575 4
576 13
577 2
578 6
579 7
580 0
581 18
582 35
583 29
584 3
585 83
586 8
587 18
588 13
589 29
590 9
591 9
592 33
593 20
594 22
595 13
596 12
597 43
598 9
599 0
600 19
601 22
602 5
603 46
604 19
605 15
606 36
607 11
608 34
609 56
610 110
611 110
612 14
613 3
614 2
615 8
616 2
617 13
618 11
619 27
620 150
621 109
622 36
623 109
624 37
625 134
626 23
627 109
628 14
629 52
630 47
631 80
632 8
633 10
634 2
635 14
636 40
637 12
638 14
639 13
640 13
641 11
642 13
643 11
644 11
645 12
646 13
647 5
648 11
649 19
650 18
651 23
652 49
653 61
654 1
655 2
656 4
657 2
658 2
659 2
660 140
661 26
662 13
663 73
664 1
665 0
666 3
667 0
668 0
669 13
670 4
671 5
672 13
673 9
674 0
675 18
676 22
677 18
678 4
679 13
680 22
681 66
682 13
683 4
684 8
685 4
686 4
687 13
688 38
689 83
690 18
691 76
692 44
693 18
694 9
695 27
696 22
697 14
698 106
699 52
700 88
701 86
702 88
703 0
704 107
705 98
706 186
707 129
708 0
709 13
710 3
711 0
712 1
713 32
714 15
715 11
716 8
717 2
718 2
719 5
720 1
721 9
722 38
723 76
724 11
725 6
726 9
727 7
728 2
729 6
730 36
731 18
732 8
733 8
734 9
735 13
736 14
737 15
738 54
739 42
740 60
741 101
742 12
743 1
744 75
745 75
746 219
747 125
748 91
749 164
750 5
751 122
752 36
753 5
754 50
755 11
756 36
;

param Ttarget := 
1 1 1000
2 1 1000
3 1 1000
4 1 1000
5 1 500
6 1 500
7 1 500
8 1 500
1 2 1000
2 2 1000
3 2 1000
4 2 1000
5 2 500
6 2 500
7 2 500
8 2 500
1 3 1000
2 3 1000
3 3 1000
4 3 1000
5 3 500
6 3 500
7 3 500
8 3 500
1 4 1000
2 4 1000
3 4 1000
4 4 1000
5 4 500
6 4 500
7 4 500
8 4 500
1 5 1000
2 5 1000
3 5 1000
4 5 1000
5 5 500
6 5 500
7 5 500
8 5 500
;

set Olgerdin := 
1 
2 
3 
4 
5 
6 
7 
8 
9 
133 
134 
135 
136 
137 
138 
139 
140 
141 
142 
143 
144 
145 
146 
147 
148 
149 
167 
168 
228 
229 
230 
231 
232 
233 
234 
235 
236 
237 
238 
239 
240 
241 
242 
243 
244 
245 
246 
247 
248 
249 
250 
251 
252 
253 
254 
255 
256 
257 
258 
260 
261 
262 
263 
264 
265 
266 
267 
268 
269 
270 
271 
272 
273 
274 
275 
276 
277 
278 
279 
412 
413 
414 
415 
416 
417 
418 
419 
420 
421 
422 
423 
424 
425 
426 
427 
428 
429 
430 
431 
432 
620 
621 
622 
623 
624 
625 
626 
627 
628 
629 
630 
631 
632 
633 
634 
635 
636 
637 
639 
640 
641 
642 
643 
644 
645 
646 
647 
648 
649 
650 
741 
742 
743 
744 
745 
746 
747 
748 
749 
750 
751 
752 
753 
754 
755 
;
set Cola := 
16 
17 
18 
19 
31 
32 
33 
34 
35 
36 
37 
38 
166 
291 
292 
293 
433 
434 
435 
436 
437 
438 
439 
440 
441 
442 
443 
444 
445 
446 
447 
448 
449 
450 
638 
651 
652 
653 
654 
674 
;
set Globus := 
150 
151 
152 
153 
154 
155 
156 
157 
158 
159 
160 
161 
162 
163 
164 
165 
302 
303 
304 
305 
306 
307 
308 
311 
312 
313 
314 
315 
316 
317 
318 
319 
320 
321 
322 
323 
324 
325 
326 
327 
328 
343 
344 
345 
346 
347 
348 
349 
350 
351 
352 
382 
383 
397 
398 
399 
400 
401 
402 
467 
468 
469 
470 
471 
474 
475 
476 
477 
478 
479 
480 
481 
482 
483 
484 
485 
486 
487 
488 
489 
490 
491 
492 
493 
494 
680 
681 
682 
683 
684 
685 
686 
687 
688 
689 
690 
691 
692 
693 
694 
695 
696 
697 
698 
699 
700 
701 
702 
703 
704 
705 
706 
707 
708 
;
set Vintrio := 
108 
109 
129 
130 
132 
555 
556 
581 
582 
583 
593 
594 
595 
;
set Brugghusstedja := 
660 
661 
662 
663 
;
set Dista := 
59 
60 
61 
62 
63 
64 
65 
66 
67 
68 
71 
72 
73 
74 
75 
76 
77 
78 
79 
169 
259 
295 
296 
297 
298 
299 
300 
301 
309 
331 
332 
353 
354 
355 
356 
357 
358 
709 
;
set Bakkus := 
69 
70 
80 
81 
82 
83 
84 
85 
86 
87 
310 
333 
334 
335 
336 
337 
338 
339 
340 
341 
342 
372 
472 
473 
495 
496 
497 
498 
499 
615 
;
set Mekka := 
170 
171 
172 
173 
174 
175 
176 
177 
178 
179 
180 
181 
182 
183 
184 
185 
186 
187 
188 
189 
190 
191 
192 
193 
501 
502 
503 
504 
505 
506 
507 
508 
509 
510 
511 
512 
513 
514 
515 
516 
517 
518 
519 
520 
521 
522 
523 
524 
525 
526 
527 
528 
529 
530 
531 
532 
533 
535 
536 
537 
538 
539 
540 
541 
542 
543 
544 
;
set Eimskip := 
88 
89 
90 
91 
92 
93 
94 
95 
96 
97 
98 
99 
100 
101 
102 
103 
104 
105 
106 
107 
113 
114 
115 
116 
119 
120 
121 
122 
123 
124 
125 
126 
127 
128 
194 
195 
197 
200 
201 
202 
203 
294 
329 
359 
360 
361 
362 
395 
403 
404 
405 
406 
407 
408 
409 
410 
534 
545 
546 
547 
548 
549 
550 
551 
552 
553 
554 
557 
558 
559 
560 
561 
562 
563 
564 
565 
566 
567 
568 
569 
570 
571 
572 
573 
574 
577 
578 
579 
580 
585 
586 
587 
588 
589 
590 
591 
597 
598 
599 
600 
601 
602 
603 
604 
605 
606 
607 
608 
609 
610 
611 
612 
710 
713 
716 
719 
720 
721 
722 
723 
724 
725 
726 
727 
728 
729 
;
set Samskip := 
10 
11 
12 
13 
14 
15 
20 
21 
22 
23 
24 
25 
26 
27 
28 
29 
30 
39 
40 
41 
42 
43 
44 
45 
46 
47 
48 
49 
50 
51 
52 
53 
54 
55 
56 
57 
58 
110 
112 
117 
196 
198 
205 
206 
207 
208 
210 
211 
212 
213 
214 
215 
216 
217 
218 
219 
220 
221 
222 
223 
224 
225 
284 
285 
286 
287 
288 
289 
290 
330 
363 
364 
365 
366 
367 
368 
369 
370 
371 
373 
374 
375 
376 
377 
378 
379 
380 
381 
384 
385 
386 
387 
388 
389 
390 
391 
392 
393 
394 
396 
451 
452 
453 
454 
455 
456 
457 
458 
459 
460 
461 
462 
463 
464 
465 
466 
575 
576 
584 
592 
617 
618 
619 
655 
656 
657 
658 
659 
664 
665 
666 
667 
668 
669 
670 
671 
672 
673 
675 
676 
677 
678 
679 
711 
712 
714 
715 
717 
718 
730 
731 
732 
734 
735 
736 
737 
738 
739 
740 
;
set Bannlisti := 
;
set Fixlisti := 
;
end;
