param S := 809;
param T := 8;
param D := 5;
param windowsize := 0;

param O := 
1 1
2 0
3 0
4 0
5 0
6 0
7 0
8 0
;

param EIM := 
1 0
2 0
3 0
4 0
5 0
6 0
7 1
8 0
;

param SAM := 
1 0
2 0
3 0
4 0
5 0
6 0
7 0
8 1
;

param A := 
1 75
2 75
3 50
4 75
5 9
6 12
7 12
8 0
9 5
10 39
11 23
12 6
13 0
14 0
15 5
16 7
17 7
18 4
19 2
20 26
21 9
22 22
23 9
24 5
25 9
26 9
27 46
28 72
29 88
30 17
31 42
32 9
33 86
34 186
35 86
36 265
37 107
38 106
39 115
40 88
41 150
42 107
43 106
44 106
45 66
46 182
47 91
48 73
49 43
50 18
51 8
52 86
53 88
54 7
55 32
56 6
57 24
58 52
59 52
60 36
61 48
62 36
63 36
64 4
65 6
66 3
67 7
68 7
69 18
70 6
71 7
72 18
73 18
74 5
75 3
76 18
77 36
78 7
79 24
80 4
81 6
82 14
83 12
84 6
85 7
86 4
87 18
88 26
89 86
90 33
91 44
92 88
93 90
94 31
95 27
96 22
97 18
98 13
99 8
100 19
101 12
102 8
103 2
104 2
105 4
106 2
107 4
108 18
109 3
110 16
111 9
112 5
113 28
114 11
115 30
116 7
117 69
118 9
119 46
120 28
121 36
122 5
123 26
124 52
125 12
126 2
127 4
128 4
129 7
130 2
131 2
132 8
133 4
134 9
135 7
136 36
137 11
138 66
139 36
140 33
141 57
142 4
143 2
144 4
145 9
146 7
147 8
148 5
149 9
150 4
151 9
152 4
153 55
154 55
155 28
156 12
157 30
158 36
159 36
160 33
161 59
162 9
163 2
164 2
165 47
166 53
167 146
168 73
169 146
170 128
171 17
172 17
173 125
174 125
175 50
176 50
177 100
178 17
179 24
180 134
181 50
182 146
183 56
184 21
185 91
186 73
187 146
188 36
189 52
190 25
191 158
192 88
193 80
194 141
195 86
196 215
197 98
198 358
199 143
200 177
201 16
202 4
203 250
204 44
205 5
206 27
207 31
208 27
209 9
210 9
211 22
212 13
213 18
214 38
215 13
216 83
217 8
218 18
219 44
220 27
221 54
222 94
223 231
224 42
225 265
226 333
227 106
228 90
229 215
230 133
231 86
232 14
233 4
234 5
235 4
236 179
237 106
238 133
239 265
240 6
241 10
242 1
243 51
244 5
245 22
246 9
247 86
248 1
249 4
250 13
251 44
252 129
253 5
254 4
255 51
256 22
257 66
258 13
259 2
260 2
261 4
262 5
263 7
264 9
265 4
266 0
267 7
268 27
269 7
270 13
271 9
272 4
273 4
274 4
275 11
276 5
277 2
278 4
279 4
280 4
281 22
282 18
283 44
284 13
285 9
286 18
287 9
288 1
289 1
290 1
291 1
292 1
293 2
294 9
295 106
296 133
297 106
298 88
299 221
300 134
301 221
302 106
303 96
304 9
305 0
306 75
307 24
308 100
309 50
310 97
311 24
312 22
313 19
314 26
315 12
316 52
317 9
318 36
319 36
320 9
321 12
322 7
323 20
324 0
325 4
326 5
327 8
328 44
329 9
330 133
331 107
332 86
333 18
334 30
335 12
336 18
337 49
338 36
339 7
340 12
341 10
342 18
343 31
344 9
345 27
346 8
347 177
348 107
349 60
350 102
351 62
352 31
353 22
354 4
355 15
356 35
357 24
358 5
359 3
360 36
361 4
362 4
363 5
364 2
365 2
366 2
367 9
368 20
369 55
370 44
371 221
372 186
373 16
374 25
375 4
376 9
377 18
378 35
379 29
380 4
381 8
382 4
383 6
384 7
385 6
386 7
387 12
388 1
389 28
390 28
391 7
392 6
393 4
394 34
395 24
396 36
397 12
398 12
399 48
400 48
401 6
402 6
403 3
404 2
405 0
406 0
407 34
408 10
409 8
410 29
411 5
412 5
413 8
414 8
415 9
416 5
417 100
418 50
419 194
420 24
421 61
422 11
423 11
424 122
425 122
426 122
427 88
428 96
429 8
430 5
431 23
432 156
433 28
434 21
435 3
436 4
437 24
438 474
439 112
440 26
441 11
442 4
443 23
444 46
445 19
446 84
447 26
448 13
449 73
450 9
451 28
452 177
453 146
454 28
455 93
456 44
457 37
458 4
459 44
460 4
461 7
462 64
463 146
464 52
465 106
466 133
467 221
468 4
469 22
470 4
471 3
472 4
473 12
474 4
475 7
476 18
477 18
478 20
479 8
480 46
481 17
482 23
483 66
484 9
485 9
486 34
487 7
488 4
489 36
490 2
491 18
492 44
493 22
494 7
495 68
496 40
497 110
498 72
499 8
500 8
501 18
502 44
503 66
504 31
505 2
506 23
507 2
508 8
509 4
510 22
511 13
512 5
513 1
514 0
515 0
516 5
517 35
518 18
519 29
520 72
521 38
522 22
523 13
524 5
525 11
526 52
527 106
528 110
529 150
530 411
531 110
532 133
533 212
534 265
535 4
536 4
537 4
538 7
539 4
540 6
541 4
542 4
543 9
544 18
545 40
546 67
547 7
548 9
549 6
550 6
551 9
552 10
553 27
554 46
555 22
556 55
557 10
558 65
559 45
560 110
561 30
562 14
563 16
564 13
565 56
566 18
567 13
568 19
569 49
570 5
571 7
572 1
573 22
574 22
575 46
576 37
577 83
578 53
579 53
580 100
581 11
582 22
583 265
584 2
585 3
586 3
587 26
588 9
589 13
590 18
591 26
592 26
593 4
594 23
595 3
596 18
597 7
598 2
599 2
600 8
601 2
602 17
603 3
604 9
605 32
606 2
607 7
608 4
609 7
610 7
611 4
612 23
613 0
614 5
615 8
616 1
617 1
618 5
619 3
620 1
621 5
622 7
623 6
624 1
625 28
626 150
627 5
628 5
629 51
630 73
631 73
632 55
633 73
634 73
635 55
636 73
637 37
638 16
639 1
640 47
641 70
642 47
643 62
644 84
645 62
646 48
647 107
648 106
649 42
650 16
651 22
652 18
653 36
654 44
655 44
656 9
657 53
658 90
659 106
660 133
661 107
662 4
663 2
664 19
665 2
666 2
667 2
668 9
669 2
670 4
671 3
672 2
673 189
674 6
675 73
676 18
677 86
678 88
679 86
680 13
681 74
682 11
683 11
684 83
685 88
686 13
687 44
688 44
689 18
690 27
691 2
692 106
693 88
694 122
695 8
696 44
697 9
698 9
699 18
700 8
701 8
702 20
703 22
704 4
705 18
706 4
707 4
708 2
709 2
710 2
711 20
712 36
713 10
714 34
715 24
716 63
717 52
718 12
719 12
720 80
721 21
722 6
723 20
724 0
725 1
726 9
727 11
728 7
729 2
730 2
731 2
732 2
733 2
734 2
735 2
736 4
737 2
738 3
739 3
740 1
741 7
742 11
743 3
744 3
745 11
746 54
747 13
748 9
749 9
750 88
751 22
752 1
753 2
754 9
755 4
756 9
757 13
758 2
759 20
760 12
761 2
762 73
763 133
764 29
765 47
766 5
767 5
768 55
769 15
770 62
771 15
772 18
773 30
774 58
775 25
776 7
777 7
778 9
779 9
780 9
781 6
782 8
783 2
784 34
785 110
786 36
787 13
788 31
789 13
790 11
791 30
792 46
793 28
794 84
795 51
796 18
797 28
798 101
799 57
800 4
801 6
802 10
803 2
804 7
805 18
806 6
807 18
808 7
809 12
;

param Ttarget := 
1 1 1000
2 1 1000
3 1 1000
4 1 1000
5 1 500
6 1 500
7 1 500
8 1 500
1 2 1000
2 2 1000
3 2 1000
4 2 1000
5 2 500
6 2 500
7 2 500
8 2 500
1 3 1000
2 3 1000
3 3 1000
4 3 1000
5 3 500
6 3 500
7 3 500
8 3 500
1 4 1000
2 4 1000
3 4 1000
4 4 1000
5 4 500
6 4 500
7 4 500
8 4 500
1 5 1000
2 5 1000
3 5 1000
4 5 1000
5 5 500
6 5 500
7 5 500
8 5 500
;

set Olgerdin := 
1 
2 
3 
4 
5 
6 
7 
165 
166 
167 
168 
169 
170 
171 
172 
173 
174 
175 
176 
177 
178 
179 
295 
296 
297 
298 
299 
300 
301 
302 
303 
304 
305 
306 
307 
308 
309 
310 
311 
407 
408 
409 
410 
411 
412 
413 
414 
415 
416 
417 
418 
419 
420 
421 
422 
423 
424 
425 
426 
427 
428 
429 
430 
431 
432 
433 
434 
435 
436 
437 
628 
629 
630 
631 
632 
633 
634 
635 
636 
637 
638 
639 
640 
641 
642 
643 
644 
645 
646 
647 
648 
649 
650 
651 
652 
653 
654 
655 
656 
657 
658 
659 
660 
661 
662 
663 
664 
665 
666 
667 
668 
669 
670 
671 
672 
723 
764 
765 
766 
767 
768 
769 
770 
771 
772 
773 
774 
775 
776 
777 
778 
779 
780 
781 
782 
783 
784 
785 
786 
787 
788 
789 
790 
791 
792 
793 
794 
795 
796 
797 
798 
799 
;
set Cola := 
27 
28 
29 
30 
31 
32 
46 
47 
48 
49 
50 
51 
180 
181 
182 
183 
184 
185 
186 
187 
188 
189 
190 
312 
313 
314 
438 
439 
440 
441 
442 
443 
445 
446 
450 
451 
452 
453 
454 
455 
456 
457 
673 
674 
675 
676 
724 
;
set Globus := 
33 
34 
35 
36 
37 
38 
39 
40 
41 
42 
43 
44 
45 
191 
192 
193 
194 
195 
196 
197 
198 
199 
200 
201 
202 
203 
204 
205 
206 
207 
208 
209 
210 
211 
212 
213 
214 
215 
216 
217 
218 
219 
220 
221 
397 
398 
399 
400 
401 
402 
403 
404 
444 
458 
459 
460 
461 
462 
463 
464 
465 
466 
467 
468 
469 
470 
471 
472 
473 
474 
475 
476 
477 
478 
479 
480 
481 
482 
483 
484 
485 
486 
487 
488 
489 
490 
491 
492 
493 
494 
495 
496 
497 
498 
499 
500 
501 
502 
503 
504 
505 
506 
507 
508 
509 
677 
678 
679 
680 
681 
682 
683 
684 
685 
686 
687 
688 
689 
690 
691 
692 
693 
694 
695 
696 
697 
698 
699 
700 
701 
;
set Vintrio := 
246 
247 
248 
249 
250 
251 
252 
253 
254 
260 
261 
263 
356 
369 
370 
371 
372 
373 
374 
377 
378 
379 
;
set Brugghusstedja := 
447 
448 
449 
722 
;
set Dista := 
52 
53 
54 
55 
56 
57 
58 
59 
60 
61 
62 
63 
315 
316 
317 
318 
319 
320 
321 
322 
324 
325 
326 
327 
328 
329 
330 
331 
332 
333 
334 
335 
336 
712 
713 
714 
715 
716 
717 
718 
719 
;
set Bakkus := 
88 
89 
90 
91 
92 
93 
94 
95 
96 
97 
98 
99 
255 
256 
257 
338 
339 
340 
341 
342 
343 
344 
345 
346 
347 
348 
349 
350 
351 
352 
353 
747 
750 
751 
;
set Mekka := 
222 
223 
224 
225 
226 
227 
228 
229 
230 
231 
232 
233 
234 
235 
236 
237 
238 
239 
240 
241 
242 
243 
244 
245 
526 
527 
528 
529 
530 
531 
532 
533 
534 
535 
536 
537 
538 
539 
540 
541 
542 
543 
544 
545 
546 
547 
548 
549 
550 
551 
552 
553 
554 
555 
556 
557 
558 
559 
560 
561 
562 
563 
564 
565 
566 
567 
720 
721 
;
set Eimskip := 
100 
101 
102 
103 
104 
105 
106 
107 
108 
109 
110 
111 
112 
113 
114 
115 
116 
117 
118 
119 
120 
121 
122 
123 
124 
125 
129 
130 
131 
132 
133 
136 
137 
138 
139 
140 
141 
142 
143 
144 
145 
146 
147 
148 
149 
150 
151 
152 
153 
154 
155 
156 
157 
158 
159 
160 
161 
162 
163 
164 
361 
363 
364 
365 
366 
405 
406 
568 
569 
570 
571 
572 
575 
576 
577 
578 
579 
580 
581 
582 
583 
584 
585 
586 
587 
588 
589 
590 
591 
592 
593 
594 
595 
596 
597 
598 
599 
600 
601 
602 
603 
604 
605 
606 
607 
608 
609 
610 
611 
612 
613 
614 
615 
616 
617 
618 
619 
620 
621 
622 
623 
624 
625 
711 
726 
727 
728 
729 
730 
731 
732 
733 
734 
735 
736 
737 
738 
739 
740 
741 
742 
746 
760 
;
set Samskip := 
8 
9 
10 
11 
12 
13 
14 
15 
16 
17 
18 
19 
20 
21 
22 
23 
24 
25 
26 
64 
65 
66 
67 
68 
69 
70 
71 
72 
73 
74 
75 
76 
77 
78 
79 
80 
81 
82 
83 
84 
85 
86 
87 
134 
135 
258 
259 
262 
264 
267 
268 
269 
270 
271 
272 
273 
274 
275 
276 
277 
278 
279 
280 
281 
282 
283 
284 
285 
286 
287 
288 
294 
323 
354 
355 
357 
359 
360 
362 
367 
368 
375 
376 
380 
381 
382 
383 
384 
385 
386 
387 
388 
389 
390 
391 
392 
393 
510 
511 
512 
513 
514 
515 
516 
517 
518 
519 
520 
521 
522 
523 
524 
525 
573 
574 
626 
627 
702 
703 
704 
705 
706 
707 
708 
709 
710 
725 
743 
744 
745 
752 
753 
754 
755 
756 
757 
758 
759 
762 
763 
800 
801 
802 
803 
804 
805 
806 
807 
808 
;
set Bannlisti := 
;
set Fixlisti := 
;
end;
