param S := 680;
param T := 8;
param D := 5;
param windowsize := 0;

param O := 
1 1
2 0
3 0
4 0
5 0
6 0
7 0
8 0
;

param EIM := 
1 0
2 0
3 0
4 0
5 0
6 0
7 1
8 0
;

param SAM := 
1 0
2 0
3 0
4 0
5 0
6 0
7 0
8 1
;

param A := 
1 182
2 109
3 182
4 16
5 43
6 4
7 44
8 45
9 22
10 43
11 4
12 13
13 22
14 4
15 4
16 23
17 9
18 9
19 9
20 94
21 231
22 52
23 411
24 72
25 85
26 19
27 38
28 9
29 5
30 5
31 47
32 62
33 150
34 107
35 265
36 0
37 118
38 93
39 66
40 55
41 18
42 18
43 15
44 11
45 9
46 127
47 0
48 15
49 23
50 48
51 47
52 65
53 28
54 25
55 40
56 31
57 31
58 13
59 16
60 11
61 4
62 8
63 4
64 11
65 13
66 4
67 9
68 13
69 4
70 66
71 9
72 4
73 4
74 4
75 90
76 18
77 110
78 44
79 66
80 27
81 4
82 9
83 4
84 12
85 4
86 4
87 4
88 22
89 31
90 0
91 4
92 2
93 15
94 2
95 4
96 0
97 4
98 44
99 12
100 9
101 40
102 11
103 4
104 33
105 4
106 5
107 3
108 12
109 9
110 9
111 12
112 12
113 44
114 106
115 80
116 66
117 23
118 11
119 9
120 4
121 18
122 20
123 8
124 28
125 16
126 5
127 8
128 5
129 5
130 4
131 0
132 3
133 96
134 88
135 44
136 221
137 106
138 0
139 110
140 107
141 221
142 106
143 150
144 125
145 150
146 182
147 91
148 91
149 0
150 106
151 100
152 133
153 106
154 16
155 7
156 168
157 133
158 106
159 113
160 96
161 0
162 29
163 9
164 16
165 18
166 98
167 179
168 187
169 221
170 66
171 177
172 129
173 186
174 250
175 86
176 64
177 65
178 52
179 88
180 86
181 150
182 86
183 107
184 133
185 122
186 80
187 41
188 8
189 114
190 111
191 88
192 166
193 72
194 83
195 88
196 118
197 67
198 44
199 76
200 13
201 19
202 4
203 14
204 72
205 14
206 44
207 22
208 125
209 36
210 9
211 7
212 7
213 2
214 9
215 11
216 34
217 2
218 8
219 17
220 4
221 4
222 9
223 9
224 21
225 3
226 5
227 4
228 11
229 9
230 4
231 17
232 16
233 22
234 2
235 2
236 5
237 1
238 2
239 3
240 2
241 11
242 19
243 16
244 6
245 129
246 11
247 133
248 107
249 86
250 88
251 10
252 9
253 12
254 12
255 52
256 86
257 9
258 24
259 59
260 12
261 73
262 1
263 69
264 26
265 66
266 102
267 22
268 22
269 9
270 4
271 4
272 11
273 4
274 8
275 4
276 18
277 4
278 22
279 18
280 36
281 28
282 1
283 53
284 22
285 68
286 44
287 88
288 22
289 107
290 23
291 55
292 13
293 22
294 18
295 7
296 3
297 5
298 4
299 9
300 22
301 7
302 5
303 72
304 9
305 11
306 5
307 2
308 2
309 1
310 1
311 36
312 25
313 7
314 2
315 2
316 2
317 7
318 7
319 5
320 13
321 5
322 18
323 4
324 16
325 3
326 8
327 16
328 8
329 4
330 2
331 7
332 24
333 14
334 12
335 1
336 28
337 28
338 7
339 6
340 3
341 8
342 12
343 12
344 12
345 48
346 48
347 12
348 2
349 1
350 24
351 14
352 5
353 2
354 52
355 36
356 49
357 36
358 2
359 24
360 24
361 12
362 3
363 17
364 5
365 15
366 55
367 42
368 101
369 18
370 18
371 215
372 51
373 21
374 8
375 14
376 13
377 5
378 11
379 22
380 31
381 56
382 122
383 122
384 11
385 11
386 47
387 11
388 45
389 73
390 37
391 16
392 32
393 24
394 37
395 46
396 46
397 38
398 88
399 35
400 79
401 11
402 18
403 146
404 72
405 18
406 8
407 1
408 9
409 9
410 84
411 6
412 73
413 63
414 73
415 267
416 5
417 265
418 107
419 106
420 106
421 86
422 106
423 86
424 107
425 133
426 86
427 24
428 1
429 4
430 119
431 107
432 64
433 4
434 2
435 4
436 11
437 39
438 0
439 17
440 2
441 1
442 9
443 22
444 4
445 4
446 2
447 5
448 6
449 13
450 6
451 5
452 133
453 28
454 159
455 305
456 104
457 55
458 115
459 34
460 222
461 0
462 80
463 45
464 0
465 37
466 20
467 106
468 86
469 133
470 333
471 129
472 44
473 27
474 66
475 8
476 4
477 38
478 7
479 4
480 1
481 6
482 35
483 9
484 35
485 36
486 97
487 11
488 12
489 16
490 0
491 1
492 3
493 91
494 15
495 4
496 13
497 23
498 54
499 6
500 4
501 4
502 133
503 8
504 6
505 22
506 2
507 4
508 4
509 9
510 5
511 1
512 0
513 23
514 110
515 54
516 18
517 12
518 22
519 15
520 13
521 22
522 5
523 14
524 4
525 8
526 5
527 2
528 2
529 5
530 7
531 13
532 15
533 3
534 4
535 9
536 9
537 9
538 27
539 66
540 110
541 18
542 22
543 16
544 72
545 28
546 9
547 7
548 15
549 9
550 13
551 85
552 12
553 9
554 5
555 94
556 18
557 7
558 7
559 1
560 7
561 7
562 7
563 5
564 5
565 4
566 96
567 88
568 79
569 66
570 73
571 36
572 55
573 17
574 50
575 50
576 25
577 50
578 97
579 17
580 12
581 12
582 221
583 64
584 107
585 47
586 94
587 146
588 47
589 95
590 62
591 146
592 52
593 128
594 63
595 36
596 2
597 7
598 20
599 5
600 73
601 111
602 132
603 24
604 13
605 4
606 12
607 12
608 60
609 88
610 20
611 44
612 4
613 7
614 9
615 4
616 11
617 4
618 4
619 4
620 10
621 4
622 10
623 3
624 2
625 1
626 0
627 0
628 13
629 4
630 9
631 97
632 13
633 55
634 2
635 4
636 2
637 4
638 19
639 4
640 2
641 47
642 267
643 50
644 125
645 125
646 122
647 12
648 53
649 15
650 104
651 42
652 62
653 15
654 15
655 9
656 0
657 80
658 36
659 4
660 4
661 7
662 13
663 4
664 4
665 2
666 34
667 193
668 54
669 7
670 4
671 4
672 3
673 2
674 9
675 7
676 6
677 7
678 12
679 36
680 36
;

param Ttarget := 
1 1 1000
2 1 1000
3 1 1000
4 1 1000
5 1 500
6 1 500
7 1 500
8 1 500
1 2 1000
2 2 1000
3 2 1000
4 2 1000
5 2 500
6 2 500
7 2 500
8 2 500
1 3 1000
2 3 1000
3 3 1000
4 3 1000
5 3 500
6 3 500
7 3 500
8 3 500
1 4 1000
2 4 1000
3 4 1000
4 4 1000
5 4 500
6 4 500
7 4 500
8 4 500
1 5 1000
2 5 1000
3 5 1000
4 5 1000
5 5 500
6 5 500
7 5 500
8 5 500
;

set Olgerdin := 
14 
15 
134 
135 
136 
137 
138 
139 
140 
141 
142 
143 
144 
145 
146 
147 
148 
149 
150 
151 
152 
153 
154 
155 
156 
157 
158 
159 
160 
161 
362 
363 
364 
365 
366 
367 
368 
369 
370 
371 
372 
373 
374 
375 
376 
377 
378 
379 
380 
381 
382 
383 
566 
567 
568 
569 
570 
571 
572 
573 
574 
575 
576 
577 
578 
579 
580 
581 
582 
583 
584 
585 
586 
587 
588 
589 
590 
601 
602 
624 
625 
626 
642 
643 
644 
645 
646 
647 
648 
649 
650 
651 
652 
653 
654 
655 
656 
657 
658 
659 
660 
661 
662 
663 
664 
665 
666 
667 
668 
669 
670 
671 
;
set Cola := 
1 
2 
3 
384 
385 
386 
387 
390 
391 
392 
393 
394 
395 
396 
397 
398 
399 
400 
401 
402 
403 
404 
405 
406 
407 
408 
409 
410 
411 
412 
413 
414 
415 
446 
480 
591 
592 
593 
594 
595 
;
set Globus := 
166 
167 
168 
169 
170 
171 
172 
173 
174 
175 
176 
177 
178 
179 
180 
181 
182 
183 
184 
185 
186 
187 
188 
189 
190 
191 
192 
193 
194 
195 
196 
197 
198 
199 
200 
201 
202 
203 
204 
205 
206 
207 
208 
209 
210 
211 
212 
213 
214 
215 
216 
217 
218 
219 
220 
221 
222 
223 
224 
225 
226 
227 
228 
229 
230 
231 
241 
342 
343 
344 
345 
346 
347 
348 
417 
418 
419 
420 
421 
422 
423 
424 
425 
426 
634 
637 
;
set Vintrio := 
242 
;
set Brugghusstedja := 
388 
389 
;
set Dista := 
4 
16 
243 
244 
245 
246 
247 
248 
249 
250 
251 
252 
253 
254 
255 
256 
257 
258 
259 
260 
261 
262 
610 
636 
;
set Bakkus := 
5 
6 
7 
8 
9 
10 
11 
12 
13 
41 
42 
43 
44 
45 
263 
264 
265 
266 
267 
268 
269 
270 
271 
272 
273 
274 
275 
276 
277 
278 
279 
280 
281 
282 
283 
284 
285 
286 
287 
288 
289 
291 
292 
293 
294 
295 
296 
297 
298 
299 
322 
323 
416 
635 
;
set Mekka := 
17 
18 
19 
20 
21 
22 
23 
24 
25 
26 
27 
28 
29 
30 
31 
32 
33 
34 
35 
36 
37 
38 
39 
40 
47 
48 
49 
50 
51 
52 
53 
54 
354 
445 
447 
448 
449 
450 
451 
452 
453 
454 
455 
456 
457 
458 
459 
460 
461 
462 
463 
464 
465 
466 
467 
468 
469 
470 
471 
472 
473 
474 
475 
476 
477 
478 
479 
596 
600 
633 
;
set Eimskip := 
55 
56 
57 
58 
59 
60 
61 
75 
76 
77 
78 
79 
80 
81 
82 
83 
84 
85 
86 
300 
301 
302 
303 
304 
305 
306 
307 
308 
316 
324 
325 
326 
327 
328 
481 
482 
483 
484 
485 
486 
487 
488 
489 
490 
491 
492 
493 
494 
495 
496 
497 
498 
501 
502 
503 
504 
505 
506 
507 
508 
509 
510 
511 
512 
513 
514 
515 
516 
517 
518 
519 
520 
521 
522 
523 
524 
525 
526 
527 
528 
529 
530 
531 
532 
533 
534 
535 
536 
537 
557 
558 
559 
560 
561 
562 
563 
627 
631 
632 
;
set Samskip := 
46 
62 
63 
64 
65 
66 
67 
68 
69 
70 
71 
72 
73 
74 
87 
88 
89 
90 
91 
92 
93 
94 
95 
96 
97 
98 
99 
100 
101 
102 
103 
104 
105 
106 
107 
108 
109 
110 
111 
112 
113 
114 
115 
116 
117 
118 
119 
120 
121 
122 
123 
124 
125 
126 
127 
162 
163 
164 
165 
232 
233 
234 
235 
236 
239 
240 
309 
310 
311 
312 
313 
314 
315 
329 
330 
331 
332 
333 
334 
335 
336 
337 
338 
339 
340 
341 
349 
350 
351 
355 
356 
357 
358 
427 
428 
429 
430 
431 
432 
433 
434 
435 
436 
437 
438 
439 
440 
441 
499 
500 
538 
539 
540 
541 
542 
543 
544 
545 
546 
547 
548 
549 
550 
551 
552 
553 
554 
555 
556 
597 
598 
599 
603 
604 
605 
606 
607 
608 
609 
611 
612 
613 
614 
615 
616 
617 
618 
619 
620 
621 
628 
629 
630 
638 
639 
641 
672 
673 
674 
675 
676 
677 
678 
679 
;
set Bannlisti := 
;
set Fixlisti := 
;
end;
