param S := 708;
param T := 8;
param D := 5;
param windowsize := 0;

param O := 
1 1
2 0
3 0
4 0
5 0
6 0
7 0
8 0
;

param EIM := 
1 0
2 0
3 0
4 0
5 0
6 0
7 1
8 0
;

param SAM := 
1 0
2 0
3 0
4 0
5 0
6 0
7 0
8 1
;

param A := 
1 73
2 52
3 91
4 84
5 55
6 4
7 2
8 18
9 2
10 7
11 9
12 5
13 0
14 7
15 9
16 19
17 30
18 22
19 5
20 44
21 44
22 13
23 9
24 9
25 9
26 2
27 7
28 72
29 71
30 8
31 166
32 72
33 18
34 19
35 13
36 55
37 146
38 52
39 106
40 88
41 88
42 122
43 106
44 122
45 129
46 133
47 110
48 8
49 5
50 9
51 129
52 265
53 221
54 110
55 106
56 86
57 106
58 265
59 27
60 38
61 27
62 36
63 46
64 65
65 23
66 159
67 6
68 7
69 27
70 76
71 76
72 28
73 55
74 18
75 110
76 222
77 42
78 11
79 5
80 22
81 12
82 12
83 9
84 9
85 4
86 60
87 44
88 13
89 14
90 4
91 8
92 2
93 9
94 0
95 0
96 4
97 18
98 9
99 6
100 4
101 5
102 44
103 7
104 59
105 3
106 9
107 9
108 36
109 2
110 0
111 22
112 11
113 9
114 66
115 24
116 44
117 40
118 18
119 11
120 14
121 22
122 7
123 7
124 9
125 7
126 9
127 4
128 18
129 9
130 22
131 7
132 9
133 35
134 44
135 22
136 7
137 20
138 9
139 100
140 100
141 109
142 221
143 44
144 88
145 19
146 221
147 64
148 221
149 38
150 93
151 107
152 7
153 11
154 18
155 8
156 5
157 5
158 7
159 6
160 11
161 18
162 13
163 43
164 4
165 7
166 2
167 2
168 7
169 4
170 18
171 107
172 16
173 166
174 193
175 133
176 168
177 79
178 73
179 24
180 24
181 36
182 4
183 0
184 1
185 1
186 0
187 0
188 2
189 9
190 17
191 24
192 3
193 1
194 22
195 55
196 22
197 7
198 55
199 110
200 36
201 31
202 4
203 9
204 2
205 4
206 8
207 9
208 7
209 9
210 0
211 12
212 12
213 52
214 12
215 24
216 12
217 52
218 44
219 72
220 86
221 106
222 129
223 77
224 129
225 11
226 7
227 9
228 21
229 4
230 4
231 1
232 265
233 11
234 17
235 7
236 4
237 8
238 9
239 24
240 36
241 44
242 27
243 4
244 13
245 7
246 4
247 4
248 0
249 9
250 9
251 2
252 12
253 14
254 18
255 2
256 5
257 2
258 19
259 2
260 4
261 12
262 15
263 11
264 48
265 48
266 12
267 4
268 12
269 2
270 14
271 28
272 14
273 5
274 3
275 6
276 36
277 36
278 9
279 1
280 20
281 11
282 33
283 12
284 1
285 1
286 1
287 2
288 0
289 5
290 2
291 1
292 17
293 13
294 30
295 23
296 12
297 12
298 46
299 46
300 16
301 1
302 4
303 9
304 7
305 76
306 4
307 18
308 18
309 2
310 13
311 14
312 2
313 18
314 44
315 20
316 4
317 8
318 9
319 9
320 2
321 4
322 2
323 2
324 4
325 9
326 11
327 4
328 15
329 12
330 6
331 9
332 305
333 36
334 1
335 16
336 23
337 0
338 9
339 150
340 50
341 100
342 125
343 12
344 55
345 55
346 73
347 73
348 5
349 28
350 5
351 37
352 80
353 30
354 259
355 55
356 1
357 42
358 19
359 11
360 243
361 4
362 0
363 5
364 13
365 36
366 292
367 5
368 5
369 61
370 11
371 80
372 28
373 46
374 44
375 38
376 88
377 20
378 11
379 72
380 28
381 40
382 5
383 9
384 4
385 62
386 5
387 2
388 2
389 54
390 14
391 2
392 64
393 265
394 106
395 141
396 150
397 86
398 107
399 133
400 106
401 98
402 38
403 23
404 11
405 36
406 13
407 36
408 76
409 13
410 22
411 133
412 358
413 86
414 250
415 4
416 13
417 7
418 33
419 13
420 7
421 9
422 4
423 19
424 4
425 8
426 11
427 13
428 17
429 13
430 88
431 8
432 27
433 27
434 22
435 4
436 7
437 0
438 4
439 12
440 12
441 18
442 18
443 96
444 107
445 129
446 64
447 80
448 12
449 11
450 1
451 2
452 17
453 88
454 36
455 32
456 36
457 32
458 16
459 4
460 7
461 5
462 27
463 18
464 5
465 10
466 9
467 9
468 6
469 6
470 6
471 411
472 34
473 94
474 66
475 50
476 46
477 129
478 47
479 48
480 55
481 88
482 115
483 23
484 50
485 16
486 95
487 106
488 11
489 118
490 46
491 22
492 2
493 44
494 22
495 17
496 21
497 7
498 18
499 215
500 7
501 7
502 11
503 4
504 4
505 7
506 106
507 107
508 17
509 24
510 7
511 16
512 51
513 11
514 4
515 68
516 46
517 42
518 12
519 18
520 14
521 53
522 9
523 66
524 133
525 7
526 13
527 4
528 6
529 18
530 5
531 22
532 55
533 27
534 14
535 9
536 13
537 4
538 9
539 17
540 4
541 4
542 3
543 6
544 7
545 18
546 22
547 16
548 18
549 18
550 35
551 11
552 35
553 22
554 3
555 94
556 73
557 9
558 12
559 49
560 81
561 16
562 1
563 0
564 46
565 4
566 52
567 100
568 9
569 9
570 61
571 36
572 109
573 91
574 36
575 109
576 73
577 43
578 81
579 85
580 48
581 95
582 50
583 84
584 47
585 152
586 94
587 47
588 66
589 33
590 134
591 133
592 133
593 106
594 133
595 317
596 158
597 169
598 13
599 84
600 49
601 2
602 51
603 28
604 107
605 80
606 86
607 187
608 221
609 66
610 9
611 4
612 12
613 9
614 9
615 22
616 11
617 8
618 19
619 9
620 4
621 4
622 3
623 79
624 12
625 9
626 2
627 13
628 2
629 22
630 7
631 13
632 4
633 36
634 14
635 20
636 14
637 14
638 7
639 8
640 8
641 22
642 4
643 7
644 2
645 9
646 6
647 4
648 9
649 13
650 44
651 9
652 9
653 62
654 12
655 12
656 10
657 6
658 4
659 5
660 5
661 10
662 6
663 12
664 0
665 11
666 18
667 14
668 22
669 9
670 13
671 13
672 9
673 18
674 7
675 11
676 9
677 9
678 16
679 7
680 3
681 18
682 4
683 9
684 54
685 40
686 8
687 40
688 221
689 10
690 91
691 122
692 61
693 5
694 75
695 50
696 91
697 109
698 91
699 3
700 3
701 6
702 10
703 3
704 7
705 7
706 18
707 6
708 18
;

param Ttarget := 
1 1 1000
2 1 1000
3 1 1000
4 1 1000
5 1 500
6 1 500
7 1 500
8 1 500
1 2 1000
2 2 1000
3 2 1000
4 2 1000
5 2 500
6 2 500
7 2 500
8 2 500
1 3 1000
2 3 1000
3 3 1000
4 3 1000
5 3 500
6 3 500
7 3 500
8 3 500
1 4 1000
2 4 1000
3 4 1000
4 4 1000
5 4 500
6 4 500
7 4 500
8 4 500
1 5 1000
2 5 1000
3 5 1000
4 5 1000
5 5 500
6 5 500
7 5 500
8 5 500
;

set Olgerdin := 
139 
140 
141 
142 
143 
144 
145 
146 
147 
148 
149 
150 
151 
152 
153 
154 
155 
156 
157 
158 
159 
160 
161 
162 
170 
171 
172 
173 
174 
175 
176 
182 
183 
184 
186 
188 
309 
338 
339 
340 
341 
342 
343 
344 
345 
346 
347 
348 
349 
350 
351 
352 
353 
354 
355 
356 
357 
358 
359 
360 
362 
363 
364 
365 
390 
567 
568 
569 
570 
571 
572 
573 
574 
575 
576 
577 
578 
579 
580 
581 
582 
583 
584 
585 
586 
587 
588 
589 
590 
591 
592 
593 
594 
595 
596 
624 
684 
685 
686 
687 
688 
689 
690 
691 
692 
693 
694 
695 
696 
697 
698 
;
set Cola := 
1 
2 
3 
4 
5 
48 
177 
178 
179 
185 
366 
370 
371 
372 
373 
374 
375 
376 
377 
378 
379 
380 
381 
382 
383 
384 
385 
386 
387 
388 
389 
391 
597 
598 
599 
600 
601 
602 
603 
;
set Globus := 
6 
7 
8 
9 
10 
11 
12 
13 
14 
15 
16 
17 
18 
19 
20 
21 
22 
23 
24 
25 
26 
27 
28 
29 
30 
31 
32 
33 
34 
35 
36 
37 
38 
39 
40 
41 
42 
43 
44 
45 
46 
264 
265 
266 
267 
392 
393 
394 
395 
396 
397 
398 
399 
400 
401 
402 
403 
404 
405 
406 
407 
408 
409 
410 
411 
412 
413 
414 
415 
416 
417 
418 
419 
420 
421 
422 
423 
424 
425 
426 
427 
428 
430 
431 
432 
433 
434 
435 
436 
437 
438 
439 
440 
554 
604 
605 
606 
607 
608 
609 
610 
611 
612 
613 
614 
615 
616 
625 
626 
627 
628 
629 
630 
631 
632 
633 
634 
;
set Vintrio := 
189 
190 
191 
192 
193 
194 
195 
196 
197 
198 
199 
200 
201 
202 
203 
429 
;
set Brugghusstedja := 
;
set Dista := 
204 
205 
206 
207 
208 
209 
210 
211 
212 
213 
214 
215 
216 
217 
218 
219 
220 
221 
222 
223 
224 
566 
;
set Bakkus := 
47 
165 
169 
225 
226 
227 
228 
229 
232 
233 
247 
248 
249 
250 
251 
281 
313 
314 
635 
;
set Mekka := 
49 
50 
51 
52 
53 
54 
55 
56 
57 
58 
59 
60 
61 
62 
63 
64 
65 
66 
67 
68 
69 
70 
71 
72 
73 
74 
75 
76 
77 
78 
79 
80 
95 
164 
168 
456 
464 
465 
466 
467 
468 
469 
470 
471 
472 
473 
474 
475 
476 
477 
478 
479 
480 
481 
482 
483 
484 
485 
486 
487 
488 
489 
490 
491 
492 
493 
494 
495 
497 
498 
499 
500 
501 
502 
503 
504 
505 
506 
507 
;
set Eimskip := 
81 
82 
83 
84 
85 
86 
87 
88 
90 
91 
92 
93 
94 
252 
284 
285 
286 
287 
288 
289 
290 
291 
292 
293 
294 
295 
296 
297 
298 
299 
300 
301 
302 
303 
304 
305 
310 
311 
315 
316 
317 
318 
319 
320 
321 
322 
323 
361 
508 
509 
510 
511 
512 
513 
515 
516 
517 
518 
519 
520 
521 
522 
523 
524 
525 
526 
527 
528 
529 
530 
531 
532 
535 
536 
537 
538 
539 
540 
541 
542 
545 
546 
547 
548 
549 
550 
551 
552 
553 
557 
636 
637 
648 
653 
654 
655 
656 
657 
658 
;
set Samskip := 
96 
97 
98 
99 
100 
101 
102 
103 
104 
105 
106 
107 
108 
109 
110 
111 
112 
113 
114 
115 
116 
117 
118 
119 
120 
121 
122 
123 
124 
125 
126 
127 
128 
129 
130 
131 
132 
133 
134 
135 
136 
137 
138 
163 
166 
167 
180 
181 
187 
230 
231 
234 
235 
236 
237 
238 
239 
240 
241 
242 
243 
244 
245 
246 
253 
254 
255 
257 
258 
259 
260 
261 
262 
263 
268 
269 
270 
271 
272 
273 
274 
275 
278 
279 
280 
282 
283 
312 
327 
328 
329 
332 
333 
334 
335 
336 
337 
367 
368 
369 
441 
442 
443 
444 
445 
446 
447 
448 
449 
450 
451 
452 
453 
454 
455 
457 
458 
459 
460 
461 
462 
463 
496 
514 
543 
555 
556 
560 
561 
562 
563 
617 
618 
619 
620 
621 
622 
623 
638 
639 
640 
641 
642 
643 
644 
645 
646 
647 
649 
650 
651 
652 
659 
660 
662 
663 
664 
669 
670 
671 
672 
673 
674 
675 
676 
677 
678 
681 
682 
683 
699 
700 
701 
702 
703 
704 
705 
706 
707 
;
set Bannlisti := 
;
set Fixlisti := 
;
end;
