param S := 695;
param T := 8;
param D := 5;
param windowsize := 0;

param O := 
1 1
2 0
3 0
4 0
5 0
6 0
7 0
8 0
;

param EIM := 
1 0
2 0
3 0
4 0
5 0
6 0
7 1
8 0
;

param SAM := 
1 0
2 0
3 0
4 0
5 0
6 0
7 0
8 1
;

param A := 
1 71
2 46
3 74
4 11
5 34
6 44
7 9
8 143
9 11
10 64
11 106
12 104
13 141
14 150
15 150
16 2
17 98
18 133
19 0
20 11
21 22
22 44
23 31
24 4
25 23
26 17
27 4
28 12
29 17
30 9
31 4
32 16
33 7
34 17
35 12
36 4
37 12
38 4
39 9
40 5
41 9
42 14
43 2
44 2
45 18
46 172
47 34
48 9
49 27
50 44
51 19
52 38
53 106
54 6
55 6
56 5
57 9
58 4
59 6
60 44
61 10
62 58
63 4
64 4
65 133
66 265
67 106
68 179
69 133
70 133
71 110
72 265
73 88
74 52
75 42
76 221
77 107
78 38
79 55
80 55
81 13
82 46
83 18
84 21
85 29
86 27
87 44
88 75
89 110
90 18
91 4
92 7
93 4
94 4
95 4
96 22
97 7
98 2
99 62
100 12
101 13
102 13
103 12
104 4
105 4
106 20
107 4
108 2
109 1
110 6
111 6
112 1
113 12
114 4
115 34
116 44
117 11
118 18
119 7
120 23
121 7
122 27
123 44
124 4
125 4
126 24
127 9
128 24
129 2
130 55
131 4
132 14
133 8
134 3
135 134
136 12
137 9
138 17
139 50
140 25
141 75
142 12
143 25
144 12
145 4
146 7
147 8
148 27
149 38
150 107
151 133
152 96
153 13
154 4
155 18
156 8
157 91
158 36
159 73
160 36
161 55
162 73
163 14
164 55
165 85
166 19
167 168
168 134
169 64
170 133
171 33
172 18
173 99
174 221
175 44
176 1
177 2
178 0
179 1
180 9
181 2
182 14
183 4
184 9
185 17
186 36
187 0
188 36
189 80
190 186
191 31
192 24
193 10
194 10
195 27
196 6
197 14
198 4
199 4
200 4
201 20
202 158
203 44
204 55
205 7
206 4
207 1
208 1
209 60
210 4
211 2
212 7
213 4
214 12
215 43
216 52
217 24
218 19
219 24
220 24
221 12
222 7
223 81
224 22
225 106
226 133
227 86
228 60
229 13
230 9
231 4
232 32
233 265
234 13
235 13
236 7
237 4
238 5
239 7
240 45
241 7
242 215
243 179
244 60
245 72
246 7
247 4
248 11
249 4
250 32
251 5
252 12
253 2
254 4
255 2
256 7
257 4
258 2
259 48
260 9
261 13
262 7
263 22
264 9
265 14
266 5
267 9
268 27
269 14
270 7
271 9
272 27
273 9
274 5
275 15
276 5
277 13
278 7
279 44
280 7
281 51
282 27
283 2
284 7
285 61
286 4
287 9
288 126
289 42
290 46
291 18
292 18
293 57
294 88
295 22
296 12
297 2
298 28
299 28
300 7
301 7
302 3
303 7
304 48
305 48
306 12
307 6
308 1
309 12
310 2
311 4
312 4
313 11
314 2
315 4
316 9
317 4
318 12
319 68
320 5
321 1
322 5
323 12
324 7
325 4
326 1
327 6
328 5
329 127
330 9
331 2
332 2
333 4
334 2
335 55
336 55
337 36
338 36
339 75
340 12
341 25
342 50
343 97
344 12
345 5
346 81
347 40
348 106
349 79
350 52
351 101
352 40
353 59
354 37
355 14
356 18
357 61
358 5
359 61
360 28
361 61
362 14
363 12
364 134
365 5
366 5
367 5
368 5
369 122
370 5
371 73
372 2
373 23
374 32
375 13
376 73
377 5
378 2
379 4
380 5
381 22
382 27
383 44
384 88
385 65
386 88
387 40
388 13
389 4
390 4
391 169
392 84
393 48
394 190
395 19
396 5
397 63
398 63
399 73
400 63
401 51
402 36
403 5
404 61
405 5
406 24
407 112
408 267
409 154
410 2
411 265
412 21
413 7
414 2
415 8
416 146
417 104
418 42
419 107
420 80
421 86
422 122
423 358
424 86
425 71
426 23
427 36
428 11
429 44
430 53
431 7
432 55
433 177
434 4
435 26
436 6
437 16
438 16
439 22
440 44
441 22
442 14
443 22
444 20
445 44
446 13
447 12
448 44
449 13
450 11
451 4
452 18
453 121
454 13
455 24
456 88
457 320
458 107
459 18
460 36
461 64
462 14
463 9
464 19
465 7
466 9
467 24
468 9
469 19
470 40
471 0
472 35
473 22
474 36
475 15
476 5
477 221
478 36
479 123
480 86
481 185
482 106
483 86
484 86
485 179
486 5
487 9
488 6
489 6
490 5
491 6
492 14
493 157
494 65
495 36
496 221
497 141
498 0
499 55
500 54
501 28
502 106
503 133
504 265
505 64
506 2
507 9
508 27
509 18
510 8
511 6
512 18
513 333
514 44
515 22
516 125
517 113
518 53
519 27
520 23
521 55
522 76
523 249
524 68
525 42
526 28
527 53
528 7
529 5
530 35
531 8
532 4
533 4
534 4
535 2
536 46
537 18
538 19
539 139
540 72
541 0
542 9
543 0
544 9
545 2
546 9
547 4
548 15
549 26
550 9
551 35
552 7
553 17
554 17
555 0
556 30
557 15
558 61
559 45
560 1
561 6
562 24
563 1
564 9
565 4
566 1
567 0
568 1
569 3
570 8
571 30
572 5
573 3
574 4
575 8
576 7
577 5
578 0
579 1
580 1
581 4
582 2
583 133
584 106
585 50
586 25
587 25
588 9
589 0
590 17
591 47
592 152
593 219
594 47
595 52
596 79
597 48
598 81
599 96
600 124
601 0
602 73
603 55
604 55
605 75
606 109
607 146
608 26
609 128
610 36
611 474
612 80
613 4
614 2
615 120
616 54
617 76
618 4
619 7
620 7
621 5
622 2
623 4
624 5
625 2
626 4
627 76
628 6
629 35
630 27
631 25
632 38
633 4
634 9
635 5
636 106
637 64
638 222
639 107
640 265
641 88
642 106
643 106
644 133
645 29
646 4
647 11
648 1
649 1
650 28
651 32
652 6
653 3
654 9
655 9
656 12
657 33
658 32
659 9
660 7
661 13
662 18
663 15
664 6
665 1
666 1
667 40
668 42
669 51
670 26
671 5
672 134
673 12
674 3
675 109
676 73
677 11
678 10
679 5
680 5
681 73
682 73
683 73
684 109
685 146
686 6
687 5
688 10
689 10
690 4
691 10
692 18
693 6
694 18
695 14
;

param Ttarget := 
1 1 1000
2 1 1000
3 1 1000
4 1 1000
5 1 500
6 1 500
7 1 500
8 1 500
1 2 1000
2 2 1000
3 2 1000
4 2 1000
5 2 500
6 2 500
7 2 500
8 2 500
1 3 1000
2 3 1000
3 3 1000
4 3 1000
5 3 500
6 3 500
7 3 500
8 3 500
1 4 1000
2 4 1000
3 4 1000
4 4 1000
5 4 500
6 4 500
7 4 500
8 4 500
1 5 1000
2 5 1000
3 5 1000
4 5 1000
5 5 500
6 5 500
7 5 500
8 5 500
;

set Olgerdin := 
134 
135 
136 
137 
138 
139 
140 
141 
142 
143 
144 
145 
146 
147 
148 
149 
150 
151 
152 
153 
154 
155 
156 
157 
158 
159 
160 
161 
162 
163 
164 
165 
166 
167 
168 
169 
170 
171 
172 
173 
174 
175 
176 
177 
179 
181 
333 
335 
336 
337 
338 
339 
340 
341 
342 
343 
344 
345 
346 
347 
348 
349 
350 
351 
352 
353 
354 
355 
356 
357 
358 
359 
360 
361 
362 
363 
364 
365 
366 
367 
368 
369 
545 
583 
584 
585 
586 
587 
588 
589 
590 
591 
592 
593 
594 
595 
596 
597 
598 
599 
600 
601 
602 
603 
604 
605 
664 
665 
666 
667 
668 
669 
670 
671 
672 
673 
674 
675 
676 
677 
678 
679 
680 
681 
682 
683 
684 
685 
;
set Cola := 
178 
370 
371 
372 
373 
377 
378 
379 
380 
381 
382 
383 
384 
385 
386 
387 
388 
389 
391 
392 
393 
394 
395 
396 
397 
398 
399 
400 
401 
402 
406 
407 
408 
409 
410 
606 
607 
608 
609 
610 
611 
612 
648 
649 
;
set Globus := 
1 
2 
3 
4 
5 
6 
7 
8 
9 
10 
11 
12 
13 
14 
15 
16 
17 
18 
19 
20 
21 
22 
23 
24 
25 
26 
27 
28 
29 
30 
31 
32 
33 
34 
35 
36 
37 
38 
39 
40 
41 
46 
47 
48 
49 
50 
180 
304 
305 
306 
307 
308 
309 
310 
329 
330 
331 
332 
412 
413 
414 
415 
416 
417 
418 
419 
420 
421 
422 
423 
424 
425 
426 
427 
428 
429 
430 
431 
432 
433 
434 
438 
439 
440 
441 
442 
443 
444 
445 
446 
447 
468 
473 
626 
627 
628 
629 
630 
631 
632 
633 
634 
635 
636 
637 
638 
639 
640 
641 
642 
643 
644 
645 
646 
647 
;
set Vintrio := 
184 
185 
186 
187 
188 
189 
190 
191 
192 
193 
194 
195 
196 
411 
;
set Brugghusstedja := 
374 
375 
376 
;
set Dista := 
51 
87 
88 
89 
214 
215 
216 
217 
218 
219 
220 
221 
222 
223 
224 
225 
226 
227 
228 
229 
230 
;
set Bakkus := 
232 
233 
234 
235 
236 
237 
238 
239 
240 
241 
242 
243 
244 
245 
246 
247 
248 
249 
250 
251 
252 
253 
254 
255 
256 
257 
258 
259 
260 
261 
262 
263 
264 
279 
280 
281 
282 
283 
284 
;
set Mekka := 
52 
53 
54 
55 
56 
57 
58 
59 
60 
61 
62 
63 
64 
65 
66 
67 
68 
69 
70 
71 
72 
73 
74 
75 
76 
77 
78 
79 
80 
81 
82 
83 
84 
85 
86 
115 
182 
183 
334 
477 
478 
479 
480 
481 
482 
483 
484 
485 
486 
487 
488 
489 
490 
491 
492 
493 
494 
495 
496 
497 
498 
499 
500 
501 
502 
503 
504 
505 
506 
507 
508 
509 
510 
511 
512 
513 
515 
516 
517 
518 
519 
520 
521 
522 
523 
524 
525 
526 
527 
;
set Eimskip := 
99 
100 
101 
102 
103 
104 
105 
265 
277 
278 
288 
289 
290 
291 
292 
293 
294 
295 
311 
312 
313 
314 
514 
531 
532 
533 
534 
535 
536 
537 
538 
539 
540 
541 
542 
543 
544 
546 
547 
549 
550 
551 
552 
553 
554 
555 
556 
557 
558 
559 
560 
561 
562 
563 
564 
565 
566 
567 
568 
569 
570 
571 
572 
573 
574 
575 
577 
578 
579 
580 
581 
582 
651 
;
set Samskip := 
42 
43 
44 
45 
90 
91 
92 
93 
94 
95 
96 
97 
98 
106 
109 
110 
111 
112 
113 
114 
116 
117 
118 
119 
120 
121 
122 
123 
124 
125 
126 
127 
128 
129 
197 
198 
199 
200 
201 
202 
203 
204 
205 
206 
207 
208 
209 
210 
211 
212 
213 
231 
266 
267 
268 
269 
270 
271 
272 
273 
274 
275 
276 
296 
297 
298 
299 
300 
301 
302 
303 
317 
318 
319 
320 
321 
322 
323 
324 
325 
326 
327 
328 
390 
403 
404 
405 
435 
436 
437 
448 
449 
450 
451 
452 
453 
454 
455 
456 
457 
458 
459 
460 
461 
462 
463 
464 
465 
466 
467 
469 
470 
471 
472 
475 
476 
528 
529 
530 
548 
613 
614 
615 
616 
617 
618 
619 
620 
621 
622 
623 
624 
625 
650 
652 
653 
654 
655 
656 
657 
658 
659 
660 
661 
662 
663 
686 
687 
688 
689 
690 
691 
692 
693 
694 
;
set Bannlisti := 
;
set Fixlisti := 
;
end;
