param S := 902;
param T := 8;
param D := 5;
param windowsize := 0;

param O := 
1 1
2 0
3 0
4 0
5 0
6 0
7 0
8 0
;

param EIM := 
1 0
2 0
3 0
4 0
5 0
6 0
7 1
8 0
;

param SAM := 
1 0
2 0
3 0
4 0
5 0
6 0
7 0
8 1
;

param A := 
1 0
2 12
3 26
4 11
5 0
6 11
7 169
8 112
9 25
10 25
11 25
12 42
13 72
14 318
15 110
16 66
17 4
18 66
19 107
20 221
21 129
22 9
23 9
24 7
25 7
26 2
27 7
28 9
29 4
30 62
31 44
32 27
33 27
34 24
35 18
36 72
37 9
38 12
39 13
40 9
41 6
42 9
43 4
44 4
45 7
46 62
47 40
48 0
49 48
50 0
51 91
52 52
53 73
54 106
55 36
56 18
57 11
58 8
59 7
60 12
61 18
62 7
63 24
64 18
65 14
66 7
67 2
68 18
69 14
70 2
71 18
72 9
73 71
74 1
75 48
76 12
77 6
78 36
79 104
80 17
81 48
82 53
83 244
84 215
85 86
86 81
87 43
88 15
89 22
90 53
91 4
92 104
93 22
94 22
95 18
96 13
97 62
98 68
99 16
100 54
101 203
102 179
103 62
104 44
105 43
106 233
107 0
108 31
109 2
110 14
111 20
112 8
113 8
114 2
115 18
116 41
117 18
118 14
119 5
120 7
121 110
122 7
123 133
124 11
125 2
126 2
127 11
128 11
129 4
130 7
131 9
132 12
133 9
134 135
135 7
136 7
137 13
138 18
139 21
140 10
141 0
142 7
143 9
144 7
145 238
146 10
147 10
148 1
149 4
150 1
151 1
152 18
153 5
154 18
155 3
156 6
157 81
158 12
159 0
160 20
161 77
162 6
163 3
164 2
165 54
166 0
167 27
168 75
169 53
170 9
171 0
172 172
173 7
174 106
175 4
176 7
177 0
178 35
179 6
180 47
181 146
182 94
183 62
184 84
185 84
186 79
187 62
188 85
189 91
190 0
191 182
192 91
193 0
194 9
195 23
196 251
197 50
198 24
199 134
200 75
201 75
202 100
203 182
204 14
205 24
206 0
207 351
208 35
209 23
210 146
211 182
212 69
213 7
214 18
215 55
216 22
217 54
218 9
219 9
220 17
221 13
222 129
223 146
224 104
225 212
226 106
227 122
228 177
229 129
230 88
231 133
232 38
233 4
234 7
235 4
236 4
237 9
238 7
239 7
240 9
241 7
242 5
243 12
244 9
245 52
246 12
247 3
248 1
249 8
250 15
251 17
252 4
253 9
254 27
255 91
256 6
257 42
258 83
259 67
260 114
261 22
262 104
263 12
264 18
265 18
266 9
267 18
268 18
269 21
270 2
271 25
272 16
273 7
274 0
275 89
276 52
277 146
278 3
279 84
280 6
281 219
282 36
283 26
284 14
285 106
286 40
287 158
288 8
289 30
290 44
291 31
292 37
293 95
294 65
295 44
296 158
297 158
298 83
299 86
300 185
301 110
302 133
303 107
304 398
305 215
306 7
307 13
308 333
309 199
310 318
311 62
312 11
313 58
314 54
315 110
316 84
317 11
318 4
319 53
320 27
321 18
322 6
323 127
324 36
325 37
326 4
327 40
328 12
329 7
330 20
331 8
332 12
333 18
334 18
335 18
336 22
337 33
338 5
339 11
340 7
341 2
342 2
343 15
344 76
345 72
346 11
347 5
348 54
349 16
350 20
351 8
352 3
353 4
354 3
355 7
356 7
357 4
358 18
359 4
360 4
361 5
362 22
363 4
364 88
365 1
366 26
367 146
368 182
369 91
370 91
371 268
372 186
373 64
374 221
375 289
376 100
377 124
378 265
379 318
380 133
381 7
382 133
383 215
384 6
385 1
386 10
387 14
388 7
389 384
390 649
391 487
392 162
393 634
394 438
395 146
396 36
397 169
398 18
399 292
400 84
401 9
402 35
403 52
404 12
405 49
406 3
407 7
408 96
409 4
410 80
411 11
412 150
413 186
414 186
415 36
416 49
417 31
418 9
419 7
420 19
421 11
422 20
423 88
424 44
425 46
426 12
427 24
428 48
429 71
430 59
431 24
432 5
433 0
434 9
435 134
436 1
437 7
438 11
439 2
440 22
441 11
442 107
443 129
444 129
445 133
446 53
447 212
448 53
449 172
450 54
451 44
452 107
453 18
454 11
455 4
456 11
457 4
458 37
459 5
460 8
461 36
462 4
463 22
464 13
465 9
466 13
467 13
468 6
469 9
470 9
471 10
472 9
473 72
474 106
475 399
476 85
477 86
478 2
479 38
480 266
481 5
482 3
483 1
484 4
485 4
486 398
487 133
488 107
489 398
490 33
491 13
492 8
493 2
494 15
495 46
496 9
497 30
498 37
499 0
500 16
501 32
502 18
503 9
504 4
505 2
506 4
507 4
508 16
509 39
510 107
511 13
512 2
513 4
514 12
515 5
516 9
517 0
518 4
519 21
520 0
521 2
522 18
523 12
524 12
525 60
526 0
527 5
528 8
529 23
530 3
531 1
532 3
533 3
534 5
535 0
536 12
537 5
538 18
539 7
540 12
541 2
542 42
543 28
544 14
545 10
546 3
547 12
548 12
549 12
550 12
551 46
552 48
553 12
554 3
555 35
556 66
557 10
558 0
559 4
560 12
561 9
562 12
563 12
564 24
565 5
566 35
567 59
568 182
569 182
570 36
571 91
572 49
573 1
574 1
575 201
576 125
577 194
578 59
579 24
580 267
581 22
582 95
583 22
584 47
585 2
586 12
587 1
588 19
589 5
590 32
591 169
592 32
593 73
594 19
595 24
596 24
597 46
598 44
599 88
600 130
601 22
602 80
603 37
604 93
605 54
606 40
607 18
608 7
609 16
610 65
611 179
612 67
613 22
614 18
615 9
616 16
617 4
618 122
619 23
620 7
621 143
622 44
623 40
624 5
625 27
626 40
627 36
628 76
629 111
630 23
631 88
632 13
633 118
634 143
635 36
636 78
637 26
638 265
639 257
640 16
641 72
642 18
643 13
644 4
645 11
646 36
647 32
648 22
649 13
650 14
651 22
652 121
653 71
654 18
655 60
656 31
657 45
658 55
659 12
660 13
661 18
662 27
663 76
664 249
665 53
666 55
667 45
668 27
669 47
670 5
671 82
672 106
673 53
674 158
675 106
676 305
677 221
678 200
679 159
680 9
681 20
682 21
683 23
684 7
685 5
686 221
687 94
688 123
689 231
690 110
691 221
692 150
693 411
694 150
695 110
696 7
697 45
698 44
699 19
700 9
701 3
702 18
703 9
704 9
705 4
706 22
707 18
708 15
709 9
710 7
711 18
712 22
713 18
714 4
715 11
716 13
717 22
718 9
719 5
720 72
721 22
722 22
723 2
724 4
725 18
726 18
727 110
728 27
729 265
730 61
731 5
732 5
733 42
734 55
735 23
736 110
737 5
738 18
739 5
740 28
741 9
742 11
743 9
744 6
745 4
746 8
747 4
748 9
749 18
750 13
751 9
752 8
753 13
754 9
755 4
756 4
757 13
758 11
759 134
760 12
761 36
762 26
763 17
764 36
765 4
766 5
767 4
768 72
769 66
770 14
771 14
772 9
773 16
774 7
775 9
776 18
777 22
778 16
779 31
780 9
781 29
782 44
783 53
784 14
785 135
786 54
787 14
788 0
789 4
790 36
791 251
792 25
793 109
794 40
795 122
796 221
797 225
798 94
799 47
800 62
801 62
802 72
803 487
804 244
805 52
806 59
807 77
808 12
809 146
810 146
811 84
812 106
813 79
814 73
815 5
816 61
817 1
818 107
819 107
820 80
821 141
822 115
823 150
824 106
825 107
826 66
827 86
828 129
829 44
830 11
831 1
832 106
833 158
834 265
835 86
836 88
837 2
838 98
839 80
840 358
841 86
842 21
843 59
844 115
845 43
846 33
847 106
848 1
849 53
850 53
851 38
852 106
853 266
854 53
855 2
856 1
857 35
858 9
859 2
860 7
861 2
862 2
863 4
864 27
865 4
866 2
867 2
868 2
869 7
870 4
871 2
872 52
873 9
874 52
875 11
876 48
877 9
878 51
879 31
880 11
881 16
882 3
883 3
884 37
885 8
886 7
887 4
888 13
889 9
890 2
891 4
892 9
893 18
894 4
895 19
896 11
897 4
898 2
899 3
900 2
901 61
902 12
;

param Ttarget := 
1 1 1000
2 1 1000
3 1 1000
4 1 1000
5 1 500
6 1 500
7 1 500
8 1 500
1 2 1000
2 2 1000
3 2 1000
4 2 1000
5 2 500
6 2 500
7 2 500
8 2 500
1 3 1000
2 3 1000
3 3 1000
4 3 1000
5 3 500
6 3 500
7 3 500
8 3 500
1 4 1000
2 4 1000
3 4 1000
4 4 1000
5 4 500
6 4 500
7 4 500
8 4 500
1 5 1000
2 5 1000
3 5 1000
4 5 1000
5 5 500
6 5 500
7 5 500
8 5 500
;

set Olgerdin := 
1 
12 
13 
14 
15 
16 
17 
18 
19 
20 
107 
108 
158 
159 
160 
161 
163 
164 
165 
166 
167 
171 
172 
179 
180 
181 
182 
183 
184 
185 
186 
187 
188 
189 
190 
191 
192 
193 
194 
195 
196 
197 
198 
199 
200 
201 
202 
203 
204 
205 
206 
207 
208 
209 
275 
366 
367 
368 
369 
370 
371 
372 
373 
374 
375 
376 
377 
378 
379 
380 
382 
383 
384 
385 
386 
387 
388 
389 
390 
391 
392 
393 
567 
568 
569 
570 
571 
572 
573 
574 
575 
576 
577 
578 
579 
580 
581 
582 
583 
584 
585 
790 
791 
792 
793 
794 
795 
796 
797 
798 
799 
800 
801 
802 
803 
804 
805 
806 
807 
808 
;
set Cola := 
3 
4 
5 
6 
7 
8 
28 
29 
30 
31 
32 
33 
34 
35 
36 
37 
38 
50 
51 
52 
53 
54 
55 
134 
210 
211 
212 
279 
280 
281 
282 
283 
284 
394 
395 
396 
397 
398 
399 
400 
401 
586 
587 
588 
589 
590 
591 
597 
598 
599 
600 
601 
602 
603 
604 
605 
606 
607 
608 
609 
610 
611 
612 
809 
810 
811 
812 
813 
814 
;
set Globus := 
213 
214 
215 
216 
217 
218 
219 
220 
221 
222 
223 
224 
225 
226 
227 
228 
229 
230 
231 
232 
233 
234 
235 
236 
237 
238 
239 
240 
241 
242 
243 
244 
250 
251 
252 
253 
254 
255 
256 
257 
258 
259 
260 
261 
264 
265 
266 
267 
268 
269 
270 
271 
272 
548 
549 
550 
551 
552 
553 
554 
613 
614 
615 
616 
617 
618 
619 
620 
621 
622 
623 
624 
625 
626 
627 
628 
629 
630 
631 
632 
633 
634 
635 
657 
658 
818 
819 
820 
821 
822 
823 
824 
825 
826 
827 
832 
833 
834 
835 
836 
837 
838 
839 
840 
841 
;
set Vintrio := 
245 
246 
247 
248 
249 
402 
403 
404 
405 
406 
407 
408 
409 
410 
411 
412 
413 
414 
415 
416 
417 
418 
419 
420 
421 
422 
460 
461 
462 
463 
472 
828 
829 
830 
831 
;
set Brugghusstedja := 
276 
277 
525 
526 
592 
593 
594 
595 
596 
;
set Dista := 
73 
74 
75 
76 
77 
78 
79 
80 
81 
82 
83 
84 
85 
86 
87 
88 
89 
178 
262 
423 
424 
425 
426 
427 
428 
429 
430 
431 
432 
433 
434 
435 
436 
442 
443 
444 
445 
446 
447 
448 
449 
450 
451 
563 
566 
652 
653 
;
set Bakkus := 
90 
91 
92 
93 
94 
95 
96 
97 
98 
99 
100 
101 
102 
103 
104 
105 
106 
128 
129 
130 
133 
437 
438 
439 
440 
441 
452 
453 
454 
455 
456 
457 
458 
459 
556 
557 
558 
559 
654 
;
set Mekka := 
168 
169 
170 
174 
285 
286 
287 
288 
289 
290 
291 
292 
293 
294 
295 
296 
297 
298 
299 
300 
301 
302 
303 
304 
305 
306 
307 
308 
309 
310 
311 
312 
313 
314 
315 
316 
317 
318 
319 
320 
321 
322 
341 
342 
345 
346 
347 
348 
349 
350 
351 
364 
464 
465 
466 
467 
468 
469 
470 
471 
473 
474 
475 
476 
477 
478 
479 
480 
486 
487 
488 
489 
515 
555 
659 
660 
661 
662 
663 
664 
665 
666 
667 
668 
669 
670 
671 
672 
673 
674 
675 
676 
677 
678 
679 
680 
681 
683 
684 
685 
686 
687 
688 
689 
690 
691 
692 
693 
694 
695 
842 
843 
844 
847 
848 
849 
850 
851 
852 
853 
854 
;
set Eimskip := 
109 
110 
111 
112 
114 
115 
116 
117 
118 
119 
120 
121 
122 
123 
124 
125 
126 
127 
135 
136 
137 
138 
139 
140 
141 
142 
143 
144 
146 
147 
152 
162 
328 
329 
330 
331 
332 
333 
334 
335 
481 
482 
494 
495 
496 
497 
498 
499 
500 
501 
502 
503 
504 
505 
506 
507 
508 
517 
520 
521 
522 
528 
529 
530 
531 
532 
533 
534 
535 
536 
537 
560 
562 
564 
565 
696 
697 
698 
699 
700 
701 
702 
703 
704 
705 
706 
707 
708 
709 
710 
711 
712 
713 
714 
715 
716 
717 
718 
719 
720 
721 
722 
723 
724 
725 
726 
727 
728 
729 
730 
731 
732 
733 
734 
735 
736 
737 
738 
739 
778 
779 
872 
873 
874 
875 
876 
877 
878 
;
set Samskip := 
2 
9 
10 
11 
21 
22 
23 
24 
25 
26 
27 
39 
40 
41 
42 
43 
44 
45 
46 
47 
48 
49 
56 
57 
58 
59 
60 
61 
62 
63 
64 
65 
66 
67 
68 
69 
70 
71 
72 
113 
153 
154 
155 
156 
173 
175 
176 
177 
273 
274 
278 
323 
324 
325 
326 
327 
336 
337 
338 
339 
352 
353 
354 
355 
356 
357 
358 
359 
360 
361 
362 
363 
365 
381 
483 
490 
491 
492 
493 
509 
510 
511 
512 
513 
514 
538 
539 
540 
541 
542 
543 
544 
545 
546 
547 
636 
637 
638 
639 
640 
641 
642 
643 
644 
645 
646 
647 
648 
649 
650 
651 
655 
656 
682 
740 
741 
742 
743 
744 
745 
746 
747 
748 
749 
750 
751 
752 
753 
754 
755 
756 
757 
758 
759 
760 
761 
762 
763 
764 
765 
766 
767 
768 
769 
770 
771 
772 
773 
774 
775 
776 
777 
780 
781 
782 
783 
784 
785 
786 
787 
788 
789 
815 
816 
845 
846 
855 
856 
857 
858 
859 
860 
861 
862 
863 
864 
865 
866 
867 
868 
879 
880 
881 
882 
883 
886 
887 
888 
889 
890 
891 
892 
895 
896 
897 
898 
;
set Bannlisti := 
;
set Fixlisti := 
;
end;
