param S := 615;
param T := 8;
param D := 5;
param windowsize := 0;

param O := 
1 1
2 0
3 0
4 0
5 0
6 0
7 0
8 0
;

param EIM := 
1 0
2 0
3 0
4 0
5 0
6 0
7 1
8 0
;

param SAM := 
1 0
2 0
3 0
4 0
5 0
6 0
7 0
8 1
;

param A := 
1 115
2 222
3 53
4 133
5 53
6 44
7 18
8 7
9 15
10 47
11 52
12 133
13 38
14 179
15 212
16 107
17 6
18 6
19 5
20 6
21 27
22 34
23 265
24 185
25 133
26 27
27 27
28 25
29 183
30 55
31 65
32 15
33 7
34 16
35 13
36 11
37 27
38 9
39 13
40 2
41 8
42 27
43 4
44 4
45 4
46 7
47 4
48 4
49 4
50 15
51 2
52 4
53 7
54 6
55 0
56 2
57 4
58 2
59 2
60 4
61 0
62 36
63 12
64 9
65 9
66 12
67 66
68 33
69 194
70 2
71 3
72 201
73 301
74 61
75 122
76 134
77 64
78 221
79 106
80 168
81 113
82 166
83 106
84 133
85 133
86 4
87 107
88 84
89 182
90 86
91 127
92 255
93 219
94 12
95 4
96 13
97 4
98 4
99 9
100 9
101 26
102 12
103 14
104 12
105 1
106 12
107 24
108 143
109 7
110 166
111 72
112 88
113 36
114 11
115 177
116 9
117 22
118 9
119 8
120 8
121 13
122 13
123 12
124 8
125 12
126 28
127 7
128 32
129 13
130 18
131 11
132 2
133 150
134 13
135 21
136 12
137 107
138 177
139 86
140 106
141 97
142 178
143 221
144 66
145 86
146 186
147 129
148 172
149 54
150 36
151 78
152 36
153 59
154 24
155 12
156 24
157 2
158 7
159 4
160 22
161 4
162 18
163 4
164 2
165 2
166 2
167 35
168 1
169 2
170 4
171 7
172 22
173 18
174 22
175 7
176 28
177 4
178 44
179 53
180 9
181 22
182 75
183 35
184 44
185 44
186 18
187 88
188 12
189 4
190 14
191 5
192 8
193 10
194 2
195 10
196 3
197 18
198 12
199 14
200 18
201 7
202 24
203 36
204 18
205 7
206 7
207 2
208 2
209 3
210 12
211 1
212 1
213 12
214 14
215 12
216 6
217 5
218 6
219 18
220 3
221 13
222 90
223 9
224 2
225 7
226 20
227 4
228 4
229 2
230 2
231 31
232 11
233 6
234 4
235 2
236 2
237 8
238 4
239 4
240 4
241 4
242 18
243 5
244 18
245 27
246 9
247 44
248 20
249 6
250 29
251 24
252 2
253 1
254 7
255 12
256 2
257 14
258 28
259 7
260 9
261 9
262 12
263 12
264 6
265 3
266 4
267 7
268 23
269 4
270 13
271 92
272 21
273 17
274 2
275 2
276 9
277 8
278 8
279 8
280 1
281 1
282 8
283 7
284 4
285 1
286 1
287 3
288 7
289 8
290 94
291 47
292 40
293 52
294 21
295 42
296 62
297 137
298 15
299 7
300 50
301 100
302 24
303 97
304 17
305 2
306 9
307 22
308 22
309 2
310 5
311 2
312 5
313 5
314 5
315 182
316 10
317 5
318 28
319 61
320 5
321 100
322 5
323 4
324 18
325 40
326 38
327 70
328 8
329 3
330 158
331 10
332 8
333 17
334 3
335 22
336 109
337 69
338 36
339 83
340 267
341 103
342 16
343 78
344 31
345 18
346 43
347 17
348 1
349 9
350 2
351 2
352 1
353 9
354 4
355 4
356 4
357 33
358 35
359 16
360 18
361 11
362 23
363 4
364 4
365 64
366 257
367 36
368 133
369 215
370 257
371 80
372 26
373 22
374 21
375 27
376 2
377 8
378 2
379 4
380 20
381 9
382 7
383 2
384 169
385 50
386 28
387 84
388 92
389 72
390 200
391 267
392 68
393 4
394 5
395 9
396 6
397 6
398 13
399 4
400 4
401 53
402 53
403 41
404 265
405 107
406 86
407 110
408 411
409 86
410 137
411 66
412 49
413 88
414 139
415 97
416 168
417 18
418 135
419 237
420 74
421 65
422 11
423 24
424 59
425 28
426 14
427 7
428 54
429 18
430 24
431 64
432 20
433 33
434 29
435 80
436 18
437 22
438 13
439 9
440 4
441 9
442 4
443 9
444 6
445 18
446 5
447 4
448 11
449 3
450 5
451 14
452 9
453 30
454 38
455 18
456 9
457 20
458 4
459 14
460 7
461 7
462 18
463 4
464 24
465 3
466 29
467 23
468 2
469 24
470 0
471 1
472 0
473 71
474 3
475 61
476 32
477 32
478 32
479 1
480 32
481 32
482 22
483 4
484 8
485 9
486 106
487 10
488 3
489 8
490 96
491 325
492 162
493 158
494 7
495 238
496 22
497 100
498 150
499 128
500 128
501 109
502 55
503 0
504 26
505 47
506 5
507 86
508 120
509 11
510 4
511 7
512 75
513 37
514 46
515 32
516 72
517 40
518 4
519 23
520 146
521 109
522 52
523 127
524 58
525 190
526 52
527 3
528 1
529 0
530 1
531 2
532 1
533 2
534 2
535 2
536 2
537 2
538 2
539 0
540 2
541 2
542 2
543 5
544 2
545 4
546 0
547 2
548 0
549 1
550 2
551 44
552 13
553 13
554 13
555 22
556 18
557 4
558 4
559 2
560 4
561 2
562 2
563 28
564 54
565 3
566 0
567 35
568 69
569 4
570 9
571 9
572 44
573 42
574 37
575 46
576 106
577 46
578 27
579 181
580 34
581 14
582 7
583 2
584 7
585 3
586 59
587 27
588 4
589 4
590 4
591 5
592 4
593 2
594 2
595 2
596 4
597 2
598 7
599 1
600 0
601 4
602 0
603 2
604 26
605 24
606 122
607 11
608 972
609 134
610 17
611 109
612 50
613 125
614 91
615 11
;

param Ttarget := 
1 1 1000
2 1 1000
3 1 1000
4 1 1000
5 1 500
6 1 500
7 1 500
8 1 500
1 2 1000
2 2 1000
3 2 1000
4 2 1000
5 2 500
6 2 500
7 2 500
8 2 500
1 3 1000
2 3 1000
3 3 1000
4 3 1000
5 3 500
6 3 500
7 3 500
8 3 500
1 4 1000
2 4 1000
3 4 1000
4 4 1000
5 4 500
6 4 500
7 4 500
8 4 500
1 5 1000
2 5 1000
3 5 1000
4 5 1000
5 5 500
6 5 500
7 5 500
8 5 500
;

set Olgerdin := 
72 
73 
74 
75 
76 
77 
78 
79 
80 
81 
82 
83 
84 
85 
86 
87 
88 
190 
290 
291 
292 
293 
294 
295 
296 
297 
298 
299 
300 
301 
302 
303 
304 
305 
306 
307 
308 
309 
310 
311 
312 
313 
314 
315 
316 
317 
318 
319 
320 
321 
322 
323 
324 
325 
326 
327 
328 
329 
330 
331 
332 
333 
334 
335 
489 
490 
491 
492 
493 
494 
495 
496 
497 
498 
499 
500 
501 
502 
503 
529 
535 
548 
596 
597 
600 
603 
604 
605 
606 
607 
608 
609 
610 
611 
612 
613 
614 
;
set Cola := 
70 
89 
90 
91 
92 
93 
336 
337 
338 
339 
340 
341 
504 
505 
512 
513 
514 
515 
516 
517 
518 
519 
520 
521 
522 
523 
524 
525 
526 
543 
549 
593 
602 
;
set Globus := 
94 
95 
96 
97 
98 
99 
100 
107 
108 
109 
110 
111 
112 
113 
114 
115 
116 
117 
118 
119 
120 
121 
122 
123 
124 
125 
126 
137 
138 
139 
140 
141 
142 
143 
144 
145 
146 
262 
263 
454 
530 
540 
;
set Vintrio := 
101 
102 
103 
104 
105 
106 
127 
128 
129 
130 
131 
132 
133 
134 
135 
136 
527 
528 
601 
;
set Brugghusstedja := 
69 
;
set Dista := 
147 
148 
149 
150 
151 
152 
153 
154 
155 
156 
157 
;
set Bakkus := 
158 
159 
160 
161 
162 
163 
164 
166 
167 
170 
171 
172 
173 
174 
175 
176 
177 
178 
179 
180 
181 
182 
183 
184 
185 
247 
533 
542 
;
set Mekka := 
1 
2 
3 
4 
5 
6 
7 
8 
9 
10 
11 
12 
13 
14 
15 
16 
17 
18 
19 
20 
21 
22 
23 
24 
25 
26 
27 
28 
29 
30 
31 
32 
375 
376 
377 
378 
379 
380 
381 
382 
383 
384 
385 
386 
387 
388 
389 
390 
391 
392 
393 
394 
395 
396 
397 
398 
399 
400 
401 
402 
403 
404 
405 
406 
407 
408 
409 
410 
411 
412 
413 
414 
415 
416 
417 
418 
419 
420 
532 
534 
594 
595 
599 
;
set Eimskip := 
33 
34 
47 
48 
222 
223 
224 
225 
226 
227 
228 
229 
230 
237 
238 
239 
240 
249 
264 
265 
266 
267 
268 
269 
270 
271 
272 
273 
274 
275 
276 
277 
278 
279 
280 
281 
282 
283 
284 
285 
286 
287 
288 
421 
422 
423 
424 
425 
426 
427 
428 
429 
430 
431 
432 
433 
434 
435 
436 
437 
443 
444 
445 
446 
447 
448 
449 
450 
451 
452 
453 
455 
456 
457 
458 
459 
460 
461 
463 
466 
467 
474 
475 
476 
477 
478 
479 
480 
481 
541 
545 
564 
565 
566 
567 
568 
573 
574 
575 
576 
577 
578 
579 
580 
581 
582 
;
set Samskip := 
35 
36 
37 
38 
39 
40 
41 
42 
43 
44 
45 
46 
49 
50 
51 
52 
53 
54 
55 
56 
57 
58 
59 
60 
61 
62 
63 
64 
65 
66 
67 
68 
71 
165 
168 
169 
186 
187 
188 
189 
191 
192 
193 
194 
195 
196 
197 
198 
199 
200 
201 
202 
203 
204 
205 
206 
207 
208 
209 
210 
211 
212 
213 
214 
215 
216 
217 
218 
219 
220 
221 
231 
232 
233 
234 
235 
236 
241 
242 
243 
244 
248 
250 
252 
253 
254 
255 
256 
257 
258 
259 
342 
343 
344 
345 
346 
347 
348 
349 
350 
351 
353 
354 
355 
356 
357 
358 
359 
360 
361 
362 
363 
364 
365 
366 
367 
368 
369 
370 
371 
372 
373 
374 
438 
439 
440 
441 
442 
462 
464 
465 
468 
469 
470 
471 
472 
473 
482 
483 
484 
485 
486 
487 
488 
506 
507 
508 
509 
510 
511 
531 
536 
537 
538 
539 
544 
546 
547 
551 
552 
553 
554 
555 
556 
557 
558 
559 
560 
561 
562 
569 
570 
571 
572 
586 
587 
588 
598 
;
set Bannlisti := 
;
set Fixlisti := 
;
end;
