param S := 602;
param T := 8;
param D := 5;
param windowsize := 0;

param O := 
1 1
2 0
3 0
4 0
5 0
6 0
7 0
8 0
;

param EIM := 
1 0
2 0
3 0
4 0
5 0
6 0
7 1
8 0
;

param SAM := 
1 0
2 0
3 0
4 0
5 0
6 0
7 0
8 1
;

param A := 
1 2
2 5
3 211
4 127
5 0
6 63
7 84
8 10
9 10
10 4
11 4
12 9
13 9
14 5
15 6
16 5
17 47
18 150
19 133
20 27
21 55
22 65
23 65
24 83
25 80
26 2
27 4
28 2
29 66
30 44
31 55
32 27
33 51
34 18
35 44
36 13
37 13
38 31
39 9
40 9
41 27
42 9
43 9
44 4
45 7
46 13
47 4
48 4
49 11
50 179
51 106
52 14
53 110
54 46
55 24
56 66
57 41
58 9
59 0
60 25
61 8
62 9
63 9
64 4
65 4
66 1
67 6
68 1
69 2
70 1
71 4
72 16
73 9
74 11
75 11
76 8
77 0
78 61
79 15
80 16
81 114
82 4
83 12
84 9
85 9
86 12
87 3
88 5
89 3
90 7
91 9
92 18
93 7
94 1
95 7
96 3
97 2
98 54
99 68
100 3
101 94
102 5
103 14
104 8
105 8
106 66
107 44
108 14
109 12
110 3
111 109
112 73
113 109
114 27
115 2
116 25
117 77
118 13
119 77
120 99
121 33
122 10
123 124
124 40
125 90
126 107
127 4
128 9
129 7
130 2
131 1
132 1
133 164
134 91
135 91
136 43
137 18
138 24
139 16
140 3
141 73
142 146
143 3
144 17
145 1
146 7
147 3
148 64
149 13
150 22
151 80
152 110
153 49
154 11
155 12
156 9
157 7
158 2
159 158
160 107
161 7
162 6
163 14
164 16
165 20
166 107
167 107
168 212
169 133
170 39
171 18
172 20
173 18
174 9
175 60
176 12
177 59
178 12
179 38
180 19
181 7
182 134
183 2
184 24
185 12
186 69
187 86
188 3
189 44
190 9
191 44
192 119
193 215
194 44
195 44
196 22
197 9
198 0
199 9
200 16
201 18
202 7
203 32
204 4
205 9
206 2
207 4
208 5
209 18
210 13
211 18
212 11
213 2
214 66
215 22
216 44
217 3
218 10
219 2
220 2
221 12
222 7
223 18
224 2
225 28
226 28
227 7
228 6
229 5
230 1
231 1
232 1
233 8
234 15
235 3
236 3
237 6
238 2
239 12
240 48
241 48
242 2
243 2
244 13
245 13
246 11
247 2
248 6
249 7
250 25
251 38
252 46
253 23
254 40
255 52
256 9
257 51
258 105
259 63
260 5
261 9
262 4
263 81
264 4
265 70
266 23
267 52
268 59
269 7
270 37
271 7
272 7
273 8
274 22
275 26
276 73
277 73
278 73
279 26
280 32
281 28
282 14
283 23
284 28
285 18
286 38
287 53
288 14
289 18
290 72
291 18
292 146
293 72
294 88
295 44
296 107
297 219
298 55
299 35
300 0
301 106
302 64
303 106
304 141
305 150
306 86
307 106
308 133
309 358
310 186
311 7
312 7
313 4
314 23
315 7
316 2
317 16
318 4
319 80
320 40
321 62
322 16
323 9
324 9
325 0
326 2
327 1
328 13
329 16
330 4
331 4
332 27
333 5
334 0
335 7
336 8
337 9
338 60
339 18
340 9
341 2
342 55
343 177
344 7
345 36
346 13
347 11
348 4
349 13
350 4
351 1
352 65
353 3
354 38
355 76
356 74
357 8
358 83
359 72
360 67
361 11
362 17
363 39
364 17
365 36
366 11
367 51
368 3
369 5
370 9
371 4
372 13
373 6
374 9
375 6
376 84
377 53
378 10
379 31
380 44
381 107
382 265
383 107
384 86
385 85
386 7
387 13
388 72
389 129
390 166
391 70
392 38
393 80
394 36
395 37
396 333
397 411
398 231
399 2
400 4
401 4
402 9
403 13
404 4
405 14
406 21
407 34
408 4
409 13
410 106
411 2
412 4
413 7
414 0
415 4
416 133
417 8
418 4
419 3
420 7
421 2
422 0
423 4
424 0
425 4
426 28
427 9
428 12
429 6
430 13
431 11
432 13
433 18
434 9
435 0
436 2
437 88
438 5
439 5
440 7
441 9
442 5
443 5
444 38
445 4
446 2
447 12
448 1
449 5
450 6
451 4
452 4
453 4
454 1
455 0
456 219
457 62
458 84
459 62
460 81
461 158
462 106
463 106
464 133
465 50
466 12
467 25
468 100
469 25
470 75
471 134
472 5
473 5
474 5
475 91
476 10
477 61
478 5
479 36
480 36
481 801
482 109
483 6
484 2
485 2
486 2
487 5
488 0
489 0
490 0
491 0
492 1
493 0
494 1
495 0
496 104
497 107
498 133
499 107
500 115
501 122
502 98
503 106
504 106
505 133
506 72
507 4
508 8
509 22
510 88
511 7
512 22
513 12
514 12
515 9
516 1
517 9
518 64
519 18
520 18
521 4
522 9
523 36
524 44
525 80
526 18
527 13
528 7
529 15
530 7
531 36
532 54
533 250
534 12
535 1
536 11
537 12
538 0
539 2
540 7
541 13
542 4
543 4
544 12
545 25
546 0
547 7
548 9
549 14
550 10
551 86
552 20
553 31
554 55
555 6
556 4
557 15
558 54
559 16
560 22
561 8
562 4
563 4
564 4
565 8
566 15
567 15
568 30
569 27
570 11
571 11
572 4
573 4
574 9
575 12
576 12
577 16
578 11
579 18
580 91
581 36
582 91
583 91
584 14
585 182
586 44
587 51
588 31
589 62
590 7
591 77
592 4
593 16
594 36
595 1
596 9
597 6
598 9
599 6
600 4
601 7
602 2
;

param Ttarget := 
1 1 1000
2 1 1000
3 1 1000
4 1 1000
5 1 500
6 1 500
7 1 500
8 1 500
1 2 1000
2 2 1000
3 2 1000
4 2 1000
5 2 500
6 2 500
7 2 500
8 2 500
1 3 1000
2 3 1000
3 3 1000
4 3 1000
5 3 500
6 3 500
7 3 500
8 3 500
1 4 1000
2 4 1000
3 4 1000
4 4 1000
5 4 500
6 4 500
7 4 500
8 4 500
1 5 1000
2 5 1000
3 5 1000
4 5 1000
5 5 500
6 5 500
7 5 500
8 5 500
;

set Olgerdin := 
111 
112 
113 
114 
115 
116 
117 
118 
119 
120 
121 
122 
123 
124 
125 
126 
127 
128 
129 
130 
131 
250 
251 
252 
253 
254 
255 
256 
257 
258 
259 
260 
261 
262 
263 
264 
265 
266 
267 
268 
269 
270 
271 
272 
273 
274 
280 
281 
282 
283 
284 
285 
286 
287 
288 
300 
351 
455 
456 
457 
458 
459 
460 
461 
462 
463 
464 
465 
466 
467 
468 
469 
470 
471 
472 
473 
474 
475 
476 
477 
478 
479 
480 
481 
482 
488 
492 
493 
495 
578 
579 
580 
581 
582 
583 
584 
585 
586 
587 
588 
589 
590 
591 
592 
593 
594 
595 
596 
597 
598 
599 
600 
601 
;
set Cola := 
2 
3 
4 
5 
6 
7 
132 
133 
134 
135 
136 
137 
138 
139 
140 
141 
143 
279 
289 
290 
291 
292 
293 
294 
295 
296 
297 
298 
299 
319 
320 
321 
352 
353 
;
set Globus := 
238 
239 
240 
241 
242 
243 
301 
302 
303 
304 
305 
306 
307 
308 
309 
310 
311 
312 
313 
314 
315 
316 
317 
318 
342 
343 
344 
345 
346 
347 
348 
349 
350 
354 
355 
356 
357 
358 
359 
360 
361 
487 
496 
497 
498 
499 
500 
501 
502 
503 
504 
505 
506 
507 
508 
509 
510 
511 
512 
513 
514 
515 
521 
522 
523 
524 
525 
526 
527 
528 
529 
530 
531 
532 
533 
538 
539 
540 
541 
542 
543 
544 
545 
546 
547 
;
set Vintrio := 
144 
145 
146 
147 
148 
149 
150 
151 
152 
153 
154 
155 
156 
245 
516 
517 
518 
519 
520 
534 
535 
536 
537 
;
set Brugghusstedja := 
275 
276 
277 
278 
;
set Dista := 
166 
167 
168 
169 
170 
171 
172 
173 
174 
175 
176 
177 
178 
179 
180 
181 
182 
183 
184 
185 
186 
;
set Bakkus := 
8 
9 
10 
11 
30 
31 
32 
33 
34 
35 
187 
188 
189 
190 
191 
192 
193 
194 
195 
196 
197 
198 
199 
200 
201 
202 
203 
204 
205 
206 
207 
208 
209 
210 
211 
212 
484 
558 
;
set Mekka := 
12 
13 
14 
15 
16 
17 
18 
19 
20 
21 
22 
23 
24 
25 
26 
27 
28 
29 
49 
50 
51 
52 
53 
54 
55 
56 
57 
58 
369 
370 
371 
372 
373 
374 
375 
376 
377 
378 
379 
380 
381 
382 
383 
384 
385 
386 
387 
388 
389 
390 
391 
392 
393 
394 
395 
396 
397 
398 
436 
437 
438 
439 
440 
441 
442 
443 
444 
445 
485 
486 
489 
490 
494 
;
set Eimskip := 
59 
60 
61 
62 
66 
67 
68 
69 
70 
72 
76 
77 
78 
79 
80 
81 
88 
89 
215 
216 
217 
218 
219 
220 
237 
246 
247 
248 
362 
363 
364 
365 
366 
367 
368 
399 
400 
401 
402 
403 
404 
405 
406 
407 
408 
409 
410 
411 
412 
413 
414 
415 
416 
417 
418 
419 
420 
421 
422 
491 
565 
566 
567 
568 
569 
;
set Samskip := 
1 
36 
37 
38 
39 
40 
41 
42 
43 
44 
45 
46 
47 
48 
63 
64 
65 
71 
73 
74 
75 
82 
83 
84 
85 
86 
87 
93 
94 
95 
96 
97 
98 
99 
100 
101 
102 
103 
104 
105 
106 
107 
108 
109 
142 
157 
158 
159 
160 
161 
162 
163 
164 
165 
213 
214 
221 
222 
223 
224 
225 
226 
227 
228 
229 
230 
231 
232 
233 
234 
235 
236 
244 
249 
323 
324 
325 
326 
327 
328 
329 
330 
331 
332 
333 
334 
335 
336 
337 
338 
339 
340 
341 
426 
427 
428 
429 
430 
431 
432 
433 
446 
447 
448 
449 
450 
451 
452 
453 
548 
549 
550 
551 
552 
553 
554 
555 
556 
557 
559 
560 
561 
562 
563 
564 
570 
571 
572 
573 
574 
;
set Bannlisti := 
;
set Fixlisti := 
;
end;
