param S := 501;
param T := 8;
param D := 5;
param windowsize := 0;

param O := 
1 1
2 0
3 0
4 0
5 0
6 0
7 0
8 0
;

param EIM := 
1 0
2 0
3 0
4 0
5 0
6 0
7 1
8 0
;

param SAM := 
1 0
2 0
3 0
4 0
5 0
6 0
7 0
8 1
;

param A := 
1 100
2 91
3 5
4 10
5 28
6 81
7 158
8 5
9 66
10 338
11 111
12 20
13 20
14 40
15 66
16 221
17 134
18 168
19 7
20 7
21 88
22 36
23 36
24 221
25 55
26 88
27 27
28 40
29 221
30 64
31 4
32 9
33 13
34 22
35 8
36 2
37 91
38 182
39 52
40 63
41 134
42 52
43 42
44 106
45 80
46 133
47 107
48 133
49 122
50 358
51 133
52 27
53 71
54 4
55 36
56 72
57 44
58 76
59 27
60 55
61 4
62 18
63 4
64 5
65 13
66 4
67 2
68 4
69 22
70 4
71 11
72 2
73 88
74 29
75 44
76 44
77 44
78 88
79 18
80 7
81 4
82 8
83 4
84 6
85 46
86 7
87 7
88 9
89 21
90 15
91 4
92 18
93 8
94 13
95 2
96 9
97 7
98 6
99 2
100 4
101 4
102 2
103 17
104 7
105 9
106 4
107 3
108 8
109 66
110 4
111 2
112 129
113 11
114 13
115 2
116 4
117 9
118 5
119 2
120 30
121 9
122 6
123 6
124 9
125 9
126 10
127 3
128 1
129 1
130 12
131 1
132 1
133 129
134 137
135 53
136 53
137 86
138 107
139 318
140 398
141 133
142 9
143 73
144 80
145 47
146 92
147 46
148 64
149 50
150 37
151 66
152 18
153 11
154 14
155 13
156 13
157 13
158 76
159 20
160 30
161 7
162 38
163 69
164 7
165 23
166 6
167 8
168 22
169 14
170 18
171 44
172 14
173 31
174 22
175 24
176 36
177 52
178 36
179 27
180 31
181 18
182 44
183 4
184 4
185 9
186 13
187 5
188 7
189 1
190 251
191 182
192 91
193 61
194 61
195 5
196 182
197 25
198 100
199 219
200 109
201 146
202 48
203 12
204 134
205 11
206 134
207 8
208 40
209 5
210 63
211 110
212 21
213 99
214 13
215 55
216 44
217 134
218 100
219 4
220 4
221 2
222 7
223 7
224 42
225 168
226 113
227 2
228 3
229 13
230 7
231 7
232 268
233 18
234 40
235 11
236 73
237 19
238 140
239 36
240 18
241 13
242 328
243 148
244 5
245 35
246 6
247 4
248 21
249 84
250 6
251 63
252 292
253 43
254 43
255 36
256 108
257 26
258 26
259 133
260 150
261 88
262 98
263 66
264 86
265 129
266 88
267 36
268 41
269 34
270 71
271 46
272 44
273 83
274 44
275 4
276 9
277 14
278 40
279 20
280 12
281 69
282 7
283 11
284 18
285 4
286 9
287 2
288 4
289 4
290 18
291 4
292 53
293 88
294 8
295 22
296 44
297 36
298 16
299 7
300 18
301 16
302 14
303 15
304 9
305 2
306 0
307 4
308 4
309 9
310 16
311 4
312 9
313 30
314 2
315 1
316 14
317 8
318 3
319 2
320 20
321 9
322 13
323 2
324 5
325 2
326 18
327 11
328 129
329 22
330 33
331 80
332 186
333 40
334 36
335 27
336 20
337 9
338 4
339 4
340 22
341 7
342 20
343 90
344 4
345 14
346 17
347 107
348 133
349 22
350 18
351 2
352 9
353 11
354 35
355 36
356 6
357 6
358 6
359 9
360 2
361 6
362 221
363 265
364 411
365 107
366 86
367 0
368 37
369 84
370 115
371 44
372 90
373 110
374 105
375 22
376 36
377 67
378 51
379 13
380 22
381 305
382 169
383 3
384 5
385 8
386 8
387 18
388 5
389 4
390 97
391 17
392 17
393 13
394 24
395 11
396 16
397 5
398 127
399 1
400 1
401 3
402 1
403 2
404 7
405 28
406 76
407 13
408 13
409 18
410 4
411 17
412 14
413 10
414 0
415 22
416 7
417 9
418 11
419 4
420 4
421 9
422 4
423 2
424 110
425 5
426 25
427 28
428 28
429 0
430 41
431 4
432 51
433 2
434 5
435 14
436 20
437 2
438 7
439 13
440 13
441 7
442 7
443 27
444 13
445 13
446 3
447 27
448 20
449 27
450 13
451 21
452 65
453 22
454 66
455 4
456 32
457 32
458 32
459 12
460 32
461 13
462 162
463 21
464 2
465 12
466 17
467 12
468 6
469 11
470 40
471 13
472 2
473 3
474 7
475 13
476 44
477 13
478 7
479 5
480 10
481 15
482 9
483 13
484 4
485 9
486 13
487 2
488 18
489 53
490 27
491 13
492 2
493 53
494 27
495 37
496 16
497 20
498 44
499 33
500 80
501 2
;

param Ttarget := 
1 1 1000
2 1 1000
3 1 1000
4 1 1000
5 1 500
6 1 500
7 1 500
8 1 500
1 2 1000
2 2 1000
3 2 1000
4 2 1000
5 2 500
6 2 500
7 2 500
8 2 500
1 3 1000
2 3 1000
3 3 1000
4 3 1000
5 3 500
6 3 500
7 3 500
8 3 500
1 4 1000
2 4 1000
3 4 1000
4 4 1000
5 4 500
6 4 500
7 4 500
8 4 500
1 5 1000
2 5 1000
3 5 1000
4 5 1000
5 5 500
6 5 500
7 5 500
8 5 500
;

set Olgerdin := 
1 
2 
3 
4 
5 
6 
7 
8 
9 
10 
11 
12 
13 
14 
15 
16 
17 
18 
19 
20 
21 
22 
23 
24 
25 
26 
27 
28 
29 
30 
190 
191 
192 
193 
194 
195 
196 
197 
198 
199 
200 
201 
202 
203 
204 
205 
206 
207 
208 
209 
210 
211 
212 
213 
214 
215 
216 
217 
218 
219 
220 
221 
222 
223 
224 
225 
226 
227 
228 
229 
230 
231 
232 
233 
234 
255 
256 
257 
258 
;
set Cola := 
31 
32 
33 
34 
35 
36 
37 
38 
39 
40 
41 
103 
235 
236 
237 
238 
242 
243 
244 
245 
246 
247 
248 
249 
250 
251 
252 
253 
254 
318 
;
set Globus := 
42 
43 
44 
45 
46 
47 
48 
49 
50 
51 
52 
53 
54 
55 
56 
57 
58 
59 
60 
61 
62 
63 
64 
65 
66 
67 
68 
69 
70 
72 
73 
74 
75 
76 
77 
78 
79 
80 
81 
82 
83 
84 
85 
86 
87 
259 
260 
261 
262 
263 
264 
265 
266 
267 
268 
269 
270 
271 
272 
273 
274 
275 
276 
282 
283 
284 
285 
286 
287 
288 
289 
290 
291 
292 
293 
294 
295 
296 
297 
298 
299 
304 
305 
306 
307 
308 
309 
310 
311 
312 
313 
319 
320 
321 
322 
323 
324 
325 
336 
337 
338 
339 
340 
341 
342 
;
set Vintrio := 
277 
278 
279 
300 
301 
302 
303 
314 
315 
316 
317 
326 
327 
328 
329 
330 
331 
332 
333 
334 
335 
;
set Brugghusstedja := 
;
set Dista := 
280 
281 
;
set Bakkus := 
343 
345 
346 
347 
348 
349 
350 
351 
352 
353 
;
set Mekka := 
88 
89 
90 
91 
92 
93 
94 
95 
96 
121 
122 
123 
124 
125 
126 
127 
133 
134 
135 
136 
137 
138 
139 
140 
141 
142 
143 
144 
145 
146 
147 
148 
149 
150 
151 
152 
356 
357 
358 
359 
360 
361 
362 
363 
364 
365 
366 
367 
368 
369 
370 
371 
372 
373 
374 
375 
376 
377 
378 
379 
380 
381 
382 
;
set Eimskip := 
153 
154 
155 
158 
159 
160 
161 
162 
163 
164 
165 
166 
177 
178 
179 
180 
181 
182 
383 
384 
385 
386 
387 
388 
389 
390 
391 
392 
393 
394 
395 
396 
397 
399 
400 
401 
402 
403 
404 
405 
406 
408 
409 
410 
411 
412 
413 
414 
417 
418 
419 
420 
421 
425 
426 
427 
428 
429 
430 
431 
432 
433 
434 
435 
436 
452 
453 
454 
456 
457 
458 
459 
460 
461 
478 
;
set Samskip := 
97 
98 
99 
100 
101 
102 
104 
105 
106 
107 
108 
109 
110 
111 
112 
113 
114 
115 
116 
117 
118 
119 
120 
128 
129 
130 
131 
132 
156 
157 
167 
168 
169 
170 
171 
172 
173 
174 
183 
185 
186 
187 
188 
239 
240 
241 
398 
415 
416 
424 
437 
438 
439 
440 
441 
442 
443 
444 
445 
446 
447 
448 
449 
450 
451 
455 
463 
464 
465 
466 
467 
468 
469 
470 
471 
474 
475 
476 
477 
479 
480 
481 
482 
483 
484 
485 
486 
487 
488 
495 
496 
497 
498 
499 
500 
;
set Bannlisti := 
;
set Fixlisti := 
;
end;
