param S := 674;
param T := 8;
param D := 5;
param windowsize := 0;

param O := 
1 1
2 0
3 0
4 0
5 0
6 0
7 0
8 0
;

param EIM := 
1 0
2 0
3 0
4 0
5 0
6 0
7 1
8 0
;

param SAM := 
1 0
2 0
3 0
4 0
5 0
6 0
7 0
8 1
;

param A := 
1 211
2 26
3 10
4 84
5 140
6 55
7 4
8 4
9 27
10 158
11 106
12 42
13 141
14 115
15 150
16 88
17 537
18 186
19 133
20 9
21 36
22 71
23 8
24 137
25 38
26 6
27 34
28 34
29 80
30 7
31 122
32 14
33 6
34 16
35 6
36 8
37 40
38 22
39 18
40 88
41 9
42 4
43 9
44 7
45 9
46 4
47 9
48 3
49 17
50 4
51 4
52 7
53 12
54 2
55 265
56 107
57 106
58 133
59 107
60 6
61 5
62 9
63 9
64 6
65 9
66 123
67 107
68 265
69 110
70 110
71 221
72 47
73 9
74 4
75 7
76 9
77 7
78 2
79 1
80 84
81 67
82 28
83 55
84 80
85 222
86 15
87 38
88 95
89 13
90 11
91 7
92 7
93 2
94 18
95 2
96 7
97 4
98 5
99 15
100 33
101 4
102 22
103 18
104 22
105 13
106 40
107 5
108 2
109 44
110 11
111 7
112 4
113 2
114 13
115 12
116 4
117 4
118 20
119 4
120 35
121 2
122 34
123 4
124 46
125 12
126 91
127 36
128 73
129 55
130 55
131 55
132 9
133 12
134 50
135 50
136 8
137 44
138 110
139 134
140 20
141 168
142 27
143 110
144 107
145 33
146 4
147 7
148 6
149 158
150 79
151 97
152 9
153 12
154 134
155 9
156 21
157 0
158 109
159 146
160 52
161 109
162 61
163 3
164 8
165 8
166 9
167 7
168 26
169 25
170 9
171 9
172 2
173 36
174 0
175 150
176 186
177 40
178 72
179 50
180 12
181 4
182 24
183 52
184 69
185 9
186 37
187 71
188 71
189 0
190 24
191 12
192 61
193 1
194 15
195 44
196 54
197 60
198 2
199 4
200 9
201 7
202 4
203 4
204 2
205 4
206 9
207 14
208 13
209 22
210 15
211 11
212 4
213 4
214 4
215 62
216 88
217 44
218 102
219 22
220 21
221 43
222 66
223 1
224 1
225 1
226 1
227 12
228 9
229 13
230 4
231 4
232 2
233 27
234 11
235 4
236 14
237 8
238 11
239 8
240 2
241 1
242 27
243 22
244 9
245 7
246 7
247 2
248 2
249 8
250 6
251 2
252 6
253 2
254 14
255 28
256 7
257 5
258 3
259 6
260 36
261 33
262 9
263 9
264 12
265 12
266 48
267 12
268 3
269 12
270 5
271 13
272 102
273 18
274 4
275 4
276 2
277 4
278 8
279 4
280 1
281 1
282 5
283 1
284 4
285 7
286 1
287 1
288 0
289 1
290 3
291 3
292 3
293 2
294 1
295 15
296 3
297 3
298 3
299 3
300 5
301 12
302 17
303 24
304 0
305 32
306 10
307 11
308 12
309 7
310 66
311 54
312 14
313 27
314 14
315 13
316 8
317 2
318 5
319 4
320 40
321 66
322 36
323 13
324 11
325 64
326 177
327 9
328 12
329 125
330 97
331 9
332 5
333 12
334 24
335 5
336 28
337 0
338 101
339 48
340 85
341 81
342 81
343 79
344 238
345 55
346 11
347 11
348 9
349 4
350 4
351 80
352 51
353 31
354 137
355 58
356 7
357 10
358 4
359 1
360 5
361 47
362 0
363 35
364 12
365 35
366 66
367 22
368 60
369 22
370 5
371 9
372 36
373 64
374 146
375 52
376 88
377 106
378 80
379 98
380 221
381 86
382 88
383 23
384 18
385 53
386 88
387 0
388 88
389 27
390 19
391 22
392 11
393 36
394 44
395 22
396 66
397 9
398 4
399 8
400 9
401 8
402 14
403 3
404 6
405 1
406 1
407 11
408 6
409 26
410 0
411 3
412 2
413 4
414 2
415 36
416 36
417 9
418 2
419 2
420 39
421 5
422 4
423 0
424 9
425 1
426 11
427 4
428 16
429 0
430 7
431 9
432 15
433 66
434 52
435 90
436 110
437 150
438 97
439 106
440 86
441 86
442 38
443 6
444 6
445 6
446 6
447 8
448 10
449 32
450 23
451 27
452 44
453 55
454 27
455 221
456 100
457 20
458 4
459 27
460 4
461 44
462 2
463 1
464 1
465 22
466 18
467 4
468 13
469 4
470 21
471 10
472 179
473 99
474 86
475 265
476 133
477 76
478 68
479 106
480 236
481 14
482 2
483 9
484 13
485 15
486 10
487 2
488 5
489 39
490 9
491 11
492 12
493 12
494 22
495 1
496 2
497 1
498 42
499 28
500 4
501 55
502 2
503 86
504 9
505 59
506 100
507 11
508 110
509 66
510 2
511 2
512 133
513 7
514 1
515 5
516 4
517 2
518 5
519 7
520 9
521 4
522 9
523 4
524 9
525 4
526 4
527 9
528 7
529 7
530 0
531 8
532 2
533 4
534 4
535 13
536 4
537 14
538 4
539 0
540 212
541 133
542 106
543 221
544 96
545 158
546 2
547 17
548 100
549 125
550 50
551 50
552 35
553 17
554 24
555 109
556 91
557 91
558 36
559 292
560 73
561 103
562 0
563 84
564 63
565 134
566 474
567 13
568 5
569 11
570 5
571 6
572 3
573 88
574 7
575 8
576 2
577 4
578 2
579 13
580 4
581 18
582 44
583 4
584 4
585 4
586 2
587 18
588 9
589 149
590 24
591 7
592 11
593 15
594 31
595 9
596 11
597 11
598 4
599 5
600 5
601 4
602 2
603 7
604 7
605 2
606 2
607 3
608 16
609 0
610 16
611 4
612 9
613 4
614 4
615 133
616 21
617 9
618 13
619 4
620 7
621 4
622 5
623 9
624 9
625 12
626 3
627 9
628 4
629 1
630 113
631 22
632 221
633 42
634 42
635 8
636 9
637 18
638 26
639 55
640 73
641 73
642 146
643 36
644 36
645 11
646 122
647 61
648 11
649 61
650 18
651 18
652 9
653 7
654 4
655 7
656 4
657 5
658 51
659 5
660 18
661 101
662 46
663 42
664 52
665 29
666 37
667 78
668 42
669 8
670 9
671 4
672 9
673 2
674 6
;

param Ttarget := 
1 1 1000
2 1 1000
3 1 1000
4 1 1000
5 1 500
6 1 500
7 1 500
8 1 500
1 2 1000
2 2 1000
3 2 1000
4 2 1000
5 2 500
6 2 500
7 2 500
8 2 500
1 3 1000
2 3 1000
3 3 1000
4 3 1000
5 3 500
6 3 500
7 3 500
8 3 500
1 4 1000
2 4 1000
3 4 1000
4 4 1000
5 4 500
6 4 500
7 4 500
8 4 500
1 5 1000
2 5 1000
3 5 1000
4 5 1000
5 5 500
6 5 500
7 5 500
8 5 500
;

set Olgerdin := 
90 
94 
122 
126 
127 
128 
129 
130 
131 
132 
133 
134 
135 
136 
137 
138 
139 
140 
141 
142 
143 
144 
145 
146 
147 
148 
149 
150 
151 
152 
153 
154 
155 
156 
157 
211 
327 
328 
329 
330 
331 
332 
333 
334 
335 
336 
337 
338 
339 
340 
341 
342 
343 
344 
345 
346 
347 
348 
349 
350 
351 
352 
353 
354 
355 
356 
357 
358 
359 
360 
361 
362 
539 
540 
541 
542 
543 
544 
545 
547 
548 
549 
550 
551 
552 
553 
554 
555 
556 
557 
558 
589 
630 
631 
632 
633 
634 
635 
636 
637 
638 
639 
640 
641 
642 
643 
644 
645 
646 
647 
648 
649 
650 
651 
652 
653 
654 
655 
656 
657 
658 
659 
660 
661 
662 
663 
664 
665 
666 
667 
668 
669 
670 
671 
672 
673 
;
set Cola := 
1 
2 
3 
4 
5 
158 
159 
160 
161 
363 
364 
365 
366 
367 
368 
369 
370 
371 
372 
559 
560 
561 
562 
563 
564 
565 
566 
;
set Globus := 
10 
11 
12 
13 
14 
15 
16 
17 
18 
19 
20 
21 
22 
23 
24 
25 
26 
27 
28 
29 
30 
31 
32 
33 
34 
35 
36 
37 
38 
39 
40 
41 
42 
43 
44 
45 
46 
47 
48 
49 
50 
51 
52 
53 
54 
264 
265 
266 
267 
268 
269 
325 
373 
374 
375 
376 
377 
378 
379 
380 
381 
382 
383 
384 
385 
386 
387 
388 
389 
390 
391 
392 
393 
394 
395 
396 
397 
398 
399 
400 
401 
402 
421 
431 
432 
573 
588 
;
set Vintrio := 
171 
172 
173 
174 
175 
176 
177 
178 
179 
180 
590 
;
set Brugghusstedja := 
;
set Dista := 
181 
182 
183 
184 
185 
186 
187 
188 
189 
190 
191 
192 
193 
194 
195 
196 
;
set Bakkus := 
197 
198 
199 
200 
201 
202 
203 
204 
205 
206 
207 
208 
209 
210 
215 
216 
217 
218 
219 
220 
221 
222 
272 
273 
274 
275 
326 
;
set Mekka := 
55 
56 
57 
58 
59 
60 
61 
62 
63 
64 
65 
66 
67 
68 
69 
70 
71 
72 
73 
74 
75 
76 
77 
78 
79 
80 
81 
82 
83 
84 
85 
86 
87 
88 
89 
434 
435 
436 
437 
438 
439 
440 
441 
442 
443 
444 
445 
446 
447 
448 
449 
450 
451 
452 
453 
454 
455 
456 
457 
458 
459 
460 
461 
462 
465 
468 
469 
472 
473 
474 
475 
476 
477 
478 
479 
480 
481 
482 
483 
484 
485 
486 
487 
488 
528 
529 
;
set Eimskip := 
114 
115 
116 
117 
118 
119 
120 
236 
237 
238 
242 
243 
244 
245 
246 
247 
248 
276 
277 
278 
279 
280 
281 
282 
283 
284 
285 
286 
287 
288 
289 
290 
291 
292 
294 
297 
298 
299 
300 
305 
306 
307 
308 
309 
320 
489 
490 
491 
492 
493 
494 
495 
496 
497 
498 
499 
500 
501 
502 
503 
504 
505 
506 
507 
508 
509 
510 
511 
512 
513 
514 
515 
516 
517 
518 
519 
520 
521 
522 
523 
524 
525 
526 
527 
530 
531 
532 
533 
534 
535 
536 
537 
538 
546 
;
set Samskip := 
6 
7 
8 
9 
91 
92 
93 
95 
96 
97 
98 
99 
100 
101 
102 
103 
104 
105 
106 
109 
110 
111 
112 
113 
162 
163 
164 
165 
166 
167 
168 
169 
170 
212 
213 
214 
223 
224 
225 
226 
227 
228 
233 
234 
235 
239 
240 
241 
249 
250 
251 
252 
253 
254 
255 
256 
257 
258 
259 
261 
262 
263 
295 
296 
301 
302 
303 
304 
310 
311 
312 
313 
314 
315 
316 
317 
318 
319 
321 
322 
323 
324 
403 
404 
405 
406 
407 
408 
409 
410 
411 
412 
413 
414 
415 
416 
417 
418 
419 
420 
422 
423 
424 
425 
426 
427 
428 
429 
430 
433 
466 
470 
471 
567 
568 
569 
570 
571 
572 
574 
575 
576 
577 
578 
579 
580 
581 
582 
583 
587 
591 
592 
593 
594 
600 
601 
602 
603 
604 
605 
606 
615 
616 
617 
618 
619 
620 
621 
622 
623 
624 
625 
626 
627 
628 
629 
;
set Bannlisti := 
;
set Fixlisti := 
;
end;
