param S := 713;
param T := 8;
param D := 5;
param windowsize := 0;

param O := 
1 1
2 0
3 0
4 0
5 0
6 0
7 0
8 0
;

param EIM := 
1 0
2 0
3 0
4 0
5 0
6 0
7 1
8 0
;

param SAM := 
1 0
2 0
3 0
4 0
5 0
6 0
7 0
8 1
;

param A := 
1 128
2 35
3 164
4 63
5 18
6 18
7 68
8 38
9 130
10 13
11 146
12 72
13 18
14 100
15 24
16 19
17 169
18 127
19 112
20 51
21 69
22 60
23 1
24 110
25 221
26 72
27 55
28 2
29 12
30 14
31 5
32 12
33 3
34 7
35 4
36 11
37 1
38 12
39 20
40 6
41 26
42 3
43 4
44 6
45 8
46 2
47 7
48 18
49 18
50 7
51 18
52 158
53 60
54 8
55 8
56 29
57 7
58 9
59 9
60 7
61 4
62 9
63 4
64 4
65 7
66 4
67 12
68 12
69 80
70 18
71 18
72 76
73 129
74 27
75 4
76 7
77 4
78 36
79 0
80 16
81 12
82 12
83 52
84 52
85 48
86 59
87 36
88 12
89 7
90 24
91 36
92 36
93 7
94 7
95 2
96 1
97 3
98 18
99 5
100 62
101 27
102 110
103 88
104 22
105 215
106 203
107 33
108 107
109 8
110 25
111 110
112 9
113 10
114 22
115 13
116 18
117 90
118 2
119 4
120 19
121 46
122 6
123 11
124 221
125 221
126 18
127 33
128 130
129 35
130 9
131 10
132 36
133 9
134 9
135 97
136 22
137 3
138 8
139 9
140 25
141 9
142 32
143 28
144 9
145 4
146 4
147 7
148 2
149 2
150 2
151 51
152 4
153 7
154 152
155 46
156 30
157 14
158 13
159 9
160 16
161 8
162 10
163 8
164 13
165 5
166 9
167 5
168 8
169 15
170 1
171 1
172 16
173 0
174 46
175 21
176 23
177 23
178 14
179 5
180 23
181 11
182 27
183 4
184 2
185 1
186 0
187 1
188 81
189 81
190 9
191 5
192 27
193 91
194 146
195 36
196 146
197 91
198 2
199 4
200 4
201 8
202 6
203 0
204 0
205 0
206 146
207 73
208 347
209 10
210 292
211 6
212 64
213 52
214 107
215 133
216 106
217 88
218 80
219 88
220 107
221 88
222 133
223 107
224 106
225 107
226 179
227 186
228 35
229 9
230 27
231 31
232 13
233 7
234 17
235 2
236 4
237 36
238 30
239 17
240 13
241 44
242 59
243 67
244 9
245 76
246 27
247 110
248 265
249 107
250 38
251 8
252 53
253 133
254 53
255 22
256 27
257 55
258 37
259 45
260 20
261 53
262 84
263 8
264 22
265 22
266 22
267 2
268 6
269 9
270 4
271 2
272 18
273 94
274 32
275 123
276 42
277 52
278 249
279 133
280 265
281 150
282 411
283 6
284 13
285 6
286 333
287 110
288 72
289 106
290 97
291 43
292 107
293 88
294 106
295 133
296 14
297 4
298 36
299 9
300 9
301 9
302 9
303 9
304 11
305 44
306 18
307 24
308 13
309 21
310 22
311 9
312 14
313 22
314 22
315 16
316 4
317 18
318 11
319 4
320 7
321 44
322 4
323 2
324 18
325 14
326 8
327 31
328 2
329 2
330 35
331 12
332 4
333 14
334 22
335 4
336 4
337 7
338 12
339 12
340 9
341 9
342 12
343 8
344 7
345 9
346 13
347 55
348 7
349 9
350 22
351 5
352 267
353 318
354 133
355 212
356 265
357 107
358 17
359 50
360 251
361 12
362 25
363 201
364 25
365 25
366 18
367 4
368 9
369 113
370 4
371 96
372 88
373 221
374 186
375 64
376 106
377 338
378 13
379 73
380 18
381 110
382 20
383 21
384 47
385 13
386 109
387 109
388 84
389 28
390 11
391 35
392 28
393 4
394 15
395 72
396 88
397 179
398 177
399 9
400 11
401 44
402 106
403 86
404 27
405 40
406 72
407 9
408 22
409 20
410 6
411 24
412 52
413 52
414 9
415 36
416 36
417 9
418 7
419 88
420 36
421 129
422 107
423 129
424 129
425 133
426 159
427 107
428 22
429 69
430 26
431 22
432 9
433 11
434 9
435 9
436 7
437 27
438 13
439 31
440 22
441 33
442 22
443 4
444 66
445 90
446 45
447 54
448 2
449 18
450 0
451 18
452 18
453 7
454 9
455 12
456 0
457 12
458 12
459 56
460 28
461 14
462 5
463 5
464 12
465 12
466 4
467 12
468 52
469 5
470 43
471 10
472 11
473 36
474 28
475 22
476 2
477 9
478 4
479 9
480 4
481 135
482 55
483 36
484 11
485 22
486 28
487 18
488 20
489 2
490 3
491 0
492 1
493 1
494 0
495 27
496 4
497 14
498 16
499 44
500 0
501 4
502 2
503 21
504 18
505 9
506 36
507 44
508 4
509 2
510 2
511 110
512 51
513 18
514 4
515 2
516 2
517 9
518 1
519 9
520 4
521 7
522 177
523 40
524 46
525 61
526 3
527 101
528 44
529 4
530 4
531 40
532 44
533 8
534 44
535 4
536 12
537 128
538 146
539 55
540 36
541 18
542 128
543 36
544 146
545 2
546 42
547 0
548 109
549 109
550 109
551 109
552 109
553 18
554 17
555 100
556 5
557 14
558 9
559 9
560 14
561 5
562 9
563 14
564 2
565 13
566 11
567 11
568 0
569 10
570 61
571 28
572 122
573 16
574 251
575 211
576 63
577 73
578 134
579 51
580 24
581 8
582 68
583 199
584 22
585 11
586 60
587 146
588 104
589 42
590 86
591 358
592 133
593 177
594 187
595 11
596 9
597 3
598 9
599 9
600 9
601 44
602 21
603 18
604 44
605 7
606 9
607 21
608 18
609 11
610 7
611 12
612 71
613 44
614 36
615 22
616 27
617 54
618 44
619 10
620 27
621 5
622 9
623 53
624 9
625 6
626 9
627 10
628 9
629 13
630 159
631 107
632 141
633 133
634 179
635 106
636 265
637 221
638 61
639 65
640 76
641 110
642 160
643 36
644 21
645 18
646 46
647 28
648 106
649 79
650 37
651 9
652 45
653 45
654 11
655 27
656 15
657 28
658 32
659 12
660 28
661 68
662 5
663 9
664 9
665 7
666 1
667 40
668 46
669 61
670 44
671 101
672 1
673 44
674 13
675 7
676 2
677 5
678 17
679 22
680 5
681 7
682 2
683 9
684 2
685 18
686 44
687 40
688 18
689 14
690 4
691 3
692 33
693 221
694 88
695 221
696 193
697 212
698 100
699 265
700 212
701 47
702 94
703 152
704 47
705 84
706 62
707 144
708 0
709 162
710 81
711 48
712 2
713 73
;

param Ttarget := 
1 1 1000
2 1 1000
3 1 1000
4 1 1000
5 1 500
6 1 500
7 1 500
8 1 500
1 2 1000
2 2 1000
3 2 1000
4 2 1000
5 2 500
6 2 500
7 2 500
8 2 500
1 3 1000
2 3 1000
3 3 1000
4 3 1000
5 3 500
6 3 500
7 3 500
8 3 500
1 4 1000
2 4 1000
3 4 1000
4 4 1000
5 4 500
6 4 500
7 4 500
8 4 500
1 5 1000
2 5 1000
3 5 1000
4 5 1000
5 5 500
6 5 500
7 5 500
8 5 500
;

set Olgerdin := 
188 
189 
190 
191 
192 
193 
194 
195 
196 
197 
199 
203 
352 
353 
354 
355 
356 
357 
358 
359 
360 
361 
362 
363 
364 
365 
366 
367 
368 
369 
370 
371 
372 
373 
374 
375 
376 
377 
536 
537 
538 
539 
540 
541 
542 
543 
544 
545 
546 
547 
548 
549 
550 
551 
552 
553 
554 
555 
556 
557 
558 
559 
560 
561 
562 
563 
564 
565 
566 
567 
568 
569 
570 
571 
572 
573 
582 
583 
584 
622 
692 
693 
694 
695 
696 
697 
698 
699 
700 
701 
702 
703 
704 
705 
706 
707 
708 
709 
710 
;
set Cola := 
1 
2 
3 
4 
5 
6 
7 
8 
9 
10 
11 
12 
13 
14 
15 
16 
17 
18 
19 
20 
208 
209 
210 
211 
383 
384 
385 
386 
387 
388 
389 
390 
391 
392 
393 
394 
395 
396 
397 
398 
574 
575 
576 
577 
578 
579 
580 
581 
690 
691 
711 
712 
;
set Globus := 
116 
212 
213 
214 
215 
216 
217 
218 
219 
220 
221 
222 
223 
224 
225 
226 
227 
228 
229 
230 
231 
232 
233 
234 
235 
236 
237 
238 
239 
240 
241 
242 
243 
244 
245 
246 
464 
465 
466 
467 
587 
588 
589 
590 
591 
592 
593 
594 
595 
596 
597 
601 
602 
603 
604 
605 
606 
607 
608 
609 
610 
612 
613 
614 
615 
616 
617 
618 
619 
620 
621 
;
set Vintrio := 
21 
22 
24 
25 
26 
27 
38 
39 
598 
599 
600 
611 
;
set Brugghusstedja := 
207 
378 
379 
;
set Dista := 
67 
68 
81 
82 
83 
84 
85 
86 
87 
88 
201 
202 
401 
402 
403 
404 
405 
406 
407 
408 
409 
410 
411 
412 
413 
414 
415 
416 
417 
418 
419 
420 
421 
422 
423 
424 
425 
426 
427 
428 
;
set Bakkus := 
100 
101 
102 
103 
104 
105 
106 
107 
108 
109 
110 
111 
112 
113 
114 
115 
117 
118 
200 
429 
430 
431 
432 
433 
434 
435 
436 
437 
438 
439 
440 
441 
442 
443 
444 
445 
446 
447 
448 
449 
450 
451 
452 
511 
512 
513 
522 
;
set Mekka := 
204 
205 
247 
248 
249 
250 
251 
252 
253 
254 
255 
256 
257 
258 
259 
260 
261 
262 
263 
264 
265 
266 
267 
268 
269 
270 
271 
272 
273 
274 
275 
276 
277 
278 
279 
280 
281 
282 
283 
284 
285 
286 
287 
288 
289 
290 
291 
292 
293 
294 
295 
623 
624 
625 
626 
627 
628 
629 
630 
631 
632 
633 
634 
635 
636 
637 
638 
639 
640 
641 
642 
643 
644 
645 
646 
647 
648 
649 
650 
651 
652 
653 
654 
655 
;
set Eimskip := 
120 
121 
122 
123 
124 
125 
126 
127 
128 
129 
130 
131 
132 
133 
134 
135 
136 
137 
139 
140 
141 
142 
143 
144 
150 
151 
152 
153 
154 
155 
156 
157 
158 
159 
160 
161 
162 
163 
164 
165 
166 
167 
168 
169 
170 
171 
172 
173 
174 
175 
176 
177 
178 
179 
180 
181 
182 
304 
318 
319 
320 
321 
322 
323 
324 
325 
326 
468 
470 
471 
472 
473 
474 
475 
481 
482 
483 
484 
485 
486 
490 
491 
492 
493 
494 
498 
499 
503 
504 
505 
506 
507 
508 
509 
510 
514 
515 
516 
517 
518 
519 
520 
521 
523 
524 
525 
526 
527 
528 
530 
531 
532 
533 
534 
535 
656 
657 
658 
659 
660 
661 
662 
666 
667 
668 
669 
670 
671 
672 
;
set Samskip := 
23 
28 
29 
30 
31 
32 
33 
34 
35 
36 
37 
40 
41 
42 
43 
44 
45 
46 
47 
48 
49 
50 
51 
52 
53 
54 
55 
56 
57 
58 
59 
60 
61 
62 
63 
64 
65 
66 
69 
70 
71 
72 
73 
74 
75 
76 
77 
78 
79 
80 
89 
90 
91 
92 
93 
94 
95 
96 
97 
98 
119 
138 
145 
146 
183 
184 
185 
186 
187 
198 
206 
296 
297 
298 
299 
300 
301 
302 
303 
305 
306 
307 
308 
309 
310 
311 
312 
313 
314 
315 
316 
317 
327 
330 
335 
336 
337 
338 
339 
340 
341 
342 
343 
344 
345 
346 
347 
348 
349 
350 
351 
380 
381 
382 
399 
400 
453 
454 
455 
456 
457 
458 
459 
460 
461 
462 
463 
469 
476 
477 
478 
479 
480 
487 
488 
489 
495 
496 
497 
500 
501 
502 
529 
585 
586 
663 
664 
665 
673 
674 
675 
676 
677 
678 
679 
680 
681 
682 
683 
684 
685 
686 
687 
688 
689 
;
set Bannlisti := 
;
set Fixlisti := 
;
end;
