param S := 645;
param T := 8;
param D := 5;
param windowsize := 0;

param O := 
1 1
2 0
3 0
4 0
5 0
6 0
7 0
8 0
;

param EIM := 
1 0
2 0
3 0
4 0
5 0
6 0
7 1
8 0
;

param SAM := 
1 0
2 0
3 0
4 0
5 0
6 0
7 0
8 1
;

param A := 
1 128
2 52
3 73
4 18
5 3
6 84
7 225
8 84
9 292
10 109
11 24
12 129
13 18
14 18
15 18
16 27
17 4
18 7
19 16
20 20
21 2
22 2
23 4
24 2
25 5
26 6
27 17
28 64
29 52
30 2
31 300
32 88
33 2
34 221
35 537
36 52
37 106
38 9
39 88
40 4
41 44
42 44
43 27
44 122
45 4
46 11
47 68
48 12
49 18
50 17
51 11
52 88
53 6
54 8
55 7
56 20
57 12
58 4
59 177
60 55
61 44
62 72
63 22
64 66
65 13
66 9
67 38
68 8
69 13
70 21
71 36
72 71
73 15
74 38
75 76
76 36
77 11
78 36
79 44
80 8
81 9
82 9
83 5
84 21
85 13
86 11
87 12
88 4
89 22
90 21
91 13
92 14
93 48
94 17
95 12
96 134
97 24
98 12
99 6
100 24
101 12
102 52
103 69
104 9
105 36
106 48
107 36
108 46
109 129
110 129
111 133
112 100
113 44
114 106
115 44
116 88
117 22
118 11
119 22
120 18
121 86
122 26
123 60
124 110
125 215
126 36
127 18
128 90
129 18
130 34
131 55
132 44
133 22
134 68
135 44
136 110
137 66
138 66
139 131
140 179
141 44
142 22
143 11
144 11
145 11
146 0
147 17
148 44
149 36
150 0
151 36
152 2
153 2
154 4
155 2
156 2
157 11
158 33
159 6
160 6
161 2
162 7
163 7
164 1
165 2
166 42
167 2
168 22
169 18
170 18
171 14
172 27
173 14
174 23
175 9
176 69
177 12
178 1
179 2
180 12
181 16
182 43
183 30
184 135
185 46
186 27
187 181
188 46
189 36
190 22
191 21
192 53
193 66
194 33
195 33
196 100
197 186
198 9
199 30
200 50
201 14
202 22
203 22
204 11
205 18
206 35
207 9
208 45
209 0
210 9
211 97
212 51
213 34
214 4
215 8
216 4
217 7
218 54
219 54
220 40
221 40
222 4
223 24
224 56
225 13
226 13
227 7
228 0
229 125
230 24
231 75
232 150
233 5
234 11
235 125
236 9
237 5
238 169
239 19
240 182
241 73
242 35
243 146
244 17
245 5
246 42
247 6
248 16
249 28
250 3
251 12
252 86
253 24
254 36
255 5
256 5
257 2
258 6
259 9
260 9
261 10
262 32
263 6
264 12
265 6
266 53
267 106
268 133
269 53
270 38
271 51
272 5
273 17
274 27
275 9
276 137
277 52
278 106
279 124
280 399
281 43
282 106
283 110
284 265
285 9
286 7
287 9
288 18
289 1
290 2
291 2
292 7
293 9
294 9
295 13
296 20
297 14
298 11
299 11
300 8
301 2
302 55
303 32
304 1
305 4
306 7
307 9
308 18
309 18
310 45
311 7
312 5
313 4
314 11
315 2
316 13
317 0
318 9
319 4
320 31
321 72
322 22
323 9
324 97
325 22
326 36
327 7
328 13
329 7
330 9
331 7
332 4
333 22
334 22
335 13
336 9
337 88
338 13
339 44
340 7
341 18
342 22
343 9
344 9
345 7
346 9
347 9
348 16
349 4
350 4
351 2
352 2
353 2
354 5
355 134
356 12
357 26
358 9
359 12
360 9
361 7
362 21
363 18
364 8
365 4
366 133
367 37
368 4
369 7
370 5
371 4
372 14
373 9
374 9
375 5
376 7
377 7
378 9
379 6
380 221
381 268
382 2
383 2
384 124
385 5
386 7
387 6
388 9
389 7
390 7
391 91
392 182
393 36
394 182
395 18
396 50
397 150
398 194
399 9
400 12
401 20
402 36
403 55
404 22
405 18
406 110
407 9
408 40
409 90
410 31
411 11
412 15
413 60
414 17
415 26
416 23
417 4
418 23
419 22
420 47
421 47
422 152
423 47
424 62
425 139
426 81
427 81
428 158
429 54
430 19
431 19
432 49
433 73
434 26
435 73
436 4
437 2
438 36
439 18
440 88
441 9
442 146
443 27
444 93
445 18
446 13
447 16
448 8
449 4
450 8
451 42
452 19
453 107
454 14
455 45
456 72
457 20
458 2
459 4
460 4
461 4
462 4
463 1
464 6
465 52
466 52
467 9
468 48
469 9
470 12
471 5
472 5
473 36
474 12
475 10
476 15
477 107
478 86
479 53
480 72
481 29
482 16
483 9
484 7
485 7
486 12
487 7
488 18
489 3
490 90
491 9
492 133
493 107
494 11
495 4
496 9
497 13
498 22
499 39
500 7
501 7
502 11
503 7
504 5
505 11
506 18
507 33
508 8
509 13
510 36
511 12
512 0
513 16
514 7
515 55
516 20
517 31
518 44
519 46
520 5
521 46
522 17
523 27
524 110
525 2
526 4
527 7
528 4
529 18
530 4
531 2
532 5
533 5
534 9
535 9
536 4
537 5
538 78
539 10
540 11
541 71
542 7
543 32
544 0
545 6
546 1
547 7
548 7
549 16
550 6
551 36
552 86
553 18
554 36
555 36
556 13
557 26
558 17
559 35
560 18
561 18
562 134
563 2
564 28
565 1
566 54
567 54
568 4
569 20
570 25
571 36
572 3
573 12
574 4
575 16
576 8
577 12
578 7
579 42
580 42
581 4
582 8
583 57
584 5
585 3
586 12
587 3
588 34
589 4
590 4
591 27
592 8
593 29
594 14
595 2
596 11
597 7
598 4
599 15
600 8
601 2
602 13
603 2
604 4
605 18
606 2
607 4
608 5
609 2
610 3
611 4
612 1
613 3
614 5
615 16
616 38
617 13
618 23
619 12
620 32
621 74
622 6
623 45
624 11
625 0
626 2
627 27
628 13
629 27
630 32
631 34
632 8
633 42
634 72
635 156
636 14
637 51
638 0
639 146
640 55
641 146
642 9
643 8
644 2
645 5
;

param Ttarget := 
1 1 1000
2 1 1000
3 1 1000
4 1 1000
5 1 500
6 1 500
7 1 500
8 1 500
1 2 1000
2 2 1000
3 2 1000
4 2 1000
5 2 500
6 2 500
7 2 500
8 2 500
1 3 1000
2 3 1000
3 3 1000
4 3 1000
5 3 500
6 3 500
7 3 500
8 3 500
1 4 1000
2 4 1000
3 4 1000
4 4 1000
5 4 500
6 4 500
7 4 500
8 4 500
1 5 1000
2 5 1000
3 5 1000
4 5 1000
5 5 500
6 5 500
7 5 500
8 5 500
;

set Olgerdin := 
146 
147 
229 
230 
231 
232 
233 
234 
235 
236 
237 
373 
374 
375 
376 
377 
378 
379 
380 
381 
382 
383 
384 
385 
386 
387 
388 
389 
390 
391 
392 
393 
394 
395 
396 
397 
398 
399 
400 
401 
402 
403 
404 
405 
406 
407 
408 
409 
410 
411 
412 
413 
414 
415 
416 
417 
418 
419 
420 
421 
422 
423 
424 
425 
426 
427 
428 
429 
460 
461 
463 
629 
630 
631 
632 
633 
634 
635 
636 
637 
638 
639 
640 
641 
642 
643 
644 
;
set Cola := 
1 
2 
3 
4 
5 
6 
7 
8 
9 
10 
238 
239 
240 
241 
242 
243 
244 
245 
246 
247 
248 
249 
434 
435 
436 
437 
438 
439 
440 
441 
442 
443 
444 
445 
446 
447 
448 
449 
450 
451 
452 
562 
563 
564 
;
set Globus := 
28 
29 
30 
31 
32 
33 
34 
35 
36 
37 
39 
40 
41 
42 
43 
44 
45 
46 
47 
48 
59 
60 
61 
62 
63 
64 
65 
66 
67 
68 
70 
71 
72 
73 
74 
75 
76 
77 
78 
79 
80 
81 
82 
83 
84 
85 
88 
89 
90 
91 
92 
225 
453 
454 
455 
456 
457 
458 
;
set Vintrio := 
175 
176 
177 
178 
179 
180 
181 
194 
195 
196 
197 
198 
199 
200 
213 
214 
215 
227 
228 
302 
303 
462 
;
set Brugghusstedja := 
430 
431 
432 
433 
;
set Dista := 
93 
94 
95 
96 
97 
98 
99 
100 
101 
102 
103 
104 
105 
106 
107 
108 
109 
110 
111 
112 
113 
114 
115 
116 
117 
118 
119 
120 
250 
251 
252 
253 
254 
255 
256 
257 
464 
465 
466 
467 
468 
469 
470 
471 
472 
473 
474 
475 
476 
477 
478 
479 
480 
;
set Bakkus := 
121 
122 
123 
124 
125 
126 
127 
128 
129 
130 
131 
132 
133 
134 
135 
136 
137 
138 
139 
140 
141 
142 
143 
144 
145 
201 
202 
203 
204 
481 
482 
483 
484 
485 
486 
487 
488 
489 
490 
491 
492 
493 
494 
495 
496 
497 
498 
499 
500 
501 
502 
503 
504 
505 
506 
507 
508 
509 
510 
511 
512 
513 
551 
552 
615 
;
set Mekka := 
258 
259 
260 
261 
262 
263 
264 
265 
266 
267 
268 
269 
270 
271 
272 
273 
274 
275 
276 
277 
278 
279 
280 
281 
282 
283 
284 
286 
287 
288 
514 
515 
559 
;
set Eimskip := 
148 
152 
153 
154 
155 
156 
157 
158 
159 
160 
161 
162 
163 
164 
165 
166 
167 
168 
169 
170 
171 
172 
173 
174 
182 
183 
184 
185 
186 
187 
188 
189 
190 
191 
192 
193 
205 
206 
207 
208 
209 
210 
211 
212 
296 
297 
298 
299 
300 
309 
310 
311 
312 
313 
314 
315 
321 
322 
324 
343 
371 
516 
517 
518 
519 
520 
521 
522 
523 
524 
525 
526 
527 
528 
529 
532 
533 
534 
535 
536 
537 
538 
539 
540 
541 
542 
543 
544 
545 
546 
553 
554 
555 
557 
558 
584 
585 
586 
592 
598 
599 
600 
601 
602 
603 
604 
605 
606 
607 
608 
609 
610 
611 
612 
613 
614 
616 
617 
618 
619 
620 
621 
622 
623 
626 
627 
628 
;
set Samskip := 
11 
12 
13 
14 
15 
16 
17 
18 
19 
20 
21 
22 
23 
24 
25 
26 
27 
38 
49 
50 
51 
52 
53 
54 
55 
56 
57 
58 
69 
86 
87 
216 
217 
218 
219 
220 
221 
222 
223 
285 
289 
290 
301 
304 
305 
306 
307 
308 
316 
317 
318 
319 
320 
323 
325 
326 
327 
328 
329 
330 
331 
332 
333 
334 
335 
336 
337 
338 
339 
340 
341 
342 
344 
345 
346 
347 
348 
349 
350 
351 
352 
353 
354 
355 
356 
357 
358 
359 
360 
361 
362 
363 
364 
365 
366 
367 
370 
372 
459 
530 
531 
547 
548 
549 
550 
556 
560 
561 
565 
566 
567 
568 
569 
570 
571 
577 
578 
579 
580 
581 
582 
583 
587 
591 
593 
594 
595 
596 
597 
624 
625 
;
set Bannlisti := 
;
set Fixlisti := 
;
end;
