param S := 789;
param T := 8;
param D := 5;
param windowsize := 0;

param O := 
1 1
2 0
3 0
4 0
5 0
6 0
7 0
8 0
;

param EIM := 
1 0
2 0
3 0
4 0
5 0
6 0
7 1
8 0
;

param SAM := 
1 0
2 0
3 0
4 0
5 0
6 0
7 0
8 1
;

param A := 
1 36
2 36
3 37
4 69
5 144
6 88
7 153
8 88
9 179
10 36
11 182
12 2
13 4
14 14
15 14
16 5
17 1
18 0
19 6
20 12
21 44
22 146
23 72
24 120
25 40
26 4
27 20
28 7
29 12
30 12
31 2
32 2
33 13
34 2
35 2
36 2
37 2
38 158
39 64
40 0
41 42
42 141
43 115
44 150
45 86
46 107
47 88
48 133
49 133
50 107
51 106
52 106
53 107
54 179
55 122
56 66
57 250
58 133
59 43
60 22
61 13
62 11
63 44
64 7
65 18
66 4
67 9
68 40
69 36
70 8
71 18
72 4
73 2
74 4
75 2
76 135
77 257
78 0
79 36
80 13
81 7
82 9
83 21
84 88
85 305
86 29
87 4
88 44
89 36
90 88
91 88
92 12
93 43
94 12
95 4
96 88
97 4
98 22
99 32
100 51
101 90
102 18
103 33
104 18
105 133
106 22
107 41
108 69
109 17
110 2
111 43
112 20
113 90
114 44
115 7
116 22
117 44
118 7
119 22
120 44
121 22
122 152
123 179
124 22
125 7
126 12
127 4
128 9
129 18
130 20
131 18
132 9
133 9
134 22
135 5
136 11
137 4
138 2
139 11
140 11
141 18
142 4
143 18
144 12
145 7
146 4
147 14
148 4
149 9
150 11
151 11
152 9
153 9
154 3
155 4
156 7
157 9
158 2
159 20
160 2
161 2
162 2
163 2
164 265
165 133
166 212
167 141
168 86
169 133
170 399
171 53
172 110
173 106
174 92
175 62
176 4
177 172
178 222
179 29
180 314
181 106
182 2
183 95
184 55
185 105
186 50
187 3
188 3
189 29
190 99
191 9
192 45
193 16
194 107
195 221
196 42
197 27
198 2
199 4
200 7
201 4
202 9
203 2
204 16
205 8
206 4
207 4
208 24
209 4
210 5
211 27
212 6
213 4
214 1
215 11
216 23
217 96
218 1
219 32
220 54
221 28
222 74
223 37
224 11
225 4
226 1
227 12
228 2
229 2
230 7
231 9
232 15
233 36
234 24
235 12
236 12
237 96
238 36
239 2
240 4
241 12
242 1
243 14
244 7
245 49
246 3
247 1
248 3
249 1
250 3
251 5
252 4
253 2
254 8
255 4
256 9
257 9
258 4
259 7
260 8
261 5
262 4
263 20
264 12
265 16
266 15
267 30
268 13
269 1
270 24
271 22
272 64
273 61
274 39
275 31
276 60
277 12
278 19
279 8
280 88
281 13
282 3
283 7
284 7
285 7
286 7
287 39
288 9
289 4
290 2
291 4
292 2
293 4
294 4
295 7
296 5
297 7
298 27
299 42
300 107
301 55
302 4
303 33
304 18
305 16
306 5
307 14
308 22
309 8
310 9
311 32
312 32
313 32
314 32
315 32
316 1
317 1
318 1
319 2
320 1
321 1
322 1
323 13
324 54
325 65
326 58
327 12
328 36
329 28
330 31
331 4
332 23
333 3
334 2
335 2
336 1
337 2
338 2
339 2
340 7
341 22
342 13
343 13
344 2
345 1
346 219
347 7
348 44
349 18
350 13
351 44
352 101
353 31
354 62
355 30
356 24
357 9
358 1061
359 22
360 200
361 9
362 14
363 18
364 413
365 133
366 133
367 215
368 8
369 13
370 8
371 9
372 12
373 248
374 215
375 80
376 530
377 146
378 5
379 106
380 55
381 267
382 14
383 13
384 83
385 211
386 6
387 73
388 26
389 65
390 44
391 44
392 54
393 4
394 88
395 36
396 44
397 15
398 7
399 41
400 6
401 12
402 52
403 30
404 305
405 161
406 257
407 322
408 106
409 215
410 90
411 18
412 7
413 51
414 86
415 4
416 11
417 9
418 20
419 52
420 36
421 48
422 71
423 71
424 12
425 17
426 12
427 18
428 11
429 12
430 43
431 24
432 12
433 9
434 9
435 6
436 9
437 7
438 4
439 9
440 107
441 53
442 107
443 265
444 133
445 86
446 212
447 221
448 52
449 47
450 123
451 273
452 93
453 72
454 100
455 36
456 221
457 305
458 33
459 28
460 55
461 179
462 54
463 19
464 24
465 83
466 55
467 107
468 179
469 38
470 86
471 133
472 185
473 106
474 411
475 150
476 118
477 76
478 46
479 55
480 120
481 61
482 27
483 3
484 88
485 18
486 8
487 18
488 8
489 9
490 18
491 30
492 15
493 34
494 15
495 74
496 37
497 75
498 53
499 55
500 68
501 18
502 20
503 18
504 257
505 21
506 502
507 182
508 12
509 4
510 25
511 6
512 9
513 32
514 5
515 249
516 27
517 11
518 11
519 75
520 7
521 110
522 66
523 66
524 16
525 4
526 33
527 22
528 7
529 4
530 7
531 4
532 5
533 24
534 14
535 1
536 14
537 17
538 17
539 12
540 14
541 24
542 11
543 4
544 18
545 7
546 7
547 7
548 38
549 2
550 11
551 1
552 5
553 40
554 14
555 4
556 3
557 5
558 10
559 14
560 7
561 20
562 3
563 53
564 27
565 27
566 2
567 4
568 7
569 11
570 2
571 4
572 81
573 49
574 86
575 18
576 13
577 9
578 7
579 17
580 9
581 12
582 9
583 12
584 10
585 14
586 13
587 16
588 6
589 53
590 110
591 96
592 18
593 46
594 15
595 14
596 33
597 13
598 106
599 21
600 72
601 77
602 15
603 2
604 27
605 8
606 9
607 12
608 12
609 75
610 73
611 24
612 25
613 55
614 75
615 36
616 55
617 122
618 5
619 18
620 5
621 75
622 97
623 17
624 17
625 28
626 52
627 96
628 22
629 317
630 15
631 317
632 27
633 36
634 267
635 0
636 442
637 44
638 24
639 161
640 450
641 24
642 88
643 22
644 8
645 386
646 16
647 8
648 30
649 7
650 106
651 0
652 146
653 13
654 91
655 12
656 9
657 1
658 61
659 7
660 33
661 7
662 259
663 18
664 72
665 88
666 33
667 4
668 9
669 10
670 66
671 4
672 7
673 6
674 1
675 5
676 4
677 22
678 22
679 13
680 18
681 42
682 37
683 46
684 42
685 21
686 46
687 27
688 9
689 80
690 66
691 22
692 24
693 8
694 11
695 27
696 15
697 11
698 23
699 10
700 43
701 26
702 35
703 11
704 36
705 45
706 47
707 14
708 83
709 36
710 20
711 9
712 22
713 11
714 7
715 7
716 22
717 9
718 2
719 5
720 2
721 18
722 9
723 5
724 28
725 13
726 13
727 9
728 16
729 474
730 0
731 0
732 1
733 1
734 0
735 0
736 2
737 0
738 2
739 4
740 13
741 27
742 7
743 12
744 88
745 32
746 36
747 442
748 55
749 66
750 88
751 221
752 43
753 99
754 9
755 4
756 14
757 2
758 4
759 12
760 4
761 14
762 11
763 11
764 110
765 8
766 8
767 5
768 5
769 14
770 17
771 9
772 27
773 7
774 9
775 12
776 2
777 2
778 7
779 3
780 20
781 114
782 23
783 47
784 51
785 124
786 18
787 99
788 259
789 101
;

param Ttarget := 
1 1 1000
2 1 1000
3 1 1000
4 1 1000
5 1 500
6 1 500
7 1 500
8 1 500
1 2 1000
2 2 1000
3 2 1000
4 2 1000
5 2 500
6 2 500
7 2 500
8 2 500
1 3 1000
2 3 1000
3 3 1000
4 3 1000
5 3 500
6 3 500
7 3 500
8 3 500
1 4 1000
2 4 1000
3 4 1000
4 4 1000
5 4 500
6 4 500
7 4 500
8 4 500
1 5 1000
2 5 1000
3 5 1000
4 5 1000
5 5 500
6 5 500
7 5 500
8 5 500
;

set Olgerdin := 
17 
18 
19 
33 
160 
161 
187 
333 
337 
344 
345 
346 
347 
348 
349 
350 
351 
352 
353 
354 
355 
356 
357 
358 
359 
360 
361 
362 
363 
364 
365 
366 
367 
368 
369 
370 
371 
372 
373 
374 
375 
376 
506 
507 
602 
603 
604 
605 
606 
607 
609 
610 
611 
612 
613 
614 
615 
616 
617 
618 
619 
620 
621 
622 
623 
624 
625 
626 
627 
628 
629 
630 
631 
632 
633 
634 
635 
636 
637 
638 
639 
640 
641 
642 
643 
644 
645 
646 
647 
648 
649 
734 
737 
739 
743 
744 
745 
746 
747 
748 
749 
750 
751 
752 
753 
754 
755 
756 
757 
758 
759 
760 
761 
762 
763 
764 
765 
766 
767 
768 
769 
770 
771 
772 
773 
774 
775 
776 
777 
778 
779 
780 
781 
782 
783 
784 
785 
786 
787 
788 
;
set Cola := 
1 
2 
3 
4 
5 
6 
7 
8 
9 
10 
12 
13 
14 
15 
21 
22 
23 
24 
25 
26 
27 
28 
29 
30 
32 
188 
336 
377 
378 
379 
380 
381 
382 
383 
384 
385 
650 
651 
652 
653 
654 
729 
736 
;
set Globus := 
38 
39 
40 
41 
42 
43 
44 
45 
46 
47 
48 
49 
50 
51 
52 
53 
54 
55 
56 
57 
58 
59 
60 
61 
62 
63 
64 
65 
66 
76 
77 
78 
79 
80 
81 
82 
83 
84 
85 
86 
87 
88 
89 
90 
91 
92 
96 
234 
235 
236 
237 
238 
239 
240 
338 
574 
575 
661 
663 
664 
665 
666 
667 
668 
741 
742 
;
set Vintrio := 
67 
68 
69 
70 
71 
72 
73 
74 
75 
93 
94 
95 
97 
670 
;
set Brugghusstedja := 
386 
387 
388 
389 
;
set Dista := 
111 
391 
392 
393 
394 
395 
396 
397 
398 
399 
400 
401 
402 
403 
404 
405 
406 
407 
408 
409 
410 
411 
412 
413 
414 
415 
416 
417 
418 
419 
420 
421 
422 
423 
424 
425 
426 
427 
431 
432 
662 
730 
731 
735 
;
set Bakkus := 
36 
98 
99 
100 
101 
102 
103 
104 
105 
106 
107 
108 
109 
110 
112 
113 
114 
115 
116 
117 
118 
119 
120 
121 
122 
123 
124 
125 
126 
127 
128 
129 
130 
131 
132 
133 
134 
135 
136 
137 
138 
139 
140 
141 
142 
143 
144 
145 
146 
147 
148 
149 
150 
151 
152 
153 
154 
155 
156 
157 
158 
159 
208 
209 
210 
211 
212 
213 
265 
390 
660 
738 
740 
;
set Mekka := 
164 
165 
166 
167 
168 
169 
170 
171 
172 
173 
174 
175 
176 
177 
178 
179 
180 
181 
182 
183 
184 
185 
186 
189 
190 
191 
192 
193 
194 
195 
339 
341 
342 
343 
433 
434 
435 
436 
437 
438 
439 
440 
441 
442 
443 
444 
445 
446 
447 
448 
449 
450 
451 
452 
453 
454 
455 
456 
457 
458 
459 
460 
461 
462 
463 
464 
465 
466 
467 
468 
469 
470 
471 
472 
473 
474 
475 
476 
477 
478 
479 
480 
481 
482 
483 
484 
485 
486 
487 
488 
489 
490 
491 
492 
493 
494 
495 
496 
497 
498 
499 
500 
501 
502 
503 
510 
511 
512 
513 
514 
515 
516 
517 
518 
601 
725 
;
set Eimskip := 
31 
34 
37 
214 
215 
216 
217 
218 
219 
220 
221 
222 
223 
224 
225 
245 
246 
247 
248 
249 
250 
266 
267 
268 
269 
311 
312 
313 
314 
315 
316 
317 
331 
332 
334 
335 
519 
520 
521 
522 
523 
524 
533 
534 
535 
536 
537 
538 
539 
540 
541 
542 
548 
549 
550 
552 
553 
554 
555 
556 
557 
564 
565 
566 
567 
568 
569 
570 
571 
576 
577 
578 
608 
676 
681 
682 
683 
684 
685 
686 
687 
688 
689 
690 
691 
692 
693 
694 
695 
700 
701 
702 
703 
704 
705 
706 
707 
708 
709 
710 
711 
712 
713 
717 
718 
719 
720 
721 
722 
723 
724 
;
set Samskip := 
11 
35 
162 
163 
196 
197 
198 
199 
200 
201 
202 
203 
204 
226 
227 
228 
229 
230 
231 
232 
233 
241 
242 
243 
244 
251 
252 
253 
254 
255 
256 
257 
258 
259 
260 
261 
262 
263 
264 
270 
271 
272 
273 
274 
275 
276 
277 
278 
279 
280 
281 
282 
283 
284 
285 
286 
287 
288 
289 
290 
291 
292 
293 
294 
295 
296 
297 
298 
299 
300 
301 
302 
303 
304 
308 
309 
310 
319 
320 
321 
322 
323 
324 
325 
326 
327 
328 
329 
330 
428 
429 
430 
504 
505 
508 
509 
525 
526 
527 
528 
529 
530 
531 
532 
543 
544 
545 
546 
547 
558 
559 
560 
561 
562 
563 
572 
573 
579 
580 
581 
582 
583 
584 
585 
586 
587 
588 
589 
590 
591 
592 
593 
594 
595 
596 
597 
598 
599 
600 
659 
669 
671 
672 
673 
674 
675 
677 
678 
679 
680 
696 
697 
698 
699 
714 
715 
716 
726 
727 
728 
732 
;
set Bannlisti := 
;
set Fixlisti := 
;
end;
