param S := 725;
param T := 8;
param D := 5;
param windowsize := 0;

param O := 
1 1
2 0
3 0
4 0
5 0
6 0
7 0
8 0
;

param EIM := 
1 0
2 0
3 0
4 0
5 0
6 0
7 1
8 0
;

param SAM := 
1 0
2 0
3 0
4 0
5 0
6 0
7 0
8 1
;

param A := 
1 133
2 39
3 150
4 91
5 146
6 35
7 109
8 63
9 2
10 4
11 4
12 18
13 2
14 0
15 0
16 18
17 44
18 16
19 22
20 2
21 2
22 2
23 9
24 4
25 2
26 5
27 2
28 8
29 2
30 4
31 2
32 11
33 2
34 6
35 2
36 2
37 2
38 0
39 13
40 4
41 34
42 20
43 6
44 16
45 2
46 0
47 2
48 2
49 3
50 29
51 2
52 80
53 16
54 12
55 24
56 1
57 16
58 36
59 39
60 69
61 86
62 88
63 13
64 44
65 44
66 59
67 24
68 24
69 13
70 24
71 24
72 52
73 52
74 36
75 48
76 36
77 5
78 3
79 5
80 8
81 10
82 2
83 18
84 6
85 18
86 24
87 36
88 18
89 7
90 1
91 2
92 4
93 18
94 2
95 14
96 3
97 12
98 3
99 3
100 2
101 2
102 100
103 7
104 6
105 6
106 6
107 9
108 10
109 12
110 52
111 106
112 95
113 265
114 411
115 333
116 215
117 55
118 115
119 86
120 110
121 212
122 33
123 110
124 265
125 9
126 4
127 8
128 4
129 22
130 13
131 13
132 13
133 2
134 4
135 22
136 7
137 84
138 53
139 38
140 53
141 133
142 265
143 9
144 18
145 9
146 7
147 40
148 12
149 18
150 7
151 0
152 9
153 4
154 8
155 12
156 3
157 39
158 29
159 48
160 32
161 35
162 13
163 6
164 4
165 4
166 265
167 1
168 13
169 4
170 20
171 9
172 29
173 46
174 4
175 36
176 44
177 106
178 2
179 18
180 4
181 0
182 9
183 7
184 9
185 7
186 9
187 8
188 7
189 9
190 2
191 27
192 5
193 46
194 4
195 5
196 4
197 7
198 4
199 4
200 2
201 27
202 7
203 17
204 42
205 33
206 0
207 7
208 4
209 4
210 7
211 7
212 21
213 13
214 8
215 8
216 9
217 4
218 13
219 18
220 76
221 129
222 2
223 0
224 2
225 1
226 8
227 13
228 3
229 7
230 18
231 318
232 134
233 38
234 90
235 36
236 44
237 44
238 4
239 48
240 182
241 182
242 182
243 97
244 26
245 100
246 50
247 75
248 75
249 17
250 36
251 12
252 38
253 221
254 168
255 133
256 66
257 133
258 133
259 8
260 44
261 113
262 4
263 4
264 4
265 7
266 9
267 9
268 4
269 9
270 5
271 4
272 4
273 4
274 5
275 296
276 63
277 292
278 112
279 73
280 84
281 0
282 0
283 3
284 18
285 11
286 7
287 8
288 2
289 2
290 21
291 2
292 2
293 2
294 2
295 4
296 13
297 27
298 11
299 7
300 1
301 1
302 11
303 2
304 4
305 2
306 44
307 4
308 44
309 4
310 31
311 22
312 13
313 29
314 18
315 13
316 7
317 22
318 22
319 12
320 12
321 48
322 48
323 6
324 2
325 12
326 14
327 7
328 2
329 42
330 28
331 1
332 10
333 4
334 6
335 14
336 9
337 18
338 44
339 18
340 7
341 20
342 8
343 14
344 40
345 9
346 44
347 22
348 44
349 18
350 22
351 22
352 15
353 4
354 11
355 9
356 4
357 4
358 2
359 2
360 134
361 24
362 12
363 17
364 9
365 474
366 0
367 35
368 11
369 73
370 4
371 47
372 75
373 25
374 1
375 27
376 73
377 146
378 73
379 146
380 16
381 26
382 18
383 221
384 358
385 86
386 186
387 133
388 16
389 20
390 83
391 118
392 67
393 76
394 27
395 8
396 18
397 110
398 7
399 158
400 52
401 88
402 222
403 88
404 80
405 150
406 107
407 107
408 133
409 9
410 4
411 8
412 8
413 21
414 4
415 72
416 72
417 27
418 8
419 21
420 7
421 44
422 9
423 17
424 6
425 4
426 3
427 2
428 2
429 11
430 5
431 16
432 12
433 42
434 5
435 22
436 2
437 3
438 52
439 52
440 9
441 36
442 36
443 9
444 9
445 4
446 4
447 4
448 12
449 4
450 2
451 11
452 14
453 25
454 9
455 9
456 4
457 2
458 4
459 4
460 62
461 90
462 4
463 8
464 36
465 107
466 46
467 86
468 59
469 40
470 177
471 4
472 2
473 2
474 7
475 4
476 7
477 11
478 2
479 27
480 80
481 9
482 3
483 23
484 8
485 17
486 24
487 12
488 11
489 5
490 3
491 7
492 40
493 14
494 14
495 20
496 5
497 4
498 0
499 4
500 5
501 2
502 9
503 4
504 4
505 4
506 13
507 7
508 4
509 4
510 11
511 4
512 52
513 1
514 2
515 4
516 9
517 12
518 2
519 6
520 4
521 44
522 22
523 54
524 66
525 66
526 4
527 13
528 2
529 4
530 4
531 2
532 2
533 2
534 2
535 2
536 4
537 2
538 2
539 18
540 64
541 3
542 5
543 0
544 3
545 91
546 91
547 91
548 27
549 88
550 134
551 96
552 47
553 47
554 62
555 79
556 81
557 158
558 100
559 39
560 84
561 134
562 103
563 128
564 146
565 69
566 42
567 18
568 13
569 18
570 80
571 50
572 4
573 14
574 4
575 28
576 31
577 51
578 177
579 19
580 13
581 32
582 146
583 72
584 44
585 9
586 44
587 13
588 27
589 24
590 5
591 46
592 72
593 68
594 44
595 38
596 179
597 5
598 7
599 0
600 1
601 0
602 65
603 19
604 12
605 28
606 38
607 53
608 48
609 141
610 37
611 43
612 36
613 110
614 86
615 3
616 3
617 53
618 5
619 5
620 11
621 9
622 4
623 4
624 9
625 5
626 2
627 8
628 27
629 27
630 38
631 93
632 67
633 11
634 38
635 72
636 83
637 30
638 111
639 221
640 75
641 106
642 88
643 172
644 179
645 133
646 6
647 19
648 6
649 9
650 9
651 0
652 10
653 49
654 27
655 53
656 53
657 20
658 53
659 133
660 18
661 46
662 51
663 28
664 13
665 13
666 26
667 9
668 36
669 7
670 22
671 11
672 1
673 3
674 2
675 7
676 9
677 9
678 7
679 45
680 27
681 18
682 0
683 5
684 38
685 110
686 72
687 139
688 53
689 100
690 27
691 18
692 5
693 3
694 15
695 14
696 28
697 42
698 14
699 46
700 27
701 5
702 10
703 5
704 3
705 2
706 4
707 5
708 133
709 9
710 6
711 0
712 2
713 4
714 1
715 0
716 36
717 9
718 24
719 18
720 126
721 27
722 95
723 58
724 21
725 154
;

param Ttarget := 
1 1 1000
2 1 1000
3 1 1000
4 1 1000
5 1 500
6 1 500
7 1 500
8 1 500
1 2 1000
2 2 1000
3 2 1000
4 2 1000
5 2 500
6 2 500
7 2 500
8 2 500
1 3 1000
2 3 1000
3 3 1000
4 3 1000
5 3 500
6 3 500
7 3 500
8 3 500
1 4 1000
2 4 1000
3 4 1000
4 4 1000
5 4 500
6 4 500
7 4 500
8 4 500
1 5 1000
2 5 1000
3 5 1000
4 5 1000
5 5 500
6 5 500
7 5 500
8 5 500
;

set Olgerdin := 
1 
230 
231 
232 
233 
234 
235 
236 
237 
238 
239 
240 
241 
242 
243 
244 
245 
246 
247 
248 
249 
250 
251 
252 
253 
254 
255 
256 
257 
258 
259 
260 
261 
262 
263 
264 
265 
266 
267 
268 
269 
270 
271 
272 
273 
274 
281 
282 
283 
366 
372 
373 
374 
375 
376 
377 
378 
379 
380 
381 
382 
543 
544 
545 
546 
547 
548 
549 
550 
551 
552 
553 
554 
555 
556 
557 
558 
600 
601 
717 
718 
719 
720 
721 
722 
723 
724 
;
set Cola := 
2 
3 
4 
5 
6 
7 
8 
275 
276 
277 
278 
279 
280 
365 
367 
368 
369 
370 
371 
559 
560 
561 
562 
563 
564 
565 
566 
567 
568 
569 
570 
571 
572 
573 
574 
575 
576 
577 
578 
579 
580 
581 
582 
583 
584 
585 
586 
587 
588 
589 
590 
591 
592 
593 
594 
595 
596 
;
set Globus := 
319 
320 
321 
322 
323 
324 
383 
384 
385 
386 
387 
388 
389 
390 
391 
392 
393 
394 
395 
396 
397 
398 
399 
400 
401 
402 
403 
404 
405 
406 
407 
408 
409 
410 
411 
412 
413 
414 
415 
416 
417 
418 
419 
420 
421 
422 
423 
443 
;
set Vintrio := 
43 
44 
45 
46 
47 
48 
49 
50 
51 
52 
53 
54 
55 
56 
57 
58 
59 
60 
424 
425 
426 
427 
428 
429 
430 
431 
;
set Brugghusstedja := 
602 
603 
604 
;
set Dista := 
61 
62 
63 
64 
66 
67 
68 
69 
70 
71 
72 
73 
74 
75 
76 
207 
229 
432 
434 
435 
436 
437 
438 
439 
440 
441 
442 
463 
464 
465 
466 
467 
468 
469 
470 
598 
599 
;
set Bakkus := 
65 
444 
445 
446 
447 
448 
449 
450 
451 
452 
453 
454 
455 
456 
457 
458 
459 
460 
461 
462 
504 
505 
506 
507 
509 
;
set Mekka := 
103 
104 
105 
106 
107 
108 
109 
110 
111 
112 
113 
114 
115 
116 
117 
118 
119 
120 
121 
122 
123 
124 
125 
126 
127 
128 
129 
130 
131 
132 
133 
134 
135 
136 
137 
138 
139 
140 
141 
142 
143 
144 
145 
146 
597 
605 
606 
607 
608 
609 
610 
611 
612 
613 
614 
615 
616 
617 
618 
619 
620 
621 
622 
623 
624 
625 
626 
627 
628 
629 
630 
631 
632 
633 
634 
635 
636 
637 
638 
639 
640 
641 
642 
643 
644 
645 
646 
647 
648 
649 
650 
651 
652 
653 
654 
655 
656 
657 
658 
659 
660 
661 
662 
663 
664 
665 
693 
;
set Eimskip := 
147 
148 
149 
150 
151 
152 
153 
154 
155 
157 
158 
159 
160 
161 
162 
166 
167 
168 
169 
170 
171 
172 
173 
174 
175 
176 
177 
178 
179 
180 
181 
182 
183 
184 
185 
186 
187 
188 
189 
190 
191 
192 
193 
194 
195 
203 
204 
205 
206 
208 
209 
210 
211 
212 
213 
214 
215 
216 
217 
222 
223 
224 
225 
226 
284 
285 
286 
287 
490 
491 
492 
493 
494 
495 
512 
517 
518 
519 
520 
521 
522 
523 
524 
525 
526 
527 
528 
529 
530 
531 
532 
533 
534 
535 
536 
537 
538 
539 
666 
667 
668 
669 
670 
672 
676 
677 
678 
679 
680 
681 
682 
683 
684 
685 
686 
687 
688 
689 
690 
691 
692 
694 
695 
696 
697 
698 
699 
700 
703 
704 
705 
710 
711 
712 
713 
714 
715 
;
set Samskip := 
9 
10 
11 
12 
13 
14 
15 
16 
17 
18 
19 
20 
21 
22 
23 
24 
25 
26 
27 
28 
29 
30 
31 
32 
33 
34 
35 
36 
37 
38 
39 
40 
41 
42 
77 
78 
79 
80 
81 
82 
83 
84 
85 
86 
87 
88 
89 
90 
91 
92 
93 
94 
95 
96 
97 
98 
99 
100 
101 
102 
156 
163 
164 
165 
201 
202 
218 
219 
220 
221 
227 
228 
288 
289 
290 
291 
292 
293 
294 
295 
296 
297 
298 
299 
300 
301 
302 
303 
304 
305 
306 
307 
308 
309 
310 
311 
312 
313 
314 
315 
316 
317 
318 
325 
326 
327 
328 
329 
330 
331 
332 
333 
334 
335 
336 
337 
338 
339 
340 
341 
342 
343 
344 
345 
346 
347 
348 
349 
350 
351 
352 
353 
354 
355 
356 
357 
358 
359 
360 
361 
362 
363 
364 
433 
471 
472 
473 
474 
475 
476 
477 
478 
479 
480 
481 
482 
483 
484 
485 
486 
487 
488 
489 
496 
497 
498 
499 
500 
501 
502 
503 
510 
511 
514 
515 
516 
540 
541 
542 
671 
673 
674 
675 
708 
709 
;
set Bannlisti := 
;
set Fixlisti := 
;
end;
