param S := 837;
param T := 8;
param D := 5;
param windowsize := 0;

param O := 
1 1
2 0
3 0
4 0
5 0
6 0
7 0
8 0
;

param EIM := 
1 0
2 0
3 0
4 0
5 0
6 0
7 1
8 0
;

param SAM := 
1 0
2 0
3 0
4 0
5 0
6 0
7 0
8 1
;

param A := 
1 2
2 3
3 9
4 9
5 4
6 4
7 2
8 2
9 16
10 9
11 2
12 80
13 29
14 0
15 9
16 9
17 15
18 146
19 182
20 35
21 128
22 1
23 5
24 5
25 2
26 1
27 2
28 0
29 0
30 0
31 1
32 1
33 1
34 2
35 1
36 1
37 2
38 1
39 2
40 12
41 86
42 86
43 28
44 36
45 24
46 129
47 22
48 106
49 86
50 88
51 4
52 1
53 4
54 104
55 66
56 66
57 66
58 100
59 30
60 31
61 90
62 33
63 33
64 7
65 9
66 17
67 43
68 12
69 4
70 1
71 12
72 2
73 36
74 44
75 22
76 51
77 0
78 106
79 84
80 54
81 39
82 39
83 27
84 22
85 11
86 80
87 18
88 20
89 11
90 3
91 5
92 2
93 22
94 9
95 40
96 27
97 108
98 46
99 1
100 3
101 50
102 91
103 73
104 36
105 55
106 55
107 37
108 15
109 21
110 177
111 442
112 403
113 248
114 63
115 219
116 24
117 23
118 9
119 46
120 68
121 22
122 130
123 26
124 9
125 20
126 4
127 34
128 69
129 4
130 37
131 7
132 53
133 53
134 6
135 6
136 14
137 231
138 52
139 249
140 80
141 222
142 215
143 75
144 133
145 106
146 38
147 1
148 56
149 21
150 8
151 18
152 10
153 45
154 21
155 55
156 18
157 86
158 9
159 40
160 22
161 7
162 86
163 55
164 17
165 11
166 42
167 32
168 23
169 8
170 17
171 55
172 65
173 1
174 1
175 36
176 5
177 4
178 23
179 0
180 13
181 11
182 33
183 55
184 5
185 9
186 18
187 22
188 10
189 13
190 27
191 22
192 7
193 7
194 9
195 9
196 13
197 7
198 8
199 4
200 4
201 4
202 8
203 5
204 12
205 1
206 27
207 1
208 0
209 1
210 3
211 44
212 7
213 7
214 13
215 9
216 9
217 9
218 12
219 18
220 9
221 12
222 2
223 13
224 13
225 7
226 2
227 2
228 1
229 4
230 4
231 9
232 2
233 18
234 2
235 27
236 4
237 5
238 13
239 11
240 9
241 9
242 7
243 15
244 0
245 60
246 42
247 14
248 4
249 13
250 22
251 9
252 13
253 31
254 18
255 11
256 13
257 13
258 2
259 4
260 4
261 0
262 182
263 182
264 150
265 128
266 212
267 106
268 168
269 133
270 106
271 107
272 50
273 55
274 36
275 55
276 73
277 5
278 97
279 61
280 134
281 2
282 13
283 6
284 73
285 84
286 3
287 36
288 364
289 4
290 9
291 4
292 13
293 9
294 36
295 46
296 107
297 15
298 39
299 4
300 52
301 9
302 36
303 48
304 36
305 36
306 9
307 11
308 14
309 7
310 46
311 13
312 129
313 107
314 129
315 107
316 11
317 80
318 41
319 44
320 53
321 44
322 66
323 179
324 119
325 215
326 36
327 102
328 179
329 22
330 11
331 4
332 4
333 5
334 11
335 27
336 133
337 18
338 8
339 2
340 15
341 16
342 4
343 4
344 150
345 371
346 4
347 44
348 221
349 12
350 7
351 2
352 0
353 13
354 16
355 4
356 9
357 110
358 6
359 3
360 3
361 0
362 1
363 1
364 1
365 1
366 5
367 5
368 1
369 1
370 1
371 1
372 1
373 3
374 3
375 1
376 1
377 4
378 117
379 61
380 40
381 2
382 17
383 17
384 24
385 0
386 0
387 50
388 38
389 48
390 61
391 11
392 300
393 150
394 61
395 192
396 45
397 13
398 17
399 5
400 73
401 18
402 23
403 13
404 4
405 31
406 9
407 310
408 55
409 26
410 36
411 18
412 365
413 23
414 8
415 11
416 4
417 9
418 7
419 0
420 64
421 52
422 106
423 133
424 106
425 106
426 88
427 150
428 107
429 88
430 11
431 36
432 137
433 83
434 5
435 88
436 44
437 118
438 67
439 36
440 4
441 133
442 122
443 98
444 106
445 221
446 358
447 86
448 22
449 88
450 7
451 31
452 18
453 13
454 4
455 17
456 25
457 2
458 9
459 18
460 44
461 152
462 13
463 22
464 11
465 55
466 4
467 36
468 94
469 42
470 90
471 110
472 265
473 150
474 110
475 106
476 110
477 222
478 133
479 86
480 179
481 110
482 212
483 64
484 265
485 4
486 15
487 160
488 24
489 7
490 40
491 100
492 18
493 25
494 6
495 6
496 6
497 7
498 9
499 53
500 53
501 133
502 9
503 18
504 29
505 53
506 79
507 110
508 55
509 28
510 30
511 27
512 44
513 43
514 107
515 4
516 22
517 2
518 22
519 44
520 7
521 9
522 9
523 4
524 7
525 71
526 29
527 24
528 5
529 7
530 3
531 26
532 8
533 45
534 21
535 11
536 11
537 14
538 7
539 2
540 2
541 9
542 30
543 23
544 7
545 7
546 9
547 4
548 3
549 30
550 2
551 9
552 5
553 9
554 4
555 7
556 4
557 7
558 3
559 8
560 2
561 9
562 7
563 5
564 2
565 46
566 55
567 44
568 33
569 133
570 44
571 11
572 25
573 25
574 1
575 14
576 6
577 11
578 8
579 14
580 14
581 12
582 3
583 12
584 3
585 0
586 7
587 7
588 143
589 101
590 42
591 75
592 55
593 73
594 55
595 109
596 11
597 61
598 134
599 325
600 3
601 131
602 44
603 18
604 44
605 33
606 146
607 51
608 129
609 13
610 9
611 13
612 7
613 35
614 0
615 1
616 4
617 1
618 5
619 23
620 16
621 7
622 24
623 18
624 9
625 36
626 11
627 55
628 72
629 18
630 22
631 44
632 140
633 18
634 2
635 2
636 4
637 4
638 5
639 12
640 104
641 79
642 104
643 5
644 5
645 14
646 35
647 11
648 16
649 1
650 60
651 158
652 4
653 50
654 73
655 50
656 55
657 11
658 6
659 25
660 5
661 18
662 14
663 14
664 4
665 46
666 9
667 94
668 52
669 114
670 51
671 18
672 5
673 4
674 27
675 244
676 91
677 52
678 22
679 79
680 16
681 2
682 26
683 27
684 295
685 33
686 732
687 180
688 57
689 489
690 479
691 50
692 401
693 374
694 0
695 645
696 27
697 388
698 96
699 358
700 392
701 609
702 379
703 140
704 1775
705 282
706 177
707 201
708 494
709 361
710 622
711 297
712 37
713 464
714 382
715 440
716 159
717 99
718 355
719 362
720 362
721 700
722 1715
723 10
724 405
725 215
726 11
727 44
728 284
729 128
730 15
731 486
732 324
733 165
734 971
735 5
736 368
737 409
738 168
739 74
740 107
741 5
742 374
743 190
744 202
745 22
746 36
747 179
748 115
749 81
750 5
751 3
752 29
753 0
754 1
755 74
756 30
757 110
758 180
759 52
760 1
761 5
762 35
763 56
764 187
765 1
766 18
767 6
768 130
769 698
770 98
771 91
772 584
773 0
774 2
775 93
776 1
777 47
778 102
779 0
780 14
781 3
782 25
783 4
784 24
785 4
786 67
787 117
788 34
789 4
790 99
791 78
792 7
793 120
794 6
795 40
796 33
797 3
798 1
799 160
800 5
801 203
802 235
803 2
804 543
805 71
806 224
807 4
808 52
809 1
810 28
811 118
812 101
813 1
814 4
815 4
816 2
817 2
818 416
819 10
820 1445
821 158
822 1166
823 1583
824 103
825 76
826 8
827 13
828 20
829 1
830 26
831 40
832 0
833 2
834 24
835 2
836 1
837 89
;

param Ttarget := 
1 1 1525
2 1 1525
3 1 1525
4 1 1525
5 1 1525
6 1 1525
7 1 1525
8 1 1525
1 2 1525
2 2 1525
3 2 1525
4 2 1525
5 2 1525
6 2 1525
7 2 1525
8 2 1525
1 3 1525
2 3 1525
3 3 1525
4 3 1525
5 3 1525
6 3 1525
7 3 1525
8 3 1525
1 4 1525
2 4 1525
3 4 1525
4 4 1525
5 4 1525
6 4 1525
7 4 1525
8 4 1525
1 5 1525
2 5 1525
3 5 1525
4 5 1525
5 5 1525
6 5 1525
7 5 1525
8 5 1525
;

set Olgerdin := 
101 
102 
103 
104 
105 
106 
107 
108 
109 
110 
111 
112 
113 
129 
262 
263 
264 
265 
266 
267 
268 
269 
270 
271 
272 
273 
274 
275 
276 
277 
278 
279 
280 
361 
362 
377 
378 
379 
380 
381 
382 
383 
384 
385 
386 
387 
388 
389 
390 
391 
392 
393 
394 
395 
586 
587 
588 
589 
590 
591 
592 
593 
594 
595 
596 
597 
598 
599 
601 
602 
603 
604 
640 
641 
645 
653 
654 
655 
656 
657 
658 
659 
660 
661 
662 
663 
664 
665 
666 
667 
668 
669 
670 
671 
672 
673 
674 
675 
676 
677 
678 
679 
680 
681 
682 
;
set Cola := 
18 
19 
20 
21 
52 
114 
115 
116 
117 
118 
119 
120 
121 
122 
123 
124 
125 
126 
127 
128 
281 
282 
283 
284 
285 
286 
287 
288 
398 
399 
400 
401 
402 
403 
404 
405 
406 
407 
408 
409 
410 
411 
605 
606 
607 
646 
;
set Globus := 
359 
360 
363 
364 
365 
366 
367 
368 
369 
413 
414 
415 
416 
417 
418 
419 
420 
421 
422 
423 
424 
425 
426 
427 
428 
429 
430 
431 
432 
433 
434 
435 
436 
437 
438 
439 
440 
441 
442 
443 
444 
445 
446 
447 
448 
449 
450 
451 
452 
453 
454 
455 
456 
457 
458 
459 
460 
461 
462 
463 
464 
465 
466 
;
set Vintrio := 
66 
67 
68 
69 
70 
71 
72 
81 
82 
83 
84 
85 
86 
87 
88 
89 
341 
342 
343 
344 
345 
346 
349 
350 
354 
;
set Brugghusstedja := 
396 
397 
412 
632 
;
set Dista := 
40 
41 
42 
43 
44 
45 
46 
47 
48 
49 
50 
300 
301 
302 
303 
304 
305 
306 
307 
308 
309 
310 
311 
312 
313 
314 
315 
316 
317 
318 
642 
643 
644 
;
set Bakkus := 
54 
55 
56 
57 
58 
59 
60 
61 
62 
63 
64 
65 
73 
74 
75 
76 
77 
78 
319 
320 
321 
322 
323 
324 
325 
326 
327 
328 
329 
330 
331 
332 
333 
334 
335 
336 
337 
338 
347 
;
set Mekka := 
53 
131 
132 
133 
134 
135 
136 
137 
138 
139 
140 
141 
142 
143 
144 
145 
146 
148 
150 
151 
152 
153 
154 
155 
156 
157 
158 
159 
160 
161 
162 
163 
164 
165 
166 
167 
168 
169 
170 
171 
468 
469 
470 
471 
472 
473 
474 
475 
476 
477 
478 
479 
480 
481 
482 
483 
484 
485 
486 
487 
488 
489 
490 
491 
492 
493 
494 
495 
496 
497 
498 
499 
500 
501 
502 
503 
504 
505 
506 
507 
508 
509 
510 
511 
512 
513 
514 
;
set Eimskip := 
51 
79 
80 
348 
351 
352 
357 
515 
516 
517 
518 
519 
520 
521 
522 
523 
524 
525 
526 
527 
528 
529 
530 
531 
541 
542 
543 
544 
545 
546 
547 
548 
549 
550 
551 
552 
553 
556 
557 
558 
559 
560 
561 
562 
563 
565 
566 
567 
568 
569 
570 
571 
572 
573 
574 
575 
576 
577 
578 
579 
580 
584 
600 
648 
649 
;
set Samskip := 
1 
2 
3 
4 
5 
6 
7 
8 
9 
10 
11 
12 
13 
14 
15 
16 
17 
22 
23 
24 
25 
26 
27 
28 
29 
30 
31 
32 
33 
34 
35 
36 
37 
38 
39 
90 
91 
92 
93 
94 
95 
96 
97 
98 
99 
100 
130 
147 
149 
172 
173 
174 
175 
176 
177 
178 
179 
180 
181 
182 
183 
184 
185 
186 
187 
188 
189 
190 
191 
192 
193 
194 
195 
196 
197 
198 
199 
200 
201 
202 
203 
204 
205 
206 
207 
208 
209 
210 
211 
212 
213 
214 
215 
216 
217 
218 
219 
220 
221 
222 
223 
224 
225 
226 
227 
228 
229 
230 
231 
232 
233 
234 
235 
236 
237 
238 
239 
240 
241 
242 
243 
244 
245 
246 
247 
248 
249 
250 
251 
252 
253 
254 
255 
256 
257 
258 
259 
260 
261 
289 
290 
291 
292 
293 
294 
295 
296 
297 
298 
299 
339 
340 
353 
355 
356 
358 
370 
371 
372 
373 
374 
375 
376 
467 
532 
533 
534 
535 
536 
537 
538 
539 
540 
554 
555 
564 
581 
582 
583 
585 
608 
609 
610 
611 
612 
613 
614 
615 
616 
617 
618 
619 
620 
621 
622 
623 
624 
625 
626 
627 
628 
629 
630 
631 
633 
634 
635 
636 
637 
638 
639 
647 
650 
651 
652 
;
set Bannlisti := 
683 1 1
683 2 1
683 3 1
683 1 2
683 2 2
683 3 2
683 1 3
683 2 3
683 3 3
683 1 4
683 2 4
683 3 4
683 1 5
683 2 5
683 3 5
684 1 1
684 2 1
684 3 1
684 1 2
684 2 2
684 3 2
684 1 3
684 2 3
684 3 3
684 1 4
684 2 4
684 3 4
684 1 5
684 2 5
684 3 5
685 1 1
685 2 1
685 3 1
685 1 2
685 2 2
685 3 2
685 1 3
685 2 3
685 3 3
685 1 4
685 2 4
685 3 4
685 1 5
685 2 5
685 3 5
686 1 1
686 2 1
686 3 1
686 1 2
686 2 2
686 3 2
686 1 3
686 2 3
686 3 3
686 1 4
686 2 4
686 3 4
686 1 5
686 2 5
686 3 5
687 1 1
687 2 1
687 3 1
687 1 2
687 2 2
687 3 2
687 1 3
687 2 3
687 3 3
687 1 4
687 2 4
687 3 4
687 1 5
687 2 5
687 3 5
688 1 1
688 2 1
688 3 1
688 1 2
688 2 2
688 3 2
688 1 3
688 2 3
688 3 3
688 1 4
688 2 4
688 3 4
688 1 5
688 2 5
688 3 5
689 1 1
689 2 1
689 3 1
689 1 2
689 2 2
689 3 2
689 1 3
689 2 3
689 3 3
689 1 4
689 2 4
689 3 4
689 1 5
689 2 5
689 3 5
690 1 1
690 2 1
690 3 1
690 1 2
690 2 2
690 3 2
690 1 3
690 2 3
690 3 3
690 1 4
690 2 4
690 3 4
690 1 5
690 2 5
690 3 5
691 1 1
691 2 1
691 3 1
691 1 2
691 2 2
691 3 2
691 1 3
691 2 3
691 3 3
691 1 4
691 2 4
691 3 4
691 1 5
691 2 5
691 3 5
692 1 1
692 2 1
692 3 1
692 1 2
692 2 2
692 3 2
692 1 3
692 2 3
692 3 3
692 1 4
692 2 4
692 3 4
692 1 5
692 2 5
692 3 5
693 1 1
693 2 1
693 3 1
693 1 2
693 2 2
693 3 2
693 1 3
693 2 3
693 3 3
693 1 4
693 2 4
693 3 4
693 1 5
693 2 5
693 3 5
694 1 1
694 2 1
694 3 1
694 1 2
694 2 2
694 3 2
694 1 3
694 2 3
694 3 3
694 1 4
694 2 4
694 3 4
694 1 5
694 2 5
694 3 5
695 1 1
695 2 1
695 3 1
695 1 2
695 2 2
695 3 2
695 1 3
695 2 3
695 3 3
695 1 4
695 2 4
695 3 4
695 1 5
695 2 5
695 3 5
696 1 1
696 2 1
696 3 1
696 1 2
696 2 2
696 3 2
696 1 3
696 2 3
696 3 3
696 1 4
696 2 4
696 3 4
696 1 5
696 2 5
696 3 5
697 1 1
697 2 1
697 3 1
697 1 2
697 2 2
697 3 2
697 1 3
697 2 3
697 3 3
697 1 4
697 2 4
697 3 4
697 1 5
697 2 5
697 3 5
698 1 1
698 2 1
698 3 1
698 1 2
698 2 2
698 3 2
698 1 3
698 2 3
698 3 3
698 1 4
698 2 4
698 3 4
698 1 5
698 2 5
698 3 5
699 1 1
699 2 1
699 3 1
699 1 2
699 2 2
699 3 2
699 1 3
699 2 3
699 3 3
699 1 4
699 2 4
699 3 4
699 1 5
699 2 5
699 3 5
700 1 1
700 2 1
700 3 1
700 1 2
700 2 2
700 3 2
700 1 3
700 2 3
700 3 3
700 1 4
700 2 4
700 3 4
700 1 5
700 2 5
700 3 5
701 1 1
701 2 1
701 3 1
701 1 2
701 2 2
701 3 2
701 1 3
701 2 3
701 3 3
701 1 4
701 2 4
701 3 4
701 1 5
701 2 5
701 3 5
702 1 1
702 2 1
702 3 1
702 1 2
702 2 2
702 3 2
702 1 3
702 2 3
702 3 3
702 1 4
702 2 4
702 3 4
702 1 5
702 2 5
702 3 5
703 1 1
703 2 1
703 3 1
703 1 2
703 2 2
703 3 2
703 1 3
703 2 3
703 3 3
703 1 4
703 2 4
703 3 4
703 1 5
703 2 5
703 3 5
704 1 1
704 2 1
704 3 1
704 1 2
704 2 2
704 3 2
704 1 3
704 2 3
704 3 3
704 1 4
704 2 4
704 3 4
704 1 5
704 2 5
704 3 5
705 1 1
705 2 1
705 3 1
705 1 2
705 2 2
705 3 2
705 1 3
705 2 3
705 3 3
705 1 4
705 2 4
705 3 4
705 1 5
705 2 5
705 3 5
706 1 1
706 2 1
706 3 1
706 1 2
706 2 2
706 3 2
706 1 3
706 2 3
706 3 3
706 1 4
706 2 4
706 3 4
706 1 5
706 2 5
706 3 5
707 1 1
707 2 1
707 3 1
707 1 2
707 2 2
707 3 2
707 1 3
707 2 3
707 3 3
707 1 4
707 2 4
707 3 4
707 1 5
707 2 5
707 3 5
708 1 1
708 2 1
708 3 1
708 1 2
708 2 2
708 3 2
708 1 3
708 2 3
708 3 3
708 1 4
708 2 4
708 3 4
708 1 5
708 2 5
708 3 5
709 1 1
709 2 1
709 3 1
709 1 2
709 2 2
709 3 2
709 1 3
709 2 3
709 3 3
709 1 4
709 2 4
709 3 4
709 1 5
709 2 5
709 3 5
710 1 1
710 2 1
710 3 1
710 1 2
710 2 2
710 3 2
710 1 3
710 2 3
710 3 3
710 1 4
710 2 4
710 3 4
710 1 5
710 2 5
710 3 5
711 1 1
711 2 1
711 3 1
711 1 2
711 2 2
711 3 2
711 1 3
711 2 3
711 3 3
711 1 4
711 2 4
711 3 4
711 1 5
711 2 5
711 3 5
712 1 1
712 2 1
712 3 1
712 1 2
712 2 2
712 3 2
712 1 3
712 2 3
712 3 3
712 1 4
712 2 4
712 3 4
712 1 5
712 2 5
712 3 5
713 1 1
713 2 1
713 3 1
713 1 2
713 2 2
713 3 2
713 1 3
713 2 3
713 3 3
713 1 4
713 2 4
713 3 4
713 1 5
713 2 5
713 3 5
714 1 1
714 2 1
714 3 1
714 1 2
714 2 2
714 3 2
714 1 3
714 2 3
714 3 3
714 1 4
714 2 4
714 3 4
714 1 5
714 2 5
714 3 5
715 1 1
715 2 1
715 3 1
715 1 2
715 2 2
715 3 2
715 1 3
715 2 3
715 3 3
715 1 4
715 2 4
715 3 4
715 1 5
715 2 5
715 3 5
716 1 1
716 2 1
716 3 1
716 1 2
716 2 2
716 3 2
716 1 3
716 2 3
716 3 3
716 1 4
716 2 4
716 3 4
716 1 5
716 2 5
716 3 5
717 1 1
717 2 1
717 3 1
717 1 2
717 2 2
717 3 2
717 1 3
717 2 3
717 3 3
717 1 4
717 2 4
717 3 4
717 1 5
717 2 5
717 3 5
718 1 1
718 2 1
718 3 1
718 1 2
718 2 2
718 3 2
718 1 3
718 2 3
718 3 3
718 1 4
718 2 4
718 3 4
718 1 5
718 2 5
718 3 5
719 1 1
719 2 1
719 3 1
719 1 2
719 2 2
719 3 2
719 1 3
719 2 3
719 3 3
719 1 4
719 2 4
719 3 4
719 1 5
719 2 5
719 3 5
720 1 1
720 2 1
720 3 1
720 1 2
720 2 2
720 3 2
720 1 3
720 2 3
720 3 3
720 1 4
720 2 4
720 3 4
720 1 5
720 2 5
720 3 5
721 1 1
721 2 1
721 3 1
721 1 2
721 2 2
721 3 2
721 1 3
721 2 3
721 3 3
721 1 4
721 2 4
721 3 4
721 1 5
721 2 5
721 3 5
722 1 1
722 2 1
722 3 1
722 1 2
722 2 2
722 3 2
722 1 3
722 2 3
722 3 3
722 1 4
722 2 4
722 3 4
722 1 5
722 2 5
722 3 5
723 1 1
723 2 1
723 3 1
723 1 2
723 2 2
723 3 2
723 1 3
723 2 3
723 3 3
723 1 4
723 2 4
723 3 4
723 1 5
723 2 5
723 3 5
724 1 1
724 2 1
724 3 1
724 1 2
724 2 2
724 3 2
724 1 3
724 2 3
724 3 3
724 1 4
724 2 4
724 3 4
724 1 5
724 2 5
724 3 5
725 1 1
725 2 1
725 3 1
725 1 2
725 2 2
725 3 2
725 1 3
725 2 3
725 3 3
725 1 4
725 2 4
725 3 4
725 1 5
725 2 5
725 3 5
726 1 1
726 2 1
726 3 1
726 1 2
726 2 2
726 3 2
726 1 3
726 2 3
726 3 3
726 1 4
726 2 4
726 3 4
726 1 5
726 2 5
726 3 5
727 1 1
727 2 1
727 3 1
727 1 2
727 2 2
727 3 2
727 1 3
727 2 3
727 3 3
727 1 4
727 2 4
727 3 4
727 1 5
727 2 5
727 3 5
728 1 1
728 2 1
728 3 1
728 1 2
728 2 2
728 3 2
728 1 3
728 2 3
728 3 3
728 1 4
728 2 4
728 3 4
728 1 5
728 2 5
728 3 5
729 1 1
729 2 1
729 3 1
729 1 2
729 2 2
729 3 2
729 1 3
729 2 3
729 3 3
729 1 4
729 2 4
729 3 4
729 1 5
729 2 5
729 3 5
730 1 1
730 2 1
730 3 1
730 1 2
730 2 2
730 3 2
730 1 3
730 2 3
730 3 3
730 1 4
730 2 4
730 3 4
730 1 5
730 2 5
730 3 5
731 1 1
731 2 1
731 3 1
731 1 2
731 2 2
731 3 2
731 1 3
731 2 3
731 3 3
731 1 4
731 2 4
731 3 4
731 1 5
731 2 5
731 3 5
732 1 1
732 2 1
732 3 1
732 1 2
732 2 2
732 3 2
732 1 3
732 2 3
732 3 3
732 1 4
732 2 4
732 3 4
732 1 5
732 2 5
732 3 5
733 1 1
733 2 1
733 3 1
733 1 2
733 2 2
733 3 2
733 1 3
733 2 3
733 3 3
733 1 4
733 2 4
733 3 4
733 1 5
733 2 5
733 3 5
734 1 1
734 2 1
734 3 1
734 1 2
734 2 2
734 3 2
734 1 3
734 2 3
734 3 3
734 1 4
734 2 4
734 3 4
734 1 5
734 2 5
734 3 5
735 1 1
735 2 1
735 3 1
735 1 2
735 2 2
735 3 2
735 1 3
735 2 3
735 3 3
735 1 4
735 2 4
735 3 4
735 1 5
735 2 5
735 3 5
736 1 1
736 2 1
736 3 1
736 1 2
736 2 2
736 3 2
736 1 3
736 2 3
736 3 3
736 1 4
736 2 4
736 3 4
736 1 5
736 2 5
736 3 5
737 1 1
737 2 1
737 3 1
737 1 2
737 2 2
737 3 2
737 1 3
737 2 3
737 3 3
737 1 4
737 2 4
737 3 4
737 1 5
737 2 5
737 3 5
738 1 1
738 2 1
738 3 1
738 1 2
738 2 2
738 3 2
738 1 3
738 2 3
738 3 3
738 1 4
738 2 4
738 3 4
738 1 5
738 2 5
738 3 5
739 1 1
739 2 1
739 3 1
739 1 2
739 2 2
739 3 2
739 1 3
739 2 3
739 3 3
739 1 4
739 2 4
739 3 4
739 1 5
739 2 5
739 3 5
740 1 1
740 2 1
740 3 1
740 1 2
740 2 2
740 3 2
740 1 3
740 2 3
740 3 3
740 1 4
740 2 4
740 3 4
740 1 5
740 2 5
740 3 5
741 1 1
741 2 1
741 3 1
741 1 2
741 2 2
741 3 2
741 1 3
741 2 3
741 3 3
741 1 4
741 2 4
741 3 4
741 1 5
741 2 5
741 3 5
742 1 1
742 2 1
742 3 1
742 1 2
742 2 2
742 3 2
742 1 3
742 2 3
742 3 3
742 1 4
742 2 4
742 3 4
742 1 5
742 2 5
742 3 5
743 1 1
743 2 1
743 3 1
743 1 2
743 2 2
743 3 2
743 1 3
743 2 3
743 3 3
743 1 4
743 2 4
743 3 4
743 1 5
743 2 5
743 3 5
744 1 1
744 2 1
744 3 1
744 1 2
744 2 2
744 3 2
744 1 3
744 2 3
744 3 3
744 1 4
744 2 4
744 3 4
744 1 5
744 2 5
744 3 5
745 1 1
745 2 1
745 3 1
745 1 2
745 2 2
745 3 2
745 1 3
745 2 3
745 3 3
745 1 4
745 2 4
745 3 4
745 1 5
745 2 5
745 3 5
746 1 1
746 2 1
746 3 1
746 1 2
746 2 2
746 3 2
746 1 3
746 2 3
746 3 3
746 1 4
746 2 4
746 3 4
746 1 5
746 2 5
746 3 5
747 1 1
747 2 1
747 3 1
747 1 2
747 2 2
747 3 2
747 1 3
747 2 3
747 3 3
747 1 4
747 2 4
747 3 4
747 1 5
747 2 5
747 3 5
748 1 1
748 2 1
748 3 1
748 1 2
748 2 2
748 3 2
748 1 3
748 2 3
748 3 3
748 1 4
748 2 4
748 3 4
748 1 5
748 2 5
748 3 5
749 1 1
749 2 1
749 3 1
749 1 2
749 2 2
749 3 2
749 1 3
749 2 3
749 3 3
749 1 4
749 2 4
749 3 4
749 1 5
749 2 5
749 3 5
750 1 1
750 2 1
750 3 1
750 1 2
750 2 2
750 3 2
750 1 3
750 2 3
750 3 3
750 1 4
750 2 4
750 3 4
750 1 5
750 2 5
750 3 5
751 1 1
751 2 1
751 3 1
751 1 2
751 2 2
751 3 2
751 1 3
751 2 3
751 3 3
751 1 4
751 2 4
751 3 4
751 1 5
751 2 5
751 3 5
752 1 1
752 2 1
752 3 1
752 1 2
752 2 2
752 3 2
752 1 3
752 2 3
752 3 3
752 1 4
752 2 4
752 3 4
752 1 5
752 2 5
752 3 5
753 1 1
753 2 1
753 3 1
753 1 2
753 2 2
753 3 2
753 1 3
753 2 3
753 3 3
753 1 4
753 2 4
753 3 4
753 1 5
753 2 5
753 3 5
754 1 1
754 2 1
754 3 1
754 1 2
754 2 2
754 3 2
754 1 3
754 2 3
754 3 3
754 1 4
754 2 4
754 3 4
754 1 5
754 2 5
754 3 5
755 1 1
755 2 1
755 3 1
755 1 2
755 2 2
755 3 2
755 1 3
755 2 3
755 3 3
755 1 4
755 2 4
755 3 4
755 1 5
755 2 5
755 3 5
756 1 1
756 2 1
756 3 1
756 1 2
756 2 2
756 3 2
756 1 3
756 2 3
756 3 3
756 1 4
756 2 4
756 3 4
756 1 5
756 2 5
756 3 5
757 1 1
757 2 1
757 3 1
757 1 2
757 2 2
757 3 2
757 1 3
757 2 3
757 3 3
757 1 4
757 2 4
757 3 4
757 1 5
757 2 5
757 3 5
758 1 1
758 2 1
758 3 1
758 1 2
758 2 2
758 3 2
758 1 3
758 2 3
758 3 3
758 1 4
758 2 4
758 3 4
758 1 5
758 2 5
758 3 5
759 1 1
759 2 1
759 3 1
759 1 2
759 2 2
759 3 2
759 1 3
759 2 3
759 3 3
759 1 4
759 2 4
759 3 4
759 1 5
759 2 5
759 3 5
760 1 1
760 2 1
760 3 1
760 1 2
760 2 2
760 3 2
760 1 3
760 2 3
760 3 3
760 1 4
760 2 4
760 3 4
760 1 5
760 2 5
760 3 5
761 1 1
761 2 1
761 3 1
761 1 2
761 2 2
761 3 2
761 1 3
761 2 3
761 3 3
761 1 4
761 2 4
761 3 4
761 1 5
761 2 5
761 3 5
762 1 1
762 2 1
762 3 1
762 1 2
762 2 2
762 3 2
762 1 3
762 2 3
762 3 3
762 1 4
762 2 4
762 3 4
762 1 5
762 2 5
762 3 5
763 1 1
763 2 1
763 3 1
763 1 2
763 2 2
763 3 2
763 1 3
763 2 3
763 3 3
763 1 4
763 2 4
763 3 4
763 1 5
763 2 5
763 3 5
764 1 1
764 2 1
764 3 1
764 1 2
764 2 2
764 3 2
764 1 3
764 2 3
764 3 3
764 1 4
764 2 4
764 3 4
764 1 5
764 2 5
764 3 5
765 1 1
765 2 1
765 3 1
765 1 2
765 2 2
765 3 2
765 1 3
765 2 3
765 3 3
765 1 4
765 2 4
765 3 4
765 1 5
765 2 5
765 3 5
766 1 1
766 2 1
766 3 1
766 1 2
766 2 2
766 3 2
766 1 3
766 2 3
766 3 3
766 1 4
766 2 4
766 3 4
766 1 5
766 2 5
766 3 5
767 1 1
767 2 1
767 3 1
767 1 2
767 2 2
767 3 2
767 1 3
767 2 3
767 3 3
767 1 4
767 2 4
767 3 4
767 1 5
767 2 5
767 3 5
768 1 1
768 2 1
768 3 1
768 1 2
768 2 2
768 3 2
768 1 3
768 2 3
768 3 3
768 1 4
768 2 4
768 3 4
768 1 5
768 2 5
768 3 5
769 1 1
769 2 1
769 3 1
769 1 2
769 2 2
769 3 2
769 1 3
769 2 3
769 3 3
769 1 4
769 2 4
769 3 4
769 1 5
769 2 5
769 3 5
770 1 1
770 2 1
770 3 1
770 1 2
770 2 2
770 3 2
770 1 3
770 2 3
770 3 3
770 1 4
770 2 4
770 3 4
770 1 5
770 2 5
770 3 5
771 1 1
771 2 1
771 3 1
771 1 2
771 2 2
771 3 2
771 1 3
771 2 3
771 3 3
771 1 4
771 2 4
771 3 4
771 1 5
771 2 5
771 3 5
772 1 1
772 2 1
772 3 1
772 1 2
772 2 2
772 3 2
772 1 3
772 2 3
772 3 3
772 1 4
772 2 4
772 3 4
772 1 5
772 2 5
772 3 5
773 1 1
773 2 1
773 3 1
773 1 2
773 2 2
773 3 2
773 1 3
773 2 3
773 3 3
773 1 4
773 2 4
773 3 4
773 1 5
773 2 5
773 3 5
774 1 1
774 2 1
774 3 1
774 1 2
774 2 2
774 3 2
774 1 3
774 2 3
774 3 3
774 1 4
774 2 4
774 3 4
774 1 5
774 2 5
774 3 5
775 1 1
775 2 1
775 3 1
775 1 2
775 2 2
775 3 2
775 1 3
775 2 3
775 3 3
775 1 4
775 2 4
775 3 4
775 1 5
775 2 5
775 3 5
776 1 1
776 2 1
776 3 1
776 1 2
776 2 2
776 3 2
776 1 3
776 2 3
776 3 3
776 1 4
776 2 4
776 3 4
776 1 5
776 2 5
776 3 5
777 1 1
777 2 1
777 3 1
777 1 2
777 2 2
777 3 2
777 1 3
777 2 3
777 3 3
777 1 4
777 2 4
777 3 4
777 1 5
777 2 5
777 3 5
778 1 1
778 2 1
778 3 1
778 1 2
778 2 2
778 3 2
778 1 3
778 2 3
778 3 3
778 1 4
778 2 4
778 3 4
778 1 5
778 2 5
778 3 5
779 1 1
779 2 1
779 3 1
779 1 2
779 2 2
779 3 2
779 1 3
779 2 3
779 3 3
779 1 4
779 2 4
779 3 4
779 1 5
779 2 5
779 3 5
780 1 1
780 2 1
780 3 1
780 1 2
780 2 2
780 3 2
780 1 3
780 2 3
780 3 3
780 1 4
780 2 4
780 3 4
780 1 5
780 2 5
780 3 5
781 1 1
781 2 1
781 3 1
781 1 2
781 2 2
781 3 2
781 1 3
781 2 3
781 3 3
781 1 4
781 2 4
781 3 4
781 1 5
781 2 5
781 3 5
782 1 1
782 2 1
782 3 1
782 1 2
782 2 2
782 3 2
782 1 3
782 2 3
782 3 3
782 1 4
782 2 4
782 3 4
782 1 5
782 2 5
782 3 5
783 1 1
783 2 1
783 3 1
783 1 2
783 2 2
783 3 2
783 1 3
783 2 3
783 3 3
783 1 4
783 2 4
783 3 4
783 1 5
783 2 5
783 3 5
784 1 1
784 2 1
784 3 1
784 1 2
784 2 2
784 3 2
784 1 3
784 2 3
784 3 3
784 1 4
784 2 4
784 3 4
784 1 5
784 2 5
784 3 5
785 1 1
785 2 1
785 3 1
785 1 2
785 2 2
785 3 2
785 1 3
785 2 3
785 3 3
785 1 4
785 2 4
785 3 4
785 1 5
785 2 5
785 3 5
786 1 1
786 2 1
786 3 1
786 1 2
786 2 2
786 3 2
786 1 3
786 2 3
786 3 3
786 1 4
786 2 4
786 3 4
786 1 5
786 2 5
786 3 5
787 1 1
787 2 1
787 3 1
787 1 2
787 2 2
787 3 2
787 1 3
787 2 3
787 3 3
787 1 4
787 2 4
787 3 4
787 1 5
787 2 5
787 3 5
788 1 1
788 2 1
788 3 1
788 1 2
788 2 2
788 3 2
788 1 3
788 2 3
788 3 3
788 1 4
788 2 4
788 3 4
788 1 5
788 2 5
788 3 5
789 1 1
789 2 1
789 3 1
789 1 2
789 2 2
789 3 2
789 1 3
789 2 3
789 3 3
789 1 4
789 2 4
789 3 4
789 1 5
789 2 5
789 3 5
790 1 1
790 2 1
790 3 1
790 1 2
790 2 2
790 3 2
790 1 3
790 2 3
790 3 3
790 1 4
790 2 4
790 3 4
790 1 5
790 2 5
790 3 5
791 1 1
791 2 1
791 3 1
791 1 2
791 2 2
791 3 2
791 1 3
791 2 3
791 3 3
791 1 4
791 2 4
791 3 4
791 1 5
791 2 5
791 3 5
792 1 1
792 2 1
792 3 1
792 1 2
792 2 2
792 3 2
792 1 3
792 2 3
792 3 3
792 1 4
792 2 4
792 3 4
792 1 5
792 2 5
792 3 5
793 1 1
793 2 1
793 3 1
793 1 2
793 2 2
793 3 2
793 1 3
793 2 3
793 3 3
793 1 4
793 2 4
793 3 4
793 1 5
793 2 5
793 3 5
794 1 1
794 2 1
794 3 1
794 1 2
794 2 2
794 3 2
794 1 3
794 2 3
794 3 3
794 1 4
794 2 4
794 3 4
794 1 5
794 2 5
794 3 5
795 1 1
795 2 1
795 3 1
795 1 2
795 2 2
795 3 2
795 1 3
795 2 3
795 3 3
795 1 4
795 2 4
795 3 4
795 1 5
795 2 5
795 3 5
796 1 1
796 2 1
796 3 1
796 1 2
796 2 2
796 3 2
796 1 3
796 2 3
796 3 3
796 1 4
796 2 4
796 3 4
796 1 5
796 2 5
796 3 5
797 1 1
797 2 1
797 3 1
797 1 2
797 2 2
797 3 2
797 1 3
797 2 3
797 3 3
797 1 4
797 2 4
797 3 4
797 1 5
797 2 5
797 3 5
798 1 1
798 2 1
798 3 1
798 1 2
798 2 2
798 3 2
798 1 3
798 2 3
798 3 3
798 1 4
798 2 4
798 3 4
798 1 5
798 2 5
798 3 5
799 1 1
799 2 1
799 3 1
799 1 2
799 2 2
799 3 2
799 1 3
799 2 3
799 3 3
799 1 4
799 2 4
799 3 4
799 1 5
799 2 5
799 3 5
800 1 1
800 2 1
800 3 1
800 1 2
800 2 2
800 3 2
800 1 3
800 2 3
800 3 3
800 1 4
800 2 4
800 3 4
800 1 5
800 2 5
800 3 5
801 1 1
801 2 1
801 3 1
801 1 2
801 2 2
801 3 2
801 1 3
801 2 3
801 3 3
801 1 4
801 2 4
801 3 4
801 1 5
801 2 5
801 3 5
802 1 1
802 2 1
802 3 1
802 1 2
802 2 2
802 3 2
802 1 3
802 2 3
802 3 3
802 1 4
802 2 4
802 3 4
802 1 5
802 2 5
802 3 5
803 1 1
803 2 1
803 3 1
803 1 2
803 2 2
803 3 2
803 1 3
803 2 3
803 3 3
803 1 4
803 2 4
803 3 4
803 1 5
803 2 5
803 3 5
804 1 1
804 2 1
804 3 1
804 1 2
804 2 2
804 3 2
804 1 3
804 2 3
804 3 3
804 1 4
804 2 4
804 3 4
804 1 5
804 2 5
804 3 5
805 1 1
805 2 1
805 3 1
805 1 2
805 2 2
805 3 2
805 1 3
805 2 3
805 3 3
805 1 4
805 2 4
805 3 4
805 1 5
805 2 5
805 3 5
806 1 1
806 2 1
806 3 1
806 1 2
806 2 2
806 3 2
806 1 3
806 2 3
806 3 3
806 1 4
806 2 4
806 3 4
806 1 5
806 2 5
806 3 5
807 1 1
807 2 1
807 3 1
807 1 2
807 2 2
807 3 2
807 1 3
807 2 3
807 3 3
807 1 4
807 2 4
807 3 4
807 1 5
807 2 5
807 3 5
808 1 1
808 2 1
808 3 1
808 1 2
808 2 2
808 3 2
808 1 3
808 2 3
808 3 3
808 1 4
808 2 4
808 3 4
808 1 5
808 2 5
808 3 5
809 1 1
809 2 1
809 3 1
809 1 2
809 2 2
809 3 2
809 1 3
809 2 3
809 3 3
809 1 4
809 2 4
809 3 4
809 1 5
809 2 5
809 3 5
810 1 1
810 2 1
810 3 1
810 1 2
810 2 2
810 3 2
810 1 3
810 2 3
810 3 3
810 1 4
810 2 4
810 3 4
810 1 5
810 2 5
810 3 5
811 1 1
811 2 1
811 3 1
811 1 2
811 2 2
811 3 2
811 1 3
811 2 3
811 3 3
811 1 4
811 2 4
811 3 4
811 1 5
811 2 5
811 3 5
812 1 1
812 2 1
812 3 1
812 1 2
812 2 2
812 3 2
812 1 3
812 2 3
812 3 3
812 1 4
812 2 4
812 3 4
812 1 5
812 2 5
812 3 5
813 1 1
813 2 1
813 3 1
813 1 2
813 2 2
813 3 2
813 1 3
813 2 3
813 3 3
813 1 4
813 2 4
813 3 4
813 1 5
813 2 5
813 3 5
814 1 1
814 2 1
814 3 1
814 1 2
814 2 2
814 3 2
814 1 3
814 2 3
814 3 3
814 1 4
814 2 4
814 3 4
814 1 5
814 2 5
814 3 5
815 1 1
815 2 1
815 3 1
815 1 2
815 2 2
815 3 2
815 1 3
815 2 3
815 3 3
815 1 4
815 2 4
815 3 4
815 1 5
815 2 5
815 3 5
816 1 1
816 2 1
816 3 1
816 1 2
816 2 2
816 3 2
816 1 3
816 2 3
816 3 3
816 1 4
816 2 4
816 3 4
816 1 5
816 2 5
816 3 5
817 1 1
817 2 1
817 3 1
817 1 2
817 2 2
817 3 2
817 1 3
817 2 3
817 3 3
817 1 4
817 2 4
817 3 4
817 1 5
817 2 5
817 3 5
818 1 1
818 2 1
818 3 1
818 1 2
818 2 2
818 3 2
818 1 3
818 2 3
818 3 3
818 1 4
818 2 4
818 3 4
818 1 5
818 2 5
818 3 5
819 1 1
819 2 1
819 3 1
819 1 2
819 2 2
819 3 2
819 1 3
819 2 3
819 3 3
819 1 4
819 2 4
819 3 4
819 1 5
819 2 5
819 3 5
820 1 1
820 2 1
820 3 1
820 1 2
820 2 2
820 3 2
820 1 3
820 2 3
820 3 3
820 1 4
820 2 4
820 3 4
820 1 5
820 2 5
820 3 5
821 1 1
821 2 1
821 3 1
821 1 2
821 2 2
821 3 2
821 1 3
821 2 3
821 3 3
821 1 4
821 2 4
821 3 4
821 1 5
821 2 5
821 3 5
822 1 1
822 2 1
822 3 1
822 1 2
822 2 2
822 3 2
822 1 3
822 2 3
822 3 3
822 1 4
822 2 4
822 3 4
822 1 5
822 2 5
822 3 5
823 1 1
823 2 1
823 3 1
823 1 2
823 2 2
823 3 2
823 1 3
823 2 3
823 3 3
823 1 4
823 2 4
823 3 4
823 1 5
823 2 5
823 3 5
824 1 1
824 2 1
824 3 1
824 1 2
824 2 2
824 3 2
824 1 3
824 2 3
824 3 3
824 1 4
824 2 4
824 3 4
824 1 5
824 2 5
824 3 5
825 1 1
825 2 1
825 3 1
825 1 2
825 2 2
825 3 2
825 1 3
825 2 3
825 3 3
825 1 4
825 2 4
825 3 4
825 1 5
825 2 5
825 3 5
826 1 1
826 2 1
826 3 1
826 1 2
826 2 2
826 3 2
826 1 3
826 2 3
826 3 3
826 1 4
826 2 4
826 3 4
826 1 5
826 2 5
826 3 5
827 1 1
827 2 1
827 3 1
827 1 2
827 2 2
827 3 2
827 1 3
827 2 3
827 3 3
827 1 4
827 2 4
827 3 4
827 1 5
827 2 5
827 3 5
828 1 1
828 2 1
828 3 1
828 1 2
828 2 2
828 3 2
828 1 3
828 2 3
828 3 3
828 1 4
828 2 4
828 3 4
828 1 5
828 2 5
828 3 5
829 1 1
829 2 1
829 3 1
829 1 2
829 2 2
829 3 2
829 1 3
829 2 3
829 3 3
829 1 4
829 2 4
829 3 4
829 1 5
829 2 5
829 3 5
830 1 1
830 2 1
830 3 1
830 1 2
830 2 2
830 3 2
830 1 3
830 2 3
830 3 3
830 1 4
830 2 4
830 3 4
830 1 5
830 2 5
830 3 5
831 1 1
831 2 1
831 3 1
831 1 2
831 2 2
831 3 2
831 1 3
831 2 3
831 3 3
831 1 4
831 2 4
831 3 4
831 1 5
831 2 5
831 3 5
832 1 1
832 2 1
832 3 1
832 1 2
832 2 2
832 3 2
832 1 3
832 2 3
832 3 3
832 1 4
832 2 4
832 3 4
832 1 5
832 2 5
832 3 5
833 1 1
833 2 1
833 3 1
833 1 2
833 2 2
833 3 2
833 1 3
833 2 3
833 3 3
833 1 4
833 2 4
833 3 4
833 1 5
833 2 5
833 3 5
834 1 1
834 2 1
834 3 1
834 1 2
834 2 2
834 3 2
834 1 3
834 2 3
834 3 3
834 1 4
834 2 4
834 3 4
834 1 5
834 2 5
834 3 5
835 1 1
835 2 1
835 3 1
835 1 2
835 2 2
835 3 2
835 1 3
835 2 3
835 3 3
835 1 4
835 2 4
835 3 4
835 1 5
835 2 5
835 3 5
836 1 1
836 2 1
836 3 1
836 1 2
836 2 2
836 3 2
836 1 3
836 2 3
836 3 3
836 1 4
836 2 4
836 3 4
836 1 5
836 2 5
836 3 5
837 1 1
837 2 1
837 3 1
837 1 2
837 2 2
837 3 2
837 1 3
837 2 3
837 3 3
837 1 4
837 2 4
837 3 4
837 1 5
837 2 5
837 3 5
;
set Fixlisti := 
;
end;
