param S := 60;
param T := 8;
param D := 5;
param windowsize := 0;

param A := 
1 2
2 3
3 9
4 9
5 4
6 4
7 2
8 2
9 16
10 9
11 2
12 80
13 29
14 0
15 9
16 9
17 15
18 146
19 182
20 35
21 128
22 1
23 54
24 54
25 24
26 6
27 21
28 2
29 3
30 2
31 8
32 7
33 7
34 18
35 12
36 7
37 18
38 7
39 18
40 12
41 86
42 86
43 28
44 36
45 24
46 129
47 22
48 106
49 86
50 88
51 4
52 1
53 4
54 104
55 66
56 66
57 66
58 100
59 30
60 31
;

param Ttarget := 
1 1 150
2 1 150
3 1 150
4 1 150
5 1 50
6 1 50
7 1 50
8 1 50
1 2 150
2 2 150
3 2 150
4 2 150
5 2 50
6 2 50
7 2 50
8 2 50
1 3 150
2 3 150
3 3 150
4 3 150
5 3 50
6 3 50
7 3 50
8 3 50
1 4 150
2 4 150
3 4 150
4 4 150
5 4 50
6 4 50
7 4 50
8 4 50
1 5 150
2 5 150
3 5 150
4 5 150
5 5 50
6 5 50
7 5 50
8 5 50
;

set Bannlisti := 
;
set Fixlisti := 
;
end;
