param S := 964;
param T := 8;
param D := 5;
param windowsize := 0;

param O := 
1 1
2 0
3 0
4 0
5 0
6 0
7 0
8 0
;

param EIM := 
1 0
2 0
3 0
4 0
5 0
6 0
7 1
8 0
;

param SAM := 
1 0
2 0
3 0
4 0
5 0
6 0
7 0
8 1
;

param A := 
1 61
2 9
3 7
4 4
5 5
6 18
7 144
8 88
9 31
10 18
11 66
12 54
13 40
14 146
15 146
16 35
17 109
18 63
19 62
20 33
21 23
22 6
23 22
24 18
25 438
26 2
27 0
28 3
29 39
30 3
31 28
32 14
33 9
34 24
35 0
36 54
37 54
38 1
39 12
40 4
41 6
42 14
43 2
44 12
45 2
46 5
47 5
48 6
49 4
50 3
51 2
52 4
53 7
54 7
55 12
56 2
57 2
58 18
59 1
60 4
61 1
62 2
63 4
64 6
65 8
66 4
67 11
68 22
69 9
70 19
71 96
72 43
73 80
74 186
75 29
76 72
77 31
78 32
79 32
80 29
81 4
82 11
83 96
84 9
85 7
86 15
87 22
88 22
89 33
90 26
91 12
92 6
93 59
94 52
95 9
96 48
97 36
98 11
99 257
100 54
101 129
102 35
103 24
104 24
105 66
106 44
107 106
108 44
109 88
110 150
111 100
112 22
113 179
114 20
115 22
116 88
117 59
118 107
119 129
120 88
121 106
122 106
123 86
124 30
125 12
126 9
127 2
128 20
129 9
130 13
131 18
132 18
133 4
134 27
135 15
136 15
137 16
138 2
139 11
140 4
141 53
142 27
143 102
144 14
145 12
146 4
147 11
148 35
149 4
150 11
151 18
152 22
153 88
154 53
155 36
156 139
157 40
158 106
159 9
160 43
161 21
162 265
163 7
164 72
165 66
166 12
167 13
168 4
169 9
170 27
171 20
172 2
173 4
174 2
175 5
176 22
177 0
178 27
179 14
180 36
181 14
182 11
183 21
184 20
185 13
186 13
187 2
188 32
189 12
190 0
191 1
192 81
193 158
194 2
195 15
196 157
197 36
198 11
199 109
200 91
201 73
202 91
203 109
204 109
205 122
206 100
207 75
208 75
209 12
210 134
211 40
212 43
213 80
214 21
215 27
216 43
217 27
218 2
219 11
220 80
221 13
222 13
223 11
224 7
225 2
226 13
227 11
228 11
229 11
230 11
231 11
232 13
233 6
234 211
235 84
236 79
237 219
238 134
239 9
240 7
241 18
242 4
243 12
244 4
245 12
246 42
247 88
248 150
249 88
250 86
251 107
252 358
253 186
254 250
255 159
256 11
257 5
258 10
259 10
260 53
261 14
262 143
263 61
264 71
265 91
266 6
267 25
268 26
269 72
270 72
271 36
272 88
273 18
274 76
275 9
276 23
277 13
278 177
279 110
280 34
281 38
282 25
283 13
284 7
285 16
286 143
287 88
288 27
289 44
290 5
291 13
292 18
293 7
294 14
295 66
296 221
297 106
298 133
299 265
300 18
301 9
302 4
303 55
304 6
305 3
306 14
307 2
308 2
309 44
310 9
311 2
312 2
313 8
314 12
315 25
316 50
317 107
318 107
319 107
320 143
321 86
322 133
323 86
324 110
325 179
326 48
327 222
328 55
329 55
330 115
331 106
332 221
333 150
334 231
335 107
336 67
337 121
338 2
339 35
340 35
341 9
342 44
343 11
344 53
345 4
346 66
347 22
348 40
349 16
350 5
351 18
352 13
353 4
354 4
355 11
356 2
357 27
358 14
359 14
360 11
361 5
362 8
363 5
364 4
365 3
366 3
367 5
368 0
369 1
370 2
371 7
372 1
373 0
374 18
375 13
376 11
377 44
378 36
379 11
380 36
381 1
382 2
383 13
384 4
385 9
386 40
387 4
388 9
389 44
390 11
391 27
392 11
393 13
394 5
395 32
396 23
397 5
398 8
399 6
400 6
401 0
402 14
403 7
404 33
405 99
406 27
407 110
408 33
409 22
410 21
411 22
412 133
413 72
414 38
415 74
416 3
417 15
418 25
419 2
420 7
421 4
422 64
423 221
424 133
425 193
426 133
427 66
428 107
429 44
430 27
431 73
432 73
433 125
434 150
435 125
436 97
437 26
438 80
439 37
440 88
441 113
442 40
443 212
444 21
445 10
446 91
447 128
448 36
449 146
450 146
451 43
452 91
453 59
454 18
455 18
456 16
457 30
458 11
459 94
460 69
461 6
462 52
463 48
464 36
465 48
466 24
467 12
468 16
469 129
470 129
471 265
472 0
473 88
474 24
475 0
476 1
477 1
478 36
479 7
480 21
481 27
482 36
483 21
484 43
485 155
486 54
487 12
488 18
489 50
490 9
491 11
492 1
493 53
494 66
495 110
496 88
497 215
498 40
499 119
500 215
501 36
502 203
503 4
504 13
505 9
506 7
507 2
508 110
509 90
510 11
511 91
512 33
513 86
514 7
515 14
516 12
517 7
518 1
519 14
520 2
521 2
522 8
523 12
524 12
525 12
526 48
527 48
528 12
529 1
530 1
531 2
532 0
533 9
534 9
535 1
536 8
537 14
538 8
539 40
540 24
541 8
542 25
543 7
544 12
545 2
546 40
547 16
548 5
549 109
550 109
551 36
552 73
553 238
554 81
555 49
556 6
557 1
558 5
559 134
560 51
561 5
562 11
563 122
564 56
565 10
566 182
567 11
568 26
569 5
570 24
571 10
572 9
573 9
574 3
575 84
576 40
577 38
578 37
579 317
580 36
581 100
582 18
583 1
584 14
585 16
586 46
587 136
588 179
589 177
590 28
591 146
592 72
593 33
594 11
595 9
596 22
597 22
598 12
599 11
600 19
601 54
602 27
603 44
604 21
605 18
606 2
607 1
608 2
609 2
610 2
611 106
612 127
613 73
614 63
615 154
616 267
617 19
618 8
619 24
620 24
621 71
622 76
623 34
624 72
625 133
626 44
627 88
628 22
629 11
630 36
631 31
632 38
633 8
634 4
635 5
636 13
637 4
638 106
639 398
640 106
641 88
642 106
643 106
644 133
645 122
646 179
647 86
648 27
649 7
650 9
651 12
652 88
653 88
654 106
655 22
656 13
657 18
658 53
659 29
660 36
661 44
662 129
663 44
664 12
665 133
666 2
667 8
668 6
669 51
670 4
671 5
672 37
673 36
674 94
675 129
676 137
677 265
678 150
679 213
680 106
681 86
682 118
683 68
684 44
685 10
686 53
687 84
688 36
689 27
690 38
691 43
692 107
693 85
694 86
695 106
696 86
697 122
698 265
699 11
700 2
701 5
702 13
703 9
704 12
705 31
706 21
707 8
708 20
709 90
710 18
711 22
712 5
713 12
714 2
715 36
716 86
717 100
718 18
719 43
720 33
721 13
722 6
723 18
724 9
725 27
726 8
727 9
728 7
729 2
730 43
731 43
732 59
733 23
734 97
735 32
736 6
737 5
738 12
739 4
740 8
741 11
742 25
743 30
744 4
745 3
746 1
747 5
748 9
749 18
750 7
751 5
752 12
753 12
754 12
755 9
756 26
757 4
758 5
759 0
760 3
761 0
762 18
763 17
764 29
765 9
766 73
767 55
768 9
769 176
770 50
771 75
772 100
773 133
774 133
775 215
776 88
777 268
778 106
779 336
780 109
781 182
782 91
783 73
784 73
785 55
786 17
787 17
788 12
789 75
790 75
791 97
792 17
793 24
794 134
795 2
796 9
797 25
798 156
799 14
800 133
801 106
802 47
803 219
804 44
805 47
806 33
807 107
808 181
809 108
810 8
811 95
812 48
813 88
814 67
815 4
816 5
817 0
818 267
819 106
820 474
821 8
822 52
823 107
824 80
825 88
826 86
827 215
828 187
829 221
830 186
831 133
832 18
833 125
834 88
835 13
836 7
837 8
838 18
839 4
840 5
841 2
842 1
843 9
844 6
845 35
846 19
847 9
848 17
849 5
850 18
851 27
852 24
853 2
854 2
855 4
856 4
857 2
858 2
859 3
860 3
861 11
862 16
863 16
864 0
865 9
866 9
867 11
868 0
869 13
870 9
871 11
872 9
873 11
874 22
875 16
876 13
877 27
878 0
879 4
880 0
881 3
882 5
883 0
884 4
885 12
886 16
887 104
888 9
889 9
890 9
891 16
892 10
893 122
894 107
895 9
896 23
897 13
898 46
899 68
900 7
901 8
902 6
903 46
904 18
905 4
906 18
907 13
908 4
909 15
910 12
911 1
912 16
913 8
914 8
915 2
916 2
917 1
918 1
919 1
920 3
921 20
922 8
923 6
924 39
925 84
926 30
927 61
928 38
929 5
930 2
931 11
932 2
933 11
934 14
935 6
936 11
937 11
938 22
939 11
940 61
941 11
942 61
943 56
944 133
945 64
946 221
947 7
948 9
949 9
950 61
951 16
952 23
953 146
954 154
955 42
956 80
957 12
958 76
959 152
960 18
961 28
962 42
963 40
964 92
;

param Ttarget := 
1 1 1000
2 1 1000
3 1 1000
4 1 1000
5 1 500
6 1 500
7 1 500
8 1 500
1 2 1000
2 2 1000
3 2 1000
4 2 1000
5 2 500
6 2 500
7 2 500
8 2 500
1 3 1000
2 3 1000
3 3 1000
4 3 1000
5 3 500
6 3 500
7 3 500
8 3 500
1 4 1000
2 4 1000
3 4 1000
4 4 1000
5 4 500
6 4 500
7 4 500
8 4 500
1 5 1000
2 5 1000
3 5 1000
4 5 1000
5 5 500
6 5 500
7 5 500
8 5 500
;

set Olgerdin := 
18 
19 
20 
21 
22 
23 
24 
192 
193 
199 
200 
201 
202 
203 
204 
205 
206 
207 
208 
209 
210 
211 
216 
217 
420 
421 
422 
423 
424 
425 
426 
427 
428 
429 
430 
431 
432 
433 
434 
435 
436 
437 
438 
439 
440 
441 
442 
443 
444 
445 
446 
447 
448 
547 
548 
549 
550 
551 
552 
553 
554 
555 
556 
557 
558 
559 
560 
561 
562 
563 
564 
565 
566 
567 
573 
574 
575 
576 
577 
578 
579 
580 
606 
766 
767 
768 
769 
770 
771 
772 
773 
774 
775 
776 
777 
778 
779 
780 
781 
782 
783 
784 
785 
786 
787 
788 
789 
790 
791 
792 
793 
794 
795 
796 
798 
799 
800 
801 
802 
803 
804 
805 
806 
807 
811 
812 
813 
814 
815 
816 
817 
935 
936 
937 
938 
939 
940 
941 
942 
943 
944 
945 
946 
947 
948 
949 
950 
951 
952 
953 
954 
955 
956 
957 
958 
959 
960 
961 
962 
963 
;
set Cola := 
2 
3 
4 
5 
6 
7 
8 
9 
10 
11 
12 
13 
14 
15 
16 
17 
25 
27 
31 
32 
197 
233 
234 
235 
236 
237 
238 
239 
449 
450 
451 
452 
568 
569 
570 
571 
581 
582 
583 
584 
585 
586 
587 
588 
589 
590 
591 
592 
593 
607 
611 
612 
613 
614 
615 
616 
617 
797 
818 
819 
820 
;
set Globus := 
196 
219 
240 
241 
242 
243 
244 
245 
246 
247 
248 
249 
250 
251 
252 
253 
254 
255 
256 
257 
258 
259 
261 
262 
263 
264 
265 
266 
267 
268 
269 
270 
271 
272 
273 
274 
275 
276 
277 
278 
279 
280 
281 
282 
283 
284 
285 
286 
287 
288 
289 
290 
291 
292 
293 
294 
523 
524 
525 
526 
527 
528 
608 
609 
621 
622 
623 
624 
625 
626 
627 
628 
629 
630 
631 
632 
633 
634 
635 
636 
637 
638 
639 
640 
641 
642 
643 
644 
645 
646 
647 
648 
649 
650 
651 
652 
653 
654 
655 
656 
657 
658 
659 
660 
661 
665 
666 
822 
823 
824 
825 
826 
827 
828 
829 
830 
831 
832 
833 
834 
835 
836 
837 
838 
839 
840 
;
set Vintrio := 
33 
34 
35 
71 
72 
73 
74 
75 
76 
77 
78 
79 
80 
81 
82 
83 
84 
85 
198 
477 
662 
663 
664 
;
set Brugghusstedja := 
1 
;
set Dista := 
89 
90 
91 
92 
93 
94 
95 
96 
97 
115 
116 
117 
118 
119 
120 
121 
122 
123 
124 
460 
461 
462 
463 
464 
465 
466 
467 
468 
469 
470 
471 
472 
473 
474 
475 
476 
485 
845 
846 
850 
851 
852 
853 
;
set Bakkus := 
102 
105 
106 
107 
108 
109 
110 
111 
112 
113 
114 
125 
126 
127 
128 
129 
130 
131 
132 
133 
141 
142 
143 
144 
146 
147 
214 
215 
260 
478 
479 
480 
481 
482 
483 
484 
486 
487 
488 
489 
490 
491 
493 
494 
495 
496 
497 
498 
499 
500 
501 
502 
503 
508 
509 
510 
;
set Mekka := 
212 
213 
295 
296 
297 
298 
299 
300 
301 
302 
303 
304 
305 
306 
307 
308 
309 
310 
311 
312 
313 
314 
315 
316 
317 
318 
319 
320 
321 
322 
323 
324 
325 
326 
327 
328 
329 
330 
331 
332 
333 
334 
335 
336 
337 
338 
667 
668 
669 
670 
671 
672 
673 
674 
675 
676 
677 
678 
679 
680 
681 
682 
683 
684 
685 
686 
687 
688 
689 
690 
691 
692 
693 
694 
695 
696 
697 
698 
699 
700 
701 
702 
703 
704 
748 
808 
809 
;
set Eimskip := 
134 
139 
153 
154 
155 
156 
157 
158 
159 
160 
161 
162 
163 
164 
165 
166 
167 
168 
170 
171 
172 
173 
174 
175 
177 
178 
179 
180 
185 
186 
194 
195 
218 
346 
347 
348 
349 
357 
358 
359 
360 
364 
365 
366 
367 
368 
369 
370 
371 
372 
373 
417 
418 
419 
529 
530 
531 
532 
610 
705 
709 
710 
711 
712 
713 
714 
715 
716 
717 
718 
719 
720 
721 
722 
723 
724 
725 
726 
730 
731 
732 
733 
734 
735 
736 
737 
738 
739 
740 
741 
742 
743 
744 
745 
746 
749 
750 
762 
763 
764 
765 
821 
849 
874 
875 
876 
877 
880 
881 
882 
883 
887 
893 
894 
895 
896 
897 
898 
899 
900 
901 
902 
903 
904 
905 
906 
907 
908 
909 
910 
911 
912 
913 
914 
915 
916 
917 
918 
919 
920 
930 
931 
;
set Samskip := 
26 
28 
29 
30 
36 
37 
38 
39 
40 
41 
42 
43 
44 
45 
46 
47 
48 
49 
50 
51 
52 
53 
54 
55 
56 
57 
58 
59 
60 
63 
64 
65 
66 
67 
68 
69 
70 
86 
87 
88 
98 
99 
100 
101 
103 
104 
135 
136 
137 
138 
140 
148 
149 
150 
151 
152 
169 
176 
183 
184 
190 
191 
220 
221 
222 
223 
224 
225 
226 
227 
228 
229 
230 
231 
232 
339 
340 
341 
342 
343 
344 
345 
350 
351 
352 
353 
354 
355 
356 
361 
362 
363 
374 
375 
376 
377 
378 
379 
380 
381 
382 
383 
384 
385 
386 
387 
388 
389 
390 
391 
392 
393 
394 
395 
396 
397 
398 
399 
400 
401 
402 
403 
404 
405 
406 
407 
408 
409 
410 
411 
412 
413 
414 
416 
453 
454 
455 
456 
457 
458 
459 
492 
504 
505 
506 
507 
511 
512 
513 
514 
515 
516 
517 
518 
519 
520 
521 
522 
539 
540 
541 
542 
543 
544 
545 
572 
594 
595 
596 
597 
598 
599 
600 
601 
602 
603 
604 
605 
618 
619 
620 
706 
707 
708 
727 
728 
729 
751 
752 
753 
754 
755 
756 
757 
758 
759 
760 
841 
842 
843 
844 
847 
848 
854 
855 
856 
857 
858 
859 
860 
861 
862 
863 
864 
865 
866 
867 
868 
869 
870 
871 
872 
873 
878 
879 
884 
885 
886 
888 
889 
890 
921 
922 
923 
924 
925 
926 
927 
928 
933 
934 
;
set Bannlisti := 
;
set Fixlisti := 
;
end;
