param S := 639;
param T := 8;
param D := 5;
param windowsize := 0;

param O := 
1 1
2 0
3 0
4 0
5 0
6 0
7 0
8 0
;

param EIM := 
1 0
2 0
3 0
4 0
5 0
6 0
7 1
8 0
;

param SAM := 
1 0
2 0
3 0
4 0
5 0
6 0
7 0
8 1
;

param A := 
1 8
2 4
3 6
4 4
5 7
6 4
7 13
8 2
9 7
10 304
11 94
12 60
13 18
14 88
15 7
16 55
17 22
18 3
19 72
20 33
21 13
22 7
23 4
24 13
25 4
26 30
27 1
28 0
29 9
30 9
31 7
32 2
33 16
34 58
35 5
36 146
37 127
38 127
39 112
40 13
41 133
42 110
43 40
44 18
45 18
46 13
47 20
48 27
49 7
50 129
51 107
52 88
53 106
54 106
55 265
56 187
57 221
58 66
59 250
60 96
61 2
62 9
63 10
64 34
65 8
66 17
67 11
68 14
69 3
70 44
71 66
72 19
73 8
74 36
75 31
76 13
77 1
78 4
79 0
80 53
81 0
82 9
83 18
84 16
85 26
86 25
87 12
88 17
89 4
90 9
91 9
92 5
93 3
94 7
95 9
96 22
97 18
98 17
99 2
100 2
101 4
102 7
103 18
104 9
105 13
106 9
107 9
108 22
109 44
110 107
111 22
112 60
113 4
114 107
115 36
116 107
117 44
118 11
119 4
120 9
121 13
122 11
123 9
124 9
125 4
126 4
127 0
128 36
129 22
130 51
131 18
132 4
133 18
134 11
135 6
136 133
137 18
138 84
139 4
140 1
141 5
142 12
143 0
144 1
145 1
146 0
147 13
148 2
149 2
150 18
151 8
152 13
153 23
154 55
155 30
156 30
157 2
158 1
159 3
160 5
161 73
162 0
163 12
164 88
165 7
166 11
167 7
168 33
169 21
170 32
171 32
172 1
173 32
174 1
175 18
176 9
177 4
178 7
179 2
180 1
181 5
182 20
183 9
184 7
185 11
186 2
187 20
188 1
189 20
190 4
191 28
192 42
193 14
194 10
195 4
196 14
197 6
198 6
199 10
200 48
201 48
202 20
203 2
204 133
205 304
206 0
207 78
208 255
209 7
210 16
211 16
212 1
213 5
214 0
215 5
216 2
217 9
218 62
219 9
220 5
221 8
222 4
223 1
224 7
225 2
226 13
227 61
228 23
229 46
230 28
231 47
232 168
233 98
234 46
235 9
236 23
237 12
238 50
239 36
240 212
241 54
242 80
243 398
244 212
245 133
246 133
247 107
248 18
249 18
250 5
251 2
252 2
253 2
254 5
255 6
256 17
257 4
258 4
259 9
260 7
261 13
262 4
263 7
264 2
265 12
266 2
267 9
268 8
269 24
270 26
271 3
272 2
273 13
274 161
275 129
276 9
277 5
278 11
279 129
280 137
281 123
282 221
283 150
284 55
285 88
286 53
287 133
288 86
289 9
290 6
291 41
292 88
293 106
294 15
295 23
296 186
297 46
298 257
299 79
300 37
301 7
302 4
303 2
304 2
305 2
306 5
307 44
308 8
309 4
310 33
311 179
312 68
313 212
314 265
315 8
316 7
317 5
318 15
319 9
320 4
321 17
322 42
323 12
324 18
325 186
326 21
327 181
328 11
329 18
330 4
331 22
332 13
333 19
334 2
335 4
336 2
337 4
338 4
339 4
340 10
341 14
342 97
343 2
344 2
345 2
346 5
347 2
348 2
349 9
350 7
351 59
352 7
353 11
354 1
355 6
356 3
357 12
358 9
359 4
360 9
361 6
362 14
363 27
364 8
365 4
366 2
367 7
368 8
369 9
370 8
371 9
372 27
373 36
374 7
375 5
376 9
377 13
378 4
379 1
380 4
381 44
382 2
383 4
384 5
385 4
386 4
387 4
388 2
389 7
390 1
391 28
392 11
393 11
394 15
395 4
396 25
397 12
398 12
399 9
400 9
401 12
402 5
403 110
404 54
405 66
406 18
407 14
408 0
409 14
410 14
411 29
412 82
413 11
414 13
415 20
416 106
417 11
418 7
419 2
420 2
421 2
422 2
423 4
424 2
425 2
426 6
427 8
428 2
429 13
430 18
431 1
432 3
433 46
434 9
435 13
436 4
437 7
438 13
439 18
440 9
441 51
442 23
443 17
444 23
445 23
446 23
447 28
448 28
449 30
450 91
451 125
452 73
453 91
454 182
455 11
456 75
457 17
458 26
459 134
460 104
461 125
462 11
463 48
464 55
465 22
466 88
467 76
468 84
469 47
470 0
471 268
472 110
473 81
474 158
475 9
476 134
477 18
478 2
479 2
480 24
481 12
482 61
483 9
484 3
485 7
486 193
487 22
488 22
489 257
490 22
491 80
492 150
493 22
494 16
495 18
496 104
497 18
498 17
499 8
500 17
501 9
502 12
503 1
504 7
505 18
506 4
507 24
508 44
509 94
510 2
511 9
512 5
513 2
514 9
515 7
516 0
517 9
518 69
519 27
520 44
521 7
522 66
523 88
524 44
525 203
526 60
527 31
528 107
529 90
530 22
531 5
532 2
533 79
534 7
535 3
536 20
537 2
538 4
539 5
540 4
541 2
542 4
543 4
544 11
545 9
546 20
547 22
548 9
549 80
550 88
551 22
552 24
553 53
554 7
555 0
556 7
557 27
558 177
559 14
560 18
561 18
562 21
563 122
564 4
565 64
566 21
567 3
568 30
569 36
570 11
571 0
572 11
573 2
574 4
575 0
576 251
577 18
578 50
579 25
580 91
581 91
582 5
583 50
584 17
585 177
586 36
587 80
588 197
589 47
590 219
591 44
592 36
593 221
594 68
595 33
596 4
597 100
598 40
599 221
600 64
601 221
602 8
603 88
604 54
605 133
606 33
607 238
608 4
609 44
610 4
611 2
612 4
613 2
614 3
615 2
616 4
617 9
618 7
619 22
620 212
621 336
622 111
623 81
624 386
625 4
626 5
627 7
628 4
629 6
630 4
631 4
632 4
633 6
634 3
635 201
636 78
637 146
638 73
639 73
;

param Ttarget := 
1 1 1000
2 1 1000
3 1 1000
4 1 1000
5 1 500
6 1 500
7 1 500
8 1 500
1 2 1000
2 2 1000
3 2 1000
4 2 1000
5 2 500
6 2 500
7 2 500
8 2 500
1 3 1000
2 3 1000
3 3 1000
4 3 1000
5 3 500
6 3 500
7 3 500
8 3 500
1 4 1000
2 4 1000
3 4 1000
4 4 1000
5 4 500
6 4 500
7 4 500
8 4 500
1 5 1000
2 5 1000
3 5 1000
4 5 1000
5 5 500
6 5 500
7 5 500
8 5 500
;

set Olgerdin := 
218 
219 
220 
221 
222 
223 
224 
225 
226 
227 
228 
229 
230 
231 
232 
233 
234 
235 
236 
237 
238 
239 
240 
241 
242 
243 
244 
245 
246 
247 
248 
450 
451 
452 
453 
454 
455 
456 
457 
458 
459 
460 
461 
462 
463 
464 
465 
466 
467 
468 
469 
470 
471 
472 
473 
474 
475 
476 
478 
479 
574 
576 
577 
578 
579 
580 
581 
582 
583 
584 
585 
586 
587 
588 
589 
590 
591 
592 
593 
594 
595 
596 
597 
598 
599 
600 
601 
602 
603 
604 
605 
606 
607 
608 
609 
610 
611 
612 
613 
614 
615 
616 
617 
618 
619 
620 
621 
622 
623 
624 
625 
626 
627 
628 
629 
630 
631 
632 
633 
634 
;
set Cola := 
19 
20 
21 
22 
23 
24 
25 
26 
34 
36 
37 
38 
39 
249 
250 
251 
252 
253 
635 
636 
637 
638 
;
set Globus := 
40 
41 
42 
43 
44 
45 
46 
47 
48 
49 
50 
51 
52 
53 
54 
55 
56 
57 
58 
59 
64 
65 
66 
67 
68 
69 
70 
71 
72 
73 
74 
75 
76 
77 
79 
80 
81 
82 
83 
84 
85 
86 
87 
88 
89 
90 
91 
92 
93 
94 
95 
197 
198 
199 
200 
201 
202 
203 
496 
498 
499 
500 
505 
517 
548 
;
set Vintrio := 
60 
61 
62 
63 
78 
483 
484 
485 
486 
487 
488 
489 
490 
491 
492 
493 
494 
501 
502 
503 
504 
;
set Brugghusstedja := 
206 
207 
208 
;
set Dista := 
96 
97 
212 
267 
268 
269 
270 
271 
274 
275 
;
set Bakkus := 
98 
99 
100 
101 
102 
103 
104 
105 
106 
107 
108 
109 
110 
111 
112 
113 
114 
115 
116 
117 
118 
119 
120 
121 
122 
123 
124 
125 
126 
127 
128 
129 
130 
131 
132 
133 
134 
135 
272 
273 
518 
519 
520 
521 
522 
523 
524 
525 
526 
527 
528 
529 
530 
531 
532 
533 
534 
535 
536 
537 
538 
539 
540 
541 
542 
543 
544 
545 
546 
547 
550 
551 
552 
553 
554 
555 
556 
557 
558 
559 
560 
;
set Mekka := 
276 
277 
278 
279 
280 
281 
282 
283 
284 
285 
286 
287 
288 
289 
290 
291 
292 
293 
294 
295 
296 
297 
298 
299 
300 
301 
302 
303 
304 
305 
306 
307 
308 
309 
310 
311 
312 
313 
314 
315 
316 
317 
318 
319 
320 
343 
344 
345 
346 
347 
348 
349 
437 
438 
549 
;
set Eimskip := 
136 
137 
138 
140 
141 
142 
143 
144 
145 
146 
152 
153 
154 
155 
156 
157 
158 
159 
160 
161 
162 
163 
164 
170 
171 
172 
173 
321 
322 
323 
324 
325 
326 
327 
328 
329 
330 
331 
332 
333 
334 
335 
336 
337 
338 
339 
340 
341 
342 
350 
351 
352 
353 
354 
355 
356 
357 
358 
359 
360 
361 
362 
363 
364 
365 
366 
367 
368 
369 
370 
371 
372 
377 
378 
379 
380 
383 
384 
385 
386 
387 
388 
389 
390 
391 
392 
393 
394 
395 
396 
422 
423 
424 
425 
426 
427 
432 
433 
439 
440 
441 
442 
443 
444 
445 
446 
447 
448 
449 
495 
506 
564 
568 
;
set Samskip := 
1 
2 
3 
4 
5 
6 
7 
8 
9 
10 
11 
12 
13 
14 
15 
16 
17 
18 
27 
28 
29 
30 
31 
32 
33 
35 
139 
147 
148 
149 
150 
151 
165 
166 
167 
168 
169 
174 
175 
176 
177 
178 
179 
180 
187 
188 
189 
190 
191 
192 
193 
194 
195 
196 
204 
205 
209 
254 
255 
256 
257 
258 
259 
260 
261 
262 
263 
264 
265 
266 
381 
382 
397 
398 
399 
400 
401 
402 
403 
404 
405 
406 
407 
408 
409 
410 
411 
412 
413 
414 
415 
416 
417 
418 
419 
420 
421 
428 
429 
430 
431 
434 
435 
436 
477 
480 
481 
482 
497 
507 
508 
509 
510 
511 
512 
513 
514 
515 
516 
565 
566 
567 
569 
575 
;
set Bannlisti := 
;
set Fixlisti := 
;
end;
