param S := 776;
param T := 8;
param D := 5;
param windowsize := 0;

param O := 
1 1
2 0
3 0
4 0
5 0
6 0
7 0
8 0
;

param EIM := 
1 0
2 0
3 0
4 0
5 0
6 0
7 1
8 0
;

param SAM := 
1 0
2 0
3 0
4 0
5 0
6 0
7 0
8 1
;

param A := 
1 91
2 128
3 5
4 73
5 15
6 2
7 181
8 148
9 83
10 143
11 177
12 11
13 12
14 2
15 7
16 4
17 7
18 18
19 13
20 12
21 9
22 21
23 19
24 11
25 113
26 18
27 7
28 11
29 4
30 21
31 4
32 9
33 18
34 2
35 4
36 11
37 14
38 14
39 13
40 5
41 4
42 48
43 36
44 36
45 36
46 8
47 28
48 5
49 1
50 2
51 2
52 5
53 7
54 9
55 9
56 5
57 6
58 9
59 33
60 7
61 101
62 6
63 33
64 94
65 150
66 333
67 53
68 85
69 212
70 108
71 44
72 93
73 37
74 120
75 69
76 35
77 9
78 12
79 66
80 3
81 4
82 11
83 5
84 5
85 44
86 18
87 12
88 9
89 53
90 4
91 9
92 13
93 11
94 22
95 4
96 1
97 3
98 0
99 19
100 49
101 4
102 13
103 4
104 4
105 9
106 0
107 161
108 17
109 9
110 9
111 5
112 4
113 3
114 27
115 15
116 7
117 4
118 7
119 9
120 4
121 11
122 6
123 9
124 7
125 13
126 21
127 14
128 13
129 18
130 13
131 13
132 5
133 3
134 73
135 94
136 73
137 68
138 94
139 5
140 3
141 3
142 24
143 24
144 194
145 100
146 25
147 6
148 100
149 128
150 73
151 55
152 128
153 97
154 17
155 24
156 803
157 0
158 62
159 101
160 219
161 84
162 62
163 47
164 14
165 55
166 56
167 3
168 9
169 23
170 14
171 24
172 21
173 5
174 3
175 1
176 9
177 14
178 5
179 9
180 4
181 2
182 6
183 4
184 12
185 9
186 4
187 7
188 26
189 12
190 96
191 92
192 177
193 88
194 35
195 44
196 27
197 146
198 18
199 44
200 4
201 6
202 6
203 2
204 4
205 62
206 31
207 8
208 4
209 2
210 9
211 2
212 2
213 4
214 4
215 9
216 11
217 24
218 44
219 94
220 158
221 27
222 76
223 18
224 1
225 1
226 4
227 2
228 0
229 12
230 4
231 78
232 5
233 4
234 106
235 537
236 88
237 133
238 106
239 64
240 265
241 106
242 88
243 86
244 141
245 150
246 86
247 107
248 96
249 129
250 55
251 133
252 110
253 44
254 186
255 18
256 25
257 108
258 20
259 17
260 12
261 7
262 1
263 1
264 12
265 22
266 7
267 9
268 11
269 284
270 44
271 86
272 66
273 110
274 27
275 27
276 14
277 7
278 4
279 12
280 4
281 7
282 13
283 12
284 3
285 4
286 24
287 86
288 102
289 48
290 48
291 59
292 88
293 129
294 129
295 107
296 133
297 22
298 18
299 36
300 40
301 15
302 7
303 18
304 15
305 2
306 13
307 0
308 4
309 4
310 4
311 2
312 7
313 4
314 4
315 5
316 60
317 44
318 51
319 110
320 36
321 22
322 44
323 11
324 2
325 4
326 5
327 0
328 4
329 4
330 7
331 2
332 7
333 4
334 4
335 4
336 4
337 4
338 13
339 11
340 7
341 2
342 53
343 22
344 34
345 22
346 88
347 88
348 44
349 0
350 22
351 1
352 11
353 44
354 22
355 6
356 9
357 7
358 7
359 4
360 9
361 2
362 32
363 8
364 9
365 18
366 7
367 4
368 9
369 51
370 22
371 4
372 7
373 7
374 27
375 7
376 6
377 38
378 33
379 18
380 13
381 15
382 28
383 8
384 13
385 5
386 9
387 14
388 4
389 17
390 4
391 5
392 103
393 61
394 12
395 15
396 19
397 4
398 1
399 8
400 5
401 3
402 73
403 1
404 1
405 5
406 3
407 12
408 12
409 48
410 48
411 12
412 12
413 2
414 14
415 24
416 7
417 2
418 0
419 5
420 2
421 5
422 92
423 14
424 25
425 62
426 8
427 40
428 55
429 59
430 84
431 259
432 62
433 47
434 3
435 5
436 9
437 8
438 5
439 5
440 8
441 70
442 215
443 424
444 265
445 53
446 107
447 124
448 210
449 63
450 27
451 47
452 40
453 16
454 128
455 19
456 60
457 48
458 4
459 55
460 4
461 17
462 9
463 7
464 18
465 7
466 2
467 16
468 13
469 11
470 13
471 14
472 190
473 93
474 125
475 143
476 53
477 221
478 110
479 64
480 129
481 123
482 6
483 9
484 5
485 6
486 193
487 36
488 106
489 4
490 7
491 4
492 3
493 9
494 2
495 13
496 35
497 21
498 14
499 2
500 2
501 22
502 9
503 13
504 8
505 22
506 179
507 4
508 4
509 4
510 11
511 7
512 4
513 2
514 9
515 4
516 4
517 5
518 5
519 1
520 11
521 7
522 36
523 11
524 26
525 39
526 17
527 17
528 0
529 4
530 4
531 4
532 4
533 9
534 4
535 4
536 0
537 9
538 4
539 4
540 11
541 9
542 0
543 9
544 2
545 40
546 0
547 4
548 26
549 7
550 3
551 7
552 110
553 22
554 9
555 100
556 56
557 11
558 22
559 86
560 18
561 92
562 27
563 92
564 66
565 46
566 1
567 7
568 51
569 5
570 5
571 8
572 4
573 2
574 2
575 2
576 6
577 4
578 1
579 4
580 13
581 4
582 13
583 2
584 2
585 10
586 5
587 22
588 0
589 5
590 2
591 4
592 4
593 4
594 7
595 5
596 11
597 9
598 4
599 14
600 13
601 4
602 359
603 7
604 7
605 7
606 13
607 5
608 9
609 9
610 4
611 7
612 11
613 11
614 80
615 44
616 110
617 5
618 12
619 9
620 6
621 54
622 3
623 4
624 16
625 0
626 16
627 17
628 100
629 182
630 73
631 5
632 25
633 11
634 1
635 0
636 109
637 5
638 50
639 5
640 134
641 11
642 259
643 79
644 7
645 77
646 475
647 11
648 18
649 4
650 24
651 304
652 39
653 18
654 55
655 18
656 4
657 4
658 9
659 4
660 19
661 4
662 20
663 2
664 4
665 43
666 84
667 6
668 219
669 36
670 84
671 73
672 63
673 51
674 134
675 2
676 2
677 9
678 4
679 24
680 9
681 7
682 14
683 20
684 9
685 53
686 26
687 146
688 292
689 14
690 2
691 12
692 6
693 7
694 2
695 10
696 10
697 6
698 10
699 10
700 6
701 6
702 36
703 14
704 7
705 54
706 18
707 7
708 7
709 1
710 3
711 18
712 4
713 6
714 8
715 5
716 1
717 7
718 4
719 11
720 11
721 14
722 14
723 7
724 8
725 2
726 5
727 3
728 108
729 12
730 12
731 1
732 12
733 101
734 47
735 14
736 101
737 79
738 40
739 42
740 15
741 83
742 31
743 109
744 35
745 17
746 137
747 14
748 59
749 5
750 9
751 23
752 3
753 36
754 40
755 44
756 442
757 40
758 44
759 88
760 15
761 13
762 13
763 14
764 6
765 8
766 9
767 9
768 9
769 23
770 47
771 5
772 152
773 146
774 9
775 8
776 27
;

param Ttarget := 
1 1 1000
2 1 1000
3 1 1000
4 1 1000
5 1 500
6 1 500
7 1 500
8 1 500
1 2 1000
2 2 1000
3 2 1000
4 2 1000
5 2 500
6 2 500
7 2 500
8 2 500
1 3 1000
2 3 1000
3 3 1000
4 3 1000
5 3 500
6 3 500
7 3 500
8 3 500
1 4 1000
2 4 1000
3 4 1000
4 4 1000
5 4 500
6 4 500
7 4 500
8 4 500
1 5 1000
2 5 1000
3 5 1000
4 5 1000
5 5 500
6 5 500
7 5 500
8 5 500
;

set Olgerdin := 
52 
84 
142 
143 
144 
145 
146 
147 
148 
149 
150 
151 
152 
153 
154 
155 
156 
157 
158 
159 
160 
161 
162 
163 
164 
165 
166 
167 
168 
170 
173 
174 
175 
176 
177 
178 
179 
424 
425 
426 
427 
428 
429 
430 
431 
432 
433 
434 
435 
436 
437 
438 
439 
440 
441 
442 
443 
444 
445 
446 
447 
448 
449 
450 
451 
452 
453 
627 
628 
629 
630 
631 
632 
633 
636 
637 
638 
639 
640 
641 
642 
643 
644 
645 
646 
685 
733 
734 
735 
736 
737 
738 
739 
740 
741 
742 
743 
744 
745 
746 
747 
748 
749 
750 
751 
752 
753 
754 
755 
756 
757 
758 
759 
760 
761 
762 
763 
764 
765 
766 
767 
768 
769 
770 
771 
772 
773 
774 
775 
;
set Cola := 
1 
2 
3 
4 
188 
189 
190 
191 
192 
193 
194 
195 
196 
197 
198 
199 
200 
201 
202 
203 
204 
205 
206 
454 
455 
456 
457 
634 
665 
666 
667 
668 
669 
670 
671 
672 
673 
674 
675 
676 
677 
;
set Globus := 
7 
8 
9 
10 
11 
12 
13 
14 
15 
16 
17 
18 
19 
20 
21 
22 
23 
24 
25 
26 
27 
28 
29 
30 
31 
32 
33 
34 
35 
36 
37 
38 
39 
40 
41 
47 
48 
49 
50 
51 
234 
235 
236 
237 
238 
239 
240 
241 
242 
243 
244 
245 
246 
247 
258 
265 
266 
267 
268 
269 
270 
271 
272 
273 
274 
275 
276 
277 
278 
279 
407 
408 
409 
410 
411 
412 
413 
;
set Vintrio := 
248 
249 
250 
251 
252 
253 
254 
255 
256 
257 
259 
260 
261 
262 
263 
264 
280 
281 
282 
283 
;
set Brugghusstedja := 
686 
687 
688 
;
set Dista := 
42 
43 
44 
45 
46 
284 
285 
286 
287 
288 
289 
290 
291 
292 
293 
294 
295 
296 
297 
298 
299 
300 
301 
302 
303 
304 
305 
306 
307 
;
set Bakkus := 
6 
308 
309 
310 
311 
312 
313 
314 
315 
316 
317 
318 
319 
320 
321 
322 
323 
324 
325 
326 
327 
328 
329 
330 
331 
332 
333 
334 
335 
336 
337 
338 
339 
340 
341 
342 
343 
344 
345 
346 
347 
348 
349 
350 
369 
370 
371 
372 
373 
374 
375 
376 
377 
505 
506 
585 
;
set Mekka := 
54 
55 
56 
57 
58 
59 
60 
61 
62 
63 
64 
65 
66 
67 
68 
69 
70 
71 
72 
73 
74 
75 
76 
77 
78 
79 
80 
81 
82 
83 
169 
471 
472 
473 
474 
475 
476 
477 
478 
479 
480 
481 
482 
483 
484 
485 
486 
487 
488 
489 
490 
491 
492 
493 
494 
495 
;
set Eimskip := 
5 
85 
86 
87 
88 
107 
172 
381 
382 
383 
384 
385 
386 
387 
388 
389 
390 
391 
392 
398 
399 
400 
401 
402 
403 
404 
405 
406 
496 
497 
498 
499 
500 
501 
502 
503 
504 
507 
508 
509 
510 
511 
512 
513 
514 
515 
516 
517 
518 
519 
520 
521 
522 
523 
524 
525 
526 
527 
528 
529 
530 
531 
532 
533 
534 
535 
536 
537 
538 
539 
540 
541 
542 
543 
544 
545 
546 
547 
548 
549 
550 
551 
552 
553 
554 
555 
556 
557 
558 
559 
560 
561 
562 
563 
564 
565 
566 
567 
568 
569 
580 
581 
582 
584 
586 
587 
588 
589 
590 
591 
592 
593 
594 
595 
596 
597 
598 
599 
600 
601 
602 
717 
718 
719 
720 
721 
722 
723 
724 
727 
;
set Samskip := 
53 
89 
90 
91 
92 
93 
94 
95 
96 
97 
98 
101 
102 
103 
104 
105 
108 
109 
110 
111 
112 
113 
114 
115 
116 
117 
118 
119 
120 
121 
122 
123 
124 
125 
126 
127 
128 
129 
130 
131 
132 
133 
134 
135 
136 
137 
138 
139 
140 
141 
171 
180 
181 
182 
183 
184 
185 
186 
187 
207 
208 
209 
210 
211 
212 
213 
214 
215 
216 
217 
218 
219 
220 
221 
222 
223 
224 
225 
226 
227 
228 
229 
230 
231 
232 
233 
351 
352 
353 
354 
355 
356 
357 
358 
359 
362 
363 
364 
365 
378 
379 
380 
394 
395 
396 
397 
414 
415 
416 
417 
418 
419 
420 
421 
458 
459 
460 
461 
462 
463 
464 
465 
466 
467 
468 
469 
470 
570 
571 
583 
603 
604 
605 
606 
607 
608 
609 
610 
611 
612 
613 
614 
615 
616 
617 
618 
619 
620 
621 
622 
623 
647 
648 
649 
650 
651 
652 
653 
654 
655 
656 
657 
658 
659 
660 
661 
662 
663 
664 
678 
679 
680 
681 
682 
683 
684 
689 
690 
691 
692 
693 
694 
695 
696 
697 
698 
699 
700 
701 
702 
703 
704 
705 
706 
707 
708 
709 
710 
711 
712 
713 
714 
715 
716 
728 
729 
;
set Bannlisti := 
;
set Fixlisti := 
;
end;
