param S := 721;
param T := 8;
param D := 5;
param windowsize := 0;

param O := 
1 1
2 0
3 0
4 0
5 0
6 0
7 0
8 0
;

param EIM := 
1 0
2 0
3 0
4 0
5 0
6 0
7 1
8 0
;

param SAM := 
1 0
2 0
3 0
4 0
5 0
6 0
7 0
8 1
;

param A := 
1 5
2 4
3 4
4 2
5 2
6 4
7 2
8 2
9 5
10 6
11 26
12 9
13 0
14 12
15 0
16 31
17 1
18 64
19 22
20 33
21 72
22 66
23 18
24 4
25 2
26 2
27 4
28 4
29 1
30 4
31 2
32 4
33 2
34 13
35 2
36 80
37 133
38 27
39 23
40 11
41 44
42 13
43 33
44 13
45 88
46 36
47 22
48 53
49 22
50 22
51 7
52 9
53 16
54 10
55 0
56 0
57 9
58 7
59 5
60 4
61 4
62 9
63 9
64 13
65 4
66 3
67 9
68 4
69 2
70 4
71 12
72 7
73 17
74 52
75 9
76 54
77 24
78 4
79 5
80 9
81 2
82 14
83 4
84 5
85 5
86 11
87 5
88 4
89 2
90 8
91 2
92 17
93 13
94 9
95 125
96 91
97 50
98 125
99 91
100 6
101 36
102 91
103 109
104 91
105 5
106 50
107 73
108 100
109 97
110 17
111 5
112 12
113 61
114 5
115 10
116 221
117 16
118 66
119 9
120 18
121 13
122 11
123 16
124 9
125 46
126 18
127 5
128 5
129 4
130 2
131 6
132 6
133 16
134 2
135 5
136 5
137 190
138 328
139 27
140 55
141 44
142 34
143 5
144 106
145 86
146 22
147 4
148 7
149 6
150 24
151 60
152 12
153 36
154 17
155 1
156 8
157 3
158 1
159 24
160 22
161 14
162 265
163 107
164 53
165 53
166 53
167 133
168 123
169 5
170 9
171 9
172 6
173 6
174 15
175 44
176 66
177 12
178 169
179 13
180 159
181 47
182 14
183 30
184 37
185 66
186 22
187 44
188 22
189 2
190 22
191 8
192 4
193 4
194 33
195 2
196 9
197 7
198 13
199 15
200 9
201 13
202 12
203 66
204 4
205 7
206 22
207 5
208 27
209 14
210 18
211 33
212 40
213 106
214 5
215 12
216 12
217 9
218 7
219 14
220 96
221 158
222 14
223 4
224 4
225 4
226 4
227 6
228 4
229 2
230 4
231 109
232 18
233 100
234 109
235 122
236 61
237 61
238 4
239 49
240 2
241 1
242 1
243 1
244 2
245 14
246 26
247 6
248 73
249 61
250 73
251 35
252 37
253 88
254 35
255 88
256 22
257 146
258 72
259 88
260 22
261 37
262 4
263 9
264 5
265 34
266 31
267 9
268 4
269 211
270 109
271 73
272 95
273 64
274 146
275 52
276 265
277 107
278 106
279 86
280 141
281 150
282 86
283 98
284 177
285 186
286 250
287 159
288 133
289 24
290 40
291 20
292 71
293 71
294 80
295 83
296 35
297 106
298 22
299 9
300 36
301 13
302 14
303 62
304 36
305 15
306 5
307 21
308 4
309 9
310 20
311 2
312 4
313 22
314 4
315 9
316 4
317 54
318 36
319 9
320 4
321 4
322 2
323 88
324 18
325 44
326 76
327 44
328 7
329 13
330 66
331 72
332 29
333 44
334 20
335 44
336 44
337 18
338 4
339 4
340 4
341 18
342 1
343 0
344 4
345 26
346 16
347 12
348 14
349 3
350 7
351 8
352 4
353 1
354 8
355 4
356 8
357 20
358 30
359 7
360 5
361 12
362 12
363 17
364 4
365 0
366 9
367 8
368 5
369 2
370 26
371 60
372 51
373 18
374 7
375 18
376 13
377 4
378 9
379 22
380 31
381 4
382 5
383 18
384 22
385 44
386 107
387 0
388 13
389 29
390 4
391 2
392 18
393 7
394 2
395 2
396 4
397 5
398 7
399 2
400 7
401 4
402 4
403 4
404 4
405 7
406 4
407 18
408 4
409 9
410 13
411 2
412 1
413 12
414 12
415 24
416 8
417 1
418 44
419 0
420 22
421 2
422 6
423 18
424 22
425 14
426 9
427 61
428 12
429 4
430 4
431 9
432 46
433 7
434 15
435 76
436 5
437 3
438 3
439 14
440 3
441 5
442 3
443 0
444 1
445 0
446 2
447 2
448 18
449 4
450 5
451 11
452 0
453 3
454 24
455 1
456 3
457 1
458 1
459 1
460 111
461 3
462 9
463 9
464 16
465 8
466 1
467 15
468 13
469 18
470 8
471 4
472 4
473 181
474 12
475 12
476 2
477 28
478 28
479 7
480 7
481 24
482 48
483 48
484 12
485 16
486 5
487 22
488 18
489 18
490 64
491 88
492 7
493 44
494 150
495 186
496 7
497 1
498 2
499 4
500 9
501 7
502 15
503 13
504 2
505 4
506 25
507 73
508 73
509 55
510 11
511 36
512 11
513 12
514 212
515 33
516 100
517 124
518 265
519 7
520 2
521 2
522 5
523 5
524 2
525 5
526 2
527 12
528 60
529 43
530 9
531 48
532 12
533 36
534 12
535 17
536 133
537 86
538 64
539 88
540 9
541 4
542 7
543 4
544 34
545 95
546 71
547 57
548 11
549 3
550 2
551 7
552 47
553 133
554 221
555 333
556 185
557 110
558 110
559 85
560 86
561 212
562 2
563 4
564 5
565 2
566 1
567 5
568 9
569 5
570 9
571 4
572 6
573 6
574 6
575 6
576 5
577 5
578 133
579 1
580 14
581 38
582 46
583 9
584 22
585 46
586 27
587 7
588 28
589 7
590 2
591 12
592 12
593 5
594 2
595 5
596 2
597 9
598 4
599 4
600 7
601 22
602 13
603 56
604 4
605 4
606 18
607 17
608 18
609 15
610 5
611 35
612 32
613 36
614 51
615 12
616 2
617 7
618 6
619 2
620 2
621 8
622 4
623 9
624 5
625 5
626 4
627 2
628 21
629 22
630 27
631 44
632 7
633 66
634 13
635 2
636 4
637 1
638 2
639 2
640 2
641 2
642 4
643 2
644 2
645 18
646 4
647 7
648 4
649 2
650 4
651 2
652 2
653 4
654 4
655 9
656 4
657 2
658 2
659 2
660 4
661 4
662 2
663 0
664 5
665 3
666 11
667 12
668 3
669 97
670 65
671 4
672 6
673 6
674 2
675 16
676 9
677 0
678 7
679 18
680 7
681 9
682 4
683 3
684 9
685 9
686 12
687 4
688 1
689 92
690 32
691 27
692 5
693 3
694 7
695 2
696 1
697 1
698 1
699 1
700 12
701 19
702 8
703 267
704 11
705 168
706 81
707 52
708 77
709 14
710 15
711 9
712 100
713 50
714 91
715 25
716 18
717 36
718 55
719 55
720 50
721 9
;

param Ttarget := 
1 1 1000
2 1 1000
3 1 1000
4 1 1000
5 1 500
6 1 500
7 1 500
8 1 500
1 2 1000
2 2 1000
3 2 1000
4 2 1000
5 2 500
6 2 500
7 2 500
8 2 500
1 3 1000
2 3 1000
3 3 1000
4 3 1000
5 3 500
6 3 500
7 3 500
8 3 500
1 4 1000
2 4 1000
3 4 1000
4 4 1000
5 4 500
6 4 500
7 4 500
8 4 500
1 5 1000
2 5 1000
3 5 1000
4 5 1000
5 5 500
6 5 500
7 5 500
8 5 500
;

set Olgerdin := 
94 
95 
96 
97 
98 
99 
100 
101 
102 
103 
104 
105 
106 
107 
108 
109 
110 
111 
112 
113 
114 
115 
116 
117 
118 
119 
133 
134 
135 
136 
219 
220 
221 
222 
223 
224 
225 
226 
227 
228 
229 
230 
231 
232 
233 
234 
235 
236 
237 
239 
506 
507 
508 
509 
510 
511 
512 
513 
514 
515 
516 
517 
518 
519 
520 
521 
522 
523 
524 
525 
526 
703 
704 
705 
706 
707 
708 
709 
710 
712 
713 
714 
715 
716 
717 
718 
719 
720 
;
set Cola := 
1 
120 
121 
122 
123 
124 
125 
126 
127 
128 
129 
130 
131 
132 
137 
138 
250 
251 
252 
253 
254 
255 
256 
257 
258 
259 
260 
261 
262 
263 
264 
265 
266 
267 
268 
269 
270 
271 
272 
404 
;
set Globus := 
36 
37 
38 
39 
40 
41 
42 
43 
44 
45 
46 
47 
48 
49 
50 
51 
52 
53 
54 
55 
56 
57 
58 
59 
60 
61 
62 
63 
64 
65 
66 
67 
68 
69 
70 
71 
195 
196 
273 
274 
275 
276 
277 
278 
279 
280 
281 
282 
283 
284 
285 
286 
287 
288 
289 
290 
291 
292 
293 
294 
295 
296 
297 
298 
313 
314 
315 
316 
317 
318 
319 
320 
321 
322 
323 
324 
325 
326 
327 
328 
329 
330 
331 
332 
333 
334 
335 
336 
337 
338 
339 
340 
341 
359 
360 
363 
364 
365 
366 
367 
368 
482 
483 
484 
;
set Vintrio := 
205 
299 
300 
301 
302 
303 
304 
305 
306 
307 
308 
309 
310 
311 
312 
345 
346 
347 
348 
349 
350 
351 
352 
353 
354 
355 
356 
357 
358 
361 
362 
487 
488 
489 
490 
491 
492 
493 
494 
495 
;
set Brugghusstedja := 
246 
247 
248 
249 
;
set Dista := 
143 
144 
145 
146 
147 
148 
149 
150 
151 
152 
153 
154 
155 
156 
157 
158 
159 
527 
528 
529 
530 
531 
532 
533 
534 
535 
536 
537 
538 
539 
540 
541 
542 
543 
;
set Bakkus := 
139 
140 
141 
142 
370 
371 
372 
373 
374 
375 
376 
377 
378 
379 
380 
381 
382 
383 
384 
385 
386 
387 
388 
389 
390 
391 
392 
393 
394 
395 
396 
397 
398 
399 
400 
401 
402 
403 
;
set Mekka := 
160 
161 
162 
163 
164 
165 
166 
167 
168 
169 
170 
171 
172 
173 
174 
175 
176 
177 
178 
179 
180 
181 
182 
183 
184 
185 
186 
187 
188 
189 
190 
191 
192 
193 
194 
503 
544 
545 
546 
547 
548 
549 
550 
551 
552 
553 
554 
555 
556 
557 
558 
559 
560 
561 
567 
568 
569 
570 
571 
572 
573 
574 
575 
576 
577 
578 
579 
;
set Eimskip := 
73 
74 
75 
76 
78 
80 
81 
82 
83 
84 
85 
86 
87 
88 
89 
90 
91 
92 
93 
201 
202 
203 
204 
427 
428 
429 
430 
431 
432 
433 
434 
435 
436 
437 
438 
439 
440 
441 
442 
443 
444 
445 
446 
450 
451 
452 
453 
454 
455 
456 
457 
458 
459 
460 
461 
462 
463 
464 
465 
466 
467 
504 
562 
563 
564 
565 
566 
580 
581 
582 
583 
584 
585 
586 
587 
588 
589 
590 
591 
592 
593 
594 
595 
596 
597 
598 
599 
600 
601 
602 
603 
604 
605 
606 
607 
608 
611 
612 
613 
614 
615 
616 
617 
618 
619 
620 
621 
622 
623 
624 
625 
626 
627 
628 
629 
630 
631 
632 
633 
634 
635 
636 
637 
638 
639 
640 
641 
642 
643 
644 
645 
646 
647 
648 
649 
650 
651 
652 
653 
654 
655 
656 
657 
658 
659 
660 
661 
662 
663 
664 
665 
666 
667 
668 
711 
;
set Samskip := 
2 
3 
4 
5 
6 
7 
8 
9 
10 
11 
12 
13 
14 
15 
16 
17 
18 
19 
20 
21 
22 
23 
24 
25 
26 
27 
28 
29 
30 
31 
32 
33 
34 
35 
79 
197 
198 
199 
200 
206 
207 
208 
209 
210 
211 
212 
213 
214 
215 
216 
217 
218 
238 
240 
241 
242 
243 
244 
245 
369 
410 
411 
412 
416 
418 
419 
420 
421 
422 
423 
424 
425 
426 
447 
448 
449 
468 
469 
470 
471 
472 
473 
474 
475 
476 
477 
478 
479 
480 
496 
497 
498 
499 
500 
501 
502 
609 
610 
671 
672 
673 
674 
675 
676 
677 
678 
679 
680 
681 
682 
683 
684 
685 
686 
687 
688 
689 
690 
691 
692 
693 
694 
695 
696 
697 
698 
699 
700 
701 
702 
;
set Bannlisti := 
;
set Fixlisti := 
;
end;
