param S := 947;
param T := 8;
param D := 5;
param windowsize := 0;

param O := 
1 1
2 0
3 0
4 0
5 0
6 0
7 0
8 0
;

param EIM := 
1 0
2 0
3 0
4 0
5 0
6 0
7 1
8 0
;

param SAM := 
1 0
2 0
3 0
4 0
5 0
6 0
7 0
8 1
;

param A := 
1 28
2 26
3 11
4 12
5 47
6 13
7 9
8 18
9 21
10 35
11 179
12 72
13 37
14 60
15 40
16 146
17 128
18 109
19 106
20 17
21 35
22 12
23 9
24 18
25 0
26 4
27 110
28 22
29 150
30 186
31 161
32 27
33 108
34 36
35 6
36 24
37 12
38 18
39 4
40 2
41 4
42 42
43 265
44 72
45 399
46 133
47 107
48 18
49 34
50 115
51 90
52 21
53 110
54 18
55 9
56 8
57 17
58 6
59 13
60 6
61 9
62 9
63 9
64 0
65 7
66 0
67 0
68 52
69 0
70 2
71 451
72 129
73 18
74 107
75 66
76 9
77 39
78 26
79 35
80 71
81 32
82 6
83 6
84 52
85 110
86 72
87 7
88 117
89 2
90 0
91 24
92 1
93 2
94 76
95 362
96 221
97 7
98 7
99 7
100 28
101 18
102 27
103 18
104 16
105 11
106 18
107 6
108 10
109 10
110 20
111 2
112 8
113 7
114 18
115 12
116 7
117 2
118 36
119 24
120 36
121 7
122 2
123 2
124 4
125 30
126 18
127 14
128 4
129 5
130 5
131 7
132 18
133 11
134 10
135 28
136 2
137 18
138 2
139 17
140 134
141 36
142 9
143 12
144 9
145 7
146 16
147 24
148 61
149 61
150 18
151 7
152 5
153 6
154 9
155 3
156 3
157 66
158 133
159 44
160 27
161 14
162 27
163 4
164 263
165 9
166 32
167 24
168 92
169 314
170 36
171 51
172 325
173 81
174 158
175 81
176 475
177 150
178 301
179 301
180 182
181 182
182 55
183 36
184 61
185 133
186 47
187 94
188 142
189 47
190 62
191 84
192 101
193 62
194 240
195 85
196 133
197 0
198 211
199 10
200 106
201 292
202 103
203 39
204 127
205 13
206 7
207 7
208 11
209 150
210 107
211 106
212 537
213 177
214 129
215 186
216 4
217 12
218 8
219 7
220 8
221 9
222 17
223 146
224 104
225 52
226 222
227 107
228 265
229 106
230 88
231 106
232 88
233 44
234 36
235 9
236 44
237 13
238 38
239 4
240 30
241 86
242 80
243 111
244 91
245 166
246 44
247 64
248 118
249 44
250 45
251 5
252 27
253 7
254 18
255 122
256 0
257 53
258 10
259 0
260 18
261 129
262 14
263 5
264 3
265 7
266 4
267 54
268 314
269 55
270 32
271 18
272 221
273 88
274 158
275 158
276 106
277 264
278 161
279 333
280 86
281 179
282 212
283 133
284 4
285 0
286 7
287 9
288 35
289 4
290 0
291 14
292 9
293 54
294 107
295 4
296 4
297 97
298 11
299 4
300 4
301 4
302 11
303 11
304 12
305 13
306 16
307 8
308 6
309 4
310 9
311 4
312 9
313 27
314 27
315 9
316 4
317 9
318 5
319 1
320 0
321 1
322 2
323 11
324 4
325 32
326 0
327 15
328 7
329 22
330 23
331 9
332 8
333 4
334 127
335 3
336 12
337 12
338 3
339 2
340 3
341 1
342 5
343 3
344 17
345 11
346 106
347 168
348 193
349 318
350 318
351 107
352 2
353 42
354 27
355 109
356 164
357 55
358 26
359 61
360 27
361 9
362 5
363 125
364 91
365 182
366 21
367 3
368 238
369 4
370 4
371 81
372 22
373 62
374 244
375 162
376 52
377 162
378 79
379 317
380 77
381 3
382 14
383 9
384 55
385 4
386 9
387 4
388 29
389 9
390 0
391 4
392 9
393 7
394 8
395 2
396 13
397 36
398 22
399 72
400 2
401 4
402 13
403 22
404 62
405 24
406 9
407 14
408 160
409 11
410 36
411 44
412 9
413 33
414 9
415 2
416 5
417 4
418 2
419 1
420 22
421 9
422 4
423 17
424 0
425 7
426 7
427 7
428 11
429 9
430 43
431 129
432 48
433 95
434 5
435 43
436 46
437 36
438 110
439 129
440 133
441 44
442 86
443 24
444 161
445 18
446 9
447 10
448 14
449 9
450 6
451 36
452 48
453 104
454 48
455 59
456 53
457 141
458 150
459 264
460 221
461 55
462 200
463 78
464 13
465 16
466 177
467 88
468 179
469 60
470 215
471 62
472 265
473 107
474 7
475 42
476 52
477 104
478 90
479 110
480 23
481 411
482 27
483 55
484 32
485 59
486 249
487 28
488 22
489 106
490 35
491 55
492 133
493 106
494 9
495 4
496 37
497 44
498 53
499 4
500 9
501 4
502 7
503 4
504 8
505 16
506 27
507 9
508 114
509 15
510 5
511 8
512 12
513 12
514 12
515 48
516 48
517 12
518 2
519 12
520 2
521 9
522 13
523 4
524 4
525 4
526 6
527 4
528 6
529 17
530 3
531 1
532 42
533 42
534 14
535 10
536 4
537 8
538 2
539 4
540 12
541 62
542 51
543 137
544 70
545 23
546 52
547 24
548 21
549 4
550 79
551 42
552 8
553 21
554 6
555 90
556 90
557 168
558 265
559 212
560 113
561 34
562 166
563 9
564 52
565 78
566 126
567 101
568 101
569 215
570 156
571 29
572 46
573 26
574 13
575 4
576 2
577 2
578 2
579 79
580 70
581 79
582 2
583 4
584 31
585 22
586 24
587 46
588 44
589 88
590 28
591 141
592 80
593 80
594 66
595 134
596 55
597 12
598 12
599 124
600 40
601 52
602 19
603 36
604 9
605 9
606 13
607 13
608 4
609 16
610 32
611 63
612 112
613 73
614 267
615 91
616 201
617 35
618 73
619 0
620 2
621 2
622 8
623 78
624 52
625 1
626 18
627 3
628 20
629 4
630 4
631 11
632 9
633 2
634 4
635 4
636 4
637 159
638 9
639 36
640 33
641 107
642 4
643 4
644 13
645 9
646 5
647 4
648 4
649 8
650 4
651 4
652 7
653 4
654 18
655 9
656 9
657 17
658 5
659 9
660 9
661 5
662 14
663 18
664 9
665 229
666 88
667 13
668 0
669 4
670 4
671 18
672 4
673 17
674 94
675 76
676 67
677 7
678 8
679 4
680 5
681 129
682 88
683 215
684 106
685 86
686 150
687 107
688 133
689 106
690 2
691 106
692 187
693 221
694 86
695 88
696 0
697 133
698 14
699 44
700 14
701 4
702 11
703 9
704 5
705 44
706 4
707 7
708 18
709 11
710 5
711 44
712 18
713 2
714 11
715 10
716 4
717 44
718 9
719 7
720 64
721 437
722 11
723 133
724 107
725 77
726 133
727 530
728 399
729 13
730 26
731 19
732 10
733 19
734 17
735 26
736 14
737 13
738 11
739 19
740 28
741 5
742 30
743 28
744 12
745 5
746 0
747 106
748 47
749 41
750 181
751 143
752 21
753 76
754 84
755 56
756 110
757 27
758 66
759 9
760 7
761 4
762 13
763 106
764 26
765 40
766 10
767 21
768 26
769 27
770 21
771 4
772 3
773 59
774 16
775 51
776 26
777 52
778 26
779 48
780 7
781 11
782 35
783 17
784 11
785 8
786 4
787 8
788 0
789 4
790 0
791 0
792 1
793 0
794 0
795 0
796 0
797 0
798 0
799 0
800 1
801 6
802 73
803 30
804 75
805 130
806 150
807 75
808 36
809 150
810 150
811 182
812 17
813 134
814 182
815 55
816 182
817 182
818 6
819 97
820 24
821 17
822 17
823 251
824 146
825 36
826 18
827 88
828 40
829 6
830 0
831 211
832 106
833 63
834 168
835 15
836 52
837 265
838 80
839 141
840 115
841 86
842 107
843 133
844 122
845 66
846 18
847 36
848 4
849 305
850 29
851 92
852 80
853 80
854 18
855 8
856 25
857 13
858 27
859 20
860 46
861 34
862 53
863 106
864 72
865 111
866 21
867 47
868 0
869 9
870 12
871 20
872 38
873 11
874 73
875 2
876 22
877 9
878 0
879 37
880 91
881 50
882 35
883 9
884 4
885 27
886 2
887 4
888 36
889 4
890 11
891 2
892 13
893 13
894 24
895 51
896 18
897 27
898 8
899 9
900 18
901 21
902 15
903 10
904 17
905 4
906 46
907 38
908 12
909 139
910 10
911 36
912 21
913 21
914 3
915 1
916 2
917 1
918 1
919 98
920 61
921 36
922 27
923 12
924 2
925 18
926 11
927 4
928 36
929 110
930 106
931 110
932 133
933 12
934 38
935 109
936 36
937 73
938 125
939 267
940 5
941 61
942 61
943 28
944 28
945 61
946 11
947 5
;

param Ttarget := 
1 1 1000
2 1 1000
3 1 1000
4 1 1000
5 1 500
6 1 500
7 1 500
8 1 500
1 2 1000
2 2 1000
3 2 1000
4 2 1000
5 2 500
6 2 500
7 2 500
8 2 500
1 3 1000
2 3 1000
3 3 1000
4 3 1000
5 3 500
6 3 500
7 3 500
8 3 500
1 4 1000
2 4 1000
3 4 1000
4 4 1000
5 4 500
6 4 500
7 4 500
8 4 500
1 5 1000
2 5 1000
3 5 1000
4 5 1000
5 5 500
6 5 500
7 5 500
8 5 500
;

set Olgerdin := 
1 
166 
170 
171 
172 
173 
174 
175 
176 
177 
178 
179 
180 
181 
182 
183 
184 
185 
186 
187 
188 
189 
190 
191 
192 
193 
194 
195 
196 
344 
345 
346 
347 
348 
349 
350 
351 
352 
353 
354 
355 
356 
357 
358 
359 
360 
361 
362 
363 
364 
365 
366 
367 
368 
369 
370 
371 
372 
373 
374 
375 
376 
377 
378 
379 
380 
381 
382 
541 
542 
543 
544 
545 
546 
547 
548 
549 
550 
551 
552 
553 
554 
555 
556 
557 
558 
559 
560 
561 
562 
563 
564 
565 
566 
567 
568 
569 
570 
571 
572 
579 
580 
581 
593 
594 
595 
596 
597 
598 
599 
600 
604 
605 
606 
607 
608 
609 
654 
655 
656 
657 
658 
659 
660 
661 
662 
663 
664 
790 
791 
792 
793 
794 
801 
802 
803 
804 
805 
806 
807 
808 
809 
810 
811 
812 
813 
814 
815 
816 
817 
818 
819 
820 
821 
822 
823 
824 
825 
826 
827 
828 
925 
926 
927 
928 
929 
930 
931 
932 
933 
934 
935 
936 
937 
938 
939 
940 
941 
942 
943 
944 
945 
946 
;
set Cola := 
2 
3 
4 
5 
6 
7 
8 
9 
10 
11 
12 
13 
14 
15 
16 
17 
18 
19 
198 
199 
200 
201 
202 
203 
204 
539 
540 
573 
574 
575 
582 
583 
584 
585 
586 
587 
588 
589 
590 
591 
592 
610 
611 
612 
613 
614 
615 
616 
617 
618 
619 
674 
710 
721 
800 
829 
830 
831 
832 
833 
834 
;
set Globus := 
205 
206 
207 
208 
209 
210 
211 
212 
213 
214 
215 
216 
217 
218 
219 
220 
221 
222 
223 
224 
225 
226 
227 
228 
229 
230 
231 
232 
233 
234 
235 
236 
237 
238 
239 
240 
242 
243 
244 
245 
246 
247 
248 
249 
250 
251 
252 
253 
254 
255 
256 
257 
258 
259 
260 
395 
396 
397 
398 
399 
400 
401 
402 
403 
404 
405 
406 
407 
408 
409 
410 
411 
412 
413 
414 
415 
416 
417 
418 
419 
420 
421 
422 
423 
424 
425 
426 
427 
428 
429 
512 
513 
514 
515 
516 
517 
518 
519 
520 
670 
671 
672 
675 
676 
677 
678 
679 
680 
681 
682 
683 
684 
685 
686 
687 
688 
689 
690 
691 
692 
693 
694 
695 
696 
697 
698 
699 
700 
701 
702 
703 
704 
705 
706 
707 
708 
709 
835 
836 
837 
838 
839 
840 
841 
842 
843 
844 
845 
870 
871 
;
set Vintrio := 
20 
21 
22 
23 
24 
25 
26 
27 
28 
29 
30 
31 
32 
33 
34 
167 
388 
389 
390 
391 
392 
393 
394 
;
set Brugghusstedja := 
601 
602 
603 
874 
;
set Dista := 
241 
261 
430 
431 
432 
433 
434 
436 
437 
438 
439 
440 
441 
442 
443 
444 
445 
450 
451 
452 
453 
454 
455 
673 
795 
;
set Bakkus := 
435 
446 
447 
448 
449 
465 
466 
467 
468 
469 
470 
471 
472 
473 
474 
498 
847 
848 
;
set Mekka := 
38 
39 
40 
41 
42 
43 
44 
45 
46 
47 
48 
49 
50 
51 
52 
53 
54 
55 
56 
58 
59 
60 
61 
62 
63 
64 
65 
66 
67 
70 
71 
262 
267 
268 
269 
270 
271 
272 
273 
274 
275 
276 
277 
278 
279 
280 
281 
282 
283 
456 
457 
458 
459 
460 
461 
462 
463 
464 
475 
476 
477 
478 
479 
480 
481 
482 
483 
484 
485 
486 
487 
488 
489 
490 
491 
492 
493 
494 
495 
496 
497 
723 
724 
725 
726 
727 
728 
729 
730 
731 
732 
733 
734 
735 
736 
796 
797 
798 
799 
849 
850 
851 
852 
853 
854 
855 
856 
857 
858 
859 
860 
861 
862 
863 
864 
865 
866 
867 
868 
869 
;
set Eimskip := 
69 
78 
79 
80 
81 
84 
85 
86 
87 
88 
94 
95 
96 
97 
98 
99 
100 
101 
133 
134 
135 
136 
137 
164 
263 
264 
265 
266 
304 
305 
306 
307 
308 
309 
310 
322 
323 
332 
505 
508 
521 
522 
523 
524 
525 
526 
527 
528 
711 
712 
713 
714 
715 
716 
717 
718 
737 
738 
739 
740 
741 
742 
743 
744 
745 
746 
747 
748 
749 
750 
751 
752 
753 
754 
755 
756 
763 
764 
765 
769 
770 
771 
773 
774 
775 
776 
777 
778 
779 
780 
781 
782 
783 
784 
880 
894 
895 
896 
897 
898 
899 
900 
901 
902 
903 
904 
905 
906 
907 
908 
909 
910 
915 
916 
917 
918 
;
set Samskip := 
57 
68 
72 
73 
74 
75 
76 
77 
82 
83 
89 
90 
91 
92 
93 
103 
104 
105 
106 
107 
108 
109 
110 
111 
112 
113 
114 
115 
116 
117 
118 
119 
120 
121 
122 
123 
124 
125 
126 
127 
128 
129 
130 
131 
132 
138 
139 
140 
141 
142 
143 
144 
145 
146 
147 
148 
149 
150 
151 
152 
153 
154 
155 
156 
157 
158 
159 
160 
161 
162 
165 
168 
169 
197 
293 
294 
295 
296 
298 
299 
300 
301 
302 
303 
311 
312 
313 
314 
315 
316 
317 
318 
319 
320 
321 
324 
325 
326 
327 
328 
329 
330 
331 
333 
334 
335 
336 
337 
338 
339 
340 
341 
342 
343 
383 
384 
385 
386 
387 
499 
500 
501 
502 
503 
504 
529 
530 
531 
532 
533 
534 
535 
536 
620 
621 
622 
623 
624 
625 
626 
627 
628 
629 
630 
631 
632 
633 
634 
635 
636 
637 
638 
639 
640 
641 
642 
643 
644 
645 
646 
647 
648 
649 
650 
651 
652 
653 
665 
666 
667 
668 
669 
719 
720 
722 
757 
758 
759 
760 
761 
762 
766 
767 
768 
872 
873 
875 
876 
877 
878 
879 
881 
882 
883 
884 
885 
886 
887 
888 
889 
890 
891 
892 
893 
911 
912 
913 
914 
924 
;
set Bannlisti := 
;
set Fixlisti := 
;
end;
