param S := 758;
param T := 8;
param D := 5;
param windowsize := 0;

param O := 
1 1
2 0
3 0
4 0
5 0
6 0
7 0
8 0
;

param EIM := 
1 0
2 0
3 0
4 0
5 0
6 0
7 1
8 0
;

param SAM := 
1 0
2 0
3 0
4 0
5 0
6 0
7 0
8 1
;

param A := 
1 40
2 275
3 73
4 60
5 6
6 10
7 1
8 134
9 65
10 133
11 107
12 106
13 80
14 150
15 88
16 106
17 107
18 98
19 133
20 221
21 179
22 177
23 186
24 250
25 270
26 284
27 400
28 133
29 111
30 36
31 21
32 88
33 9
34 14
35 15
36 55
37 18
38 9
39 7
40 8
41 8
42 7
43 4
44 7
45 7
46 13
47 9
48 9
49 4
50 4
51 244
52 143
53 25
54 13
55 9
56 38
57 23
58 4
59 7
60 13
61 72
62 44
63 8
64 44
65 7
66 4
67 1
68 1
69 4
70 9
71 9
72 6
73 4
74 5
75 86
76 47
77 221
78 411
79 333
80 133
81 15
82 53
83 53
84 38
85 9
86 125
87 16
88 30
89 34
90 8
91 6
92 66
93 55
94 53
95 236
96 74
97 60
98 93
99 55
100 47
101 221
102 110
103 9
104 15
105 4
106 15
107 52
108 265
109 215
110 85
111 133
112 86
113 107
114 22
115 13
116 44
117 2
118 13
119 4
120 9
121 2
122 12
123 6
124 4
125 16
126 26
127 19
128 73
129 4
130 4
131 53
132 4
133 22
134 20
135 10
136 22
137 13
138 16
139 14
140 3
141 2
142 1
143 3
144 3
145 62
146 21
147 61
148 62
149 14
150 62
151 30
152 32
153 30
154 30
155 13
156 33
157 66
158 9
159 9
160 12
161 5
162 9
163 12
164 14
165 3
166 13
167 9
168 9
169 11
170 11
171 7
172 36
173 36
174 91
175 55
176 36
177 18
178 36
179 44
180 106
181 221
182 33
183 10
184 15
185 64
186 96
187 54
188 2
189 66
190 4
191 11
192 106
193 64
194 4
195 6
196 4
197 4
198 7
199 4
200 45
201 199
202 54
203 8
204 16
205 24
206 11
207 78
208 7
209 55
210 9
211 1
212 73
213 24
214 12
215 99
216 1
217 12
218 2
219 4
220 9
221 9
222 18
223 4
224 7
225 7
226 2
227 12
228 6
229 12
230 43
231 43
232 48
233 81
234 129
235 129
236 133
237 107
238 133
239 2
240 18
241 14
242 11
243 7
244 36
245 12
246 1
247 89
248 0
249 1
250 0
251 2
252 2
253 69
254 26
255 72
256 13
257 22
258 4
259 4
260 4
261 4
262 3
263 2
264 7
265 7
266 3
267 22
268 107
269 14
270 40
271 20
272 7
273 53
274 11
275 88
276 66
277 44
278 7
279 88
280 322
281 11
282 22
283 4
284 11
285 14
286 4
287 7
288 44
289 13
290 1
291 11
292 9
293 7
294 4
295 4
296 7
297 4
298 4
299 2
300 48
301 48
302 12
303 4
304 2
305 6
306 12
307 2
308 28
309 7
310 5
311 4
312 18
313 90
314 18
315 5
316 22
317 66
318 7
319 66
320 25
321 9
322 18
323 7
324 20
325 2
326 2
327 8
328 8
329 1
330 4
331 8
332 16
333 88
334 102
335 18
336 7
337 5
338 44
339 5
340 4
341 18
342 2
343 4
344 22
345 22
346 7
347 7
348 1
349 1
350 2
351 1
352 76
353 37
354 17
355 76
356 55
357 55
358 17
359 11
360 7
361 9
362 4
363 1
364 1
365 1
366 7
367 30
368 5
369 3
370 18
371 2
372 2
373 17
374 8
375 22
376 9
377 2
378 12
379 2
380 35
381 9
382 0
383 34
384 2
385 8
386 16
387 1
388 3
389 5
390 73
391 4
392 12
393 3
394 30
395 5
396 18
397 9
398 9
399 9
400 9
401 15
402 40
403 42
404 9
405 14
406 30
407 101
408 30
409 55
410 50
411 0
412 24
413 50
414 75
415 75
416 26
417 17
418 5
419 5
420 44
421 40
422 14
423 10
424 2
425 4
426 8
427 4
428 17
429 11
430 8
431 18
432 18
433 24
434 72
435 35
436 33
437 18
438 72
439 40
440 27
441 4
442 18
443 15
444 74
445 177
446 22
447 101
448 137
449 33
450 133
451 221
452 146
453 52
454 88
455 106
456 88
457 86
458 537
459 0
460 7
461 8
462 34
463 16
464 30
465 16
466 40
467 44
468 7
469 7
470 11
471 22
472 6
473 9
474 11
475 9
476 27
477 18
478 5
479 25
480 1
481 1
482 12
483 1
484 2
485 6
486 6
487 9
488 5
489 9
490 150
491 106
492 106
493 86
494 265
495 107
496 53
497 46
498 95
499 37
500 222
501 36
502 23
503 30
504 46
505 146
506 0
507 21
508 4
509 18
510 4
511 61
512 5
513 22
514 18
515 9
516 64
517 40
518 44
519 27
520 9
521 52
522 17
523 24
524 9
525 5
526 16
527 4
528 9
529 17
530 9
531 133
532 17
533 4
534 5
535 9
536 8
537 17
538 18
539 4
540 22
541 11
542 106
543 4
544 20
545 4
546 4
547 14
548 38
549 42
550 9
551 53
552 46
553 4
554 55
555 4
556 15
557 7
558 9
559 1
560 7
561 5
562 5
563 14
564 9
565 8
566 5
567 14
568 5
569 18
570 14
571 5
572 22
573 18
574 4
575 5
576 7
577 2
578 2
579 4
580 5
581 4
582 5
583 13
584 20
585 22
586 4
587 18
588 4
589 2
590 3
591 4
592 9
593 9
594 4
595 14
596 76
597 46
598 84
599 30
600 6
601 16
602 8
603 6
604 2
605 16
606 4
607 2
608 7
609 8
610 9
611 4
612 11
613 4
614 7
615 1
616 8
617 4
618 1
619 55
620 16
621 16
622 10
623 9
624 13
625 159
626 107
627 64
628 44
629 3
630 13
631 2
632 13
633 9
634 3
635 1
636 4
637 1
638 14
639 4
640 18
641 13
642 33
643 9
644 17
645 9
646 27
647 40
648 9
649 13
650 137
651 33
652 9
653 11
654 125
655 251
656 9
657 24
658 128
659 365
660 91
661 1
662 5
663 1
664 69
665 28
666 55
667 186
668 60
669 25
670 3
671 0
672 27
673 11
674 2
675 5
676 6
677 94
678 158
679 215
680 4
681 2
682 2
683 20
684 14
685 14
686 18
687 18
688 18
689 18
690 18
691 14
692 14
693 2
694 18
695 31
696 5
697 2
698 3
699 11
700 19
701 6
702 1
703 3
704 3
705 73
706 24
707 19
708 14
709 25
710 60
711 86
712 7
713 113
714 22
715 107
716 124
717 133
718 106
719 107
720 42
721 38
722 4
723 30
724 8
725 31
726 52
727 1
728 152
729 62
730 101
731 62
732 85
733 58
734 79
735 22
736 13
737 9
738 9
739 2
740 13
741 13
742 4
743 2
744 2
745 221
746 107
747 133
748 106
749 8
750 2
751 4
752 7
753 7
754 6
755 7
756 7
757 12
758 7
;

param Ttarget := 
1 1 1000
2 1 1000
3 1 1000
4 1 1000
5 1 500
6 1 500
7 1 500
8 1 500
1 2 1000
2 2 1000
3 2 1000
4 2 1000
5 2 500
6 2 500
7 2 500
8 2 500
1 3 1000
2 3 1000
3 3 1000
4 3 1000
5 3 500
6 3 500
7 3 500
8 3 500
1 4 1000
2 4 1000
3 4 1000
4 4 1000
5 4 500
6 4 500
7 4 500
8 4 500
1 5 1000
2 5 1000
3 5 1000
4 5 1000
5 5 500
6 5 500
7 5 500
8 5 500
;

set Olgerdin := 
1 
172 
173 
174 
175 
176 
177 
178 
179 
180 
181 
182 
183 
184 
185 
186 
187 
188 
189 
190 
191 
192 
193 
194 
195 
196 
197 
198 
199 
384 
395 
396 
397 
398 
399 
400 
401 
402 
403 
404 
405 
406 
407 
408 
409 
410 
411 
412 
413 
414 
415 
416 
417 
418 
419 
420 
421 
422 
423 
424 
425 
426 
427 
431 
650 
651 
652 
653 
654 
655 
656 
657 
658 
659 
660 
661 
663 
674 
675 
713 
714 
715 
716 
717 
718 
719 
720 
721 
722 
723 
724 
725 
726 
727 
728 
729 
730 
731 
732 
733 
734 
735 
736 
737 
738 
739 
740 
741 
742 
743 
744 
745 
746 
747 
748 
;
set Cola := 
2 
3 
4 
5 
6 
7 
8 
200 
209 
210 
212 
215 
428 
429 
430 
432 
433 
434 
435 
436 
437 
438 
439 
440 
441 
662 
664 
665 
666 
667 
668 
669 
;
set Globus := 
9 
10 
11 
12 
13 
14 
15 
16 
17 
18 
19 
20 
21 
22 
23 
24 
25 
26 
27 
28 
29 
30 
31 
32 
33 
34 
35 
36 
37 
38 
39 
40 
41 
42 
43 
44 
45 
46 
47 
48 
49 
50 
51 
52 
53 
54 
55 
56 
57 
58 
59 
60 
61 
62 
63 
64 
65 
66 
300 
301 
302 
303 
304 
381 
382 
442 
443 
444 
445 
446 
447 
448 
449 
450 
451 
452 
453 
454 
455 
456 
457 
458 
459 
460 
461 
462 
463 
464 
465 
466 
467 
468 
469 
470 
471 
472 
473 
474 
475 
476 
477 
478 
479 
711 
;
set Vintrio := 
219 
220 
221 
222 
223 
224 
225 
226 
676 
;
set Brugghusstedja := 
126 
127 
128 
;
set Dista := 
227 
228 
229 
230 
231 
232 
233 
234 
235 
236 
237 
238 
239 
240 
241 
242 
243 
244 
245 
246 
247 
;
set Bakkus := 
252 
253 
254 
255 
256 
257 
258 
259 
262 
263 
264 
265 
266 
267 
268 
269 
270 
271 
272 
273 
274 
275 
276 
277 
278 
279 
280 
281 
282 
283 
284 
333 
334 
335 
336 
337 
338 
383 
;
set Mekka := 
70 
71 
72 
73 
74 
75 
76 
77 
78 
79 
80 
81 
82 
83 
84 
85 
86 
87 
88 
89 
90 
91 
92 
93 
94 
95 
96 
97 
98 
99 
100 
101 
102 
103 
104 
107 
108 
109 
110 
111 
112 
113 
261 
485 
486 
487 
488 
489 
490 
491 
492 
493 
494 
495 
496 
497 
498 
499 
500 
501 
502 
503 
504 
505 
506 
508 
509 
510 
511 
512 
513 
514 
515 
516 
517 
518 
519 
624 
671 
672 
673 
;
set Eimskip := 
69 
120 
121 
122 
123 
124 
134 
135 
136 
137 
138 
139 
140 
141 
142 
145 
146 
147 
148 
149 
150 
151 
152 
153 
154 
285 
286 
287 
288 
289 
290 
291 
292 
293 
294 
295 
296 
297 
298 
299 
312 
313 
314 
315 
316 
317 
318 
319 
320 
321 
322 
323 
324 
325 
326 
352 
353 
354 
355 
356 
357 
358 
363 
364 
365 
366 
367 
368 
369 
370 
373 
374 
379 
380 
385 
386 
387 
388 
389 
520 
521 
522 
523 
524 
525 
526 
527 
528 
529 
530 
531 
532 
533 
534 
535 
536 
537 
538 
539 
540 
541 
542 
543 
544 
545 
546 
547 
548 
549 
550 
551 
552 
553 
554 
555 
556 
557 
558 
559 
560 
561 
562 
563 
564 
565 
566 
567 
568 
569 
570 
571 
572 
573 
574 
575 
576 
577 
578 
579 
580 
581 
582 
590 
591 
592 
593 
594 
595 
596 
597 
598 
599 
600 
614 
615 
616 
617 
618 
638 
649 
670 
698 
701 
702 
703 
704 
705 
706 
707 
712 
;
set Samskip := 
67 
68 
114 
115 
116 
117 
118 
119 
125 
131 
132 
133 
155 
156 
157 
158 
159 
160 
161 
162 
163 
164 
165 
166 
167 
168 
169 
170 
171 
201 
202 
203 
204 
205 
206 
207 
208 
211 
213 
214 
248 
249 
250 
251 
260 
305 
306 
307 
308 
309 
310 
311 
329 
331 
332 
339 
340 
341 
343 
344 
345 
346 
347 
348 
349 
350 
351 
371 
372 
375 
376 
377 
390 
391 
392 
393 
394 
480 
507 
583 
584 
585 
586 
587 
588 
589 
601 
602 
603 
604 
605 
606 
607 
608 
609 
610 
611 
612 
613 
622 
623 
625 
626 
627 
628 
629 
630 
631 
632 
633 
634 
635 
636 
637 
639 
640 
641 
642 
643 
644 
645 
646 
647 
648 
677 
678 
679 
680 
681 
682 
683 
684 
685 
686 
687 
688 
689 
690 
691 
692 
693 
695 
696 
697 
699 
700 
708 
709 
710 
749 
750 
751 
752 
753 
754 
755 
756 
757 
;
set Bannlisti := 
;
set Fixlisti := 
;
end;
