param S := 717;
param T := 8;
param D := 5;
param windowsize := 0;

param O := 
1 1
2 0
3 0
4 0
5 0
6 0
7 0
8 0
;

param EIM := 
1 0
2 0
3 0
4 0
5 0
6 0
7 1
8 0
;

param SAM := 
1 0
2 0
3 0
4 0
5 0
6 0
7 0
8 1
;

param A := 
1 27
2 50
3 50
4 24
5 50
6 5
7 5
8 5
9 91
10 16
11 73
12 81
13 24
14 30
15 14
16 13
17 7
18 2
19 3
20 10
21 49
22 12
23 95
24 168
25 7
26 14
27 4
28 6
29 73
30 24
31 129
32 18
33 18
34 18
35 76
36 129
37 2
38 9
39 22
40 11
41 63
42 110
43 215
44 7
45 2
46 16
47 5
48 5
49 1
50 8
51 26
52 12
53 12
54 24
55 8
56 30
57 76
58 17
59 36
60 27
61 9
62 22
63 13
64 5
65 5
66 13
67 13
68 5
69 2
70 62
71 44
72 7
73 25
74 38
75 4
76 23
77 8
78 4
79 12
80 8
81 7
82 186
83 20
84 150
85 6
86 12
87 24
88 24
89 86
90 36
91 48
92 24
93 81
94 64
95 40
96 11
97 20
98 2
99 5
100 6
101 1
102 7
103 7
104 6
105 18
106 7
107 100
108 2
109 18
110 44
111 26
112 20
113 25
114 25
115 0
116 0
117 44
118 31
119 179
120 36
121 44
122 30
123 13
124 16
125 14
126 8
127 72
128 55
129 13
130 13
131 13
132 25
133 11
134 22
135 18
136 27
137 11
138 97
139 22
140 36
141 90
142 4
143 11
144 14
145 10
146 4
147 23
148 24
149 14
150 4
151 4
152 1
153 1
154 3
155 4
156 5
157 8
158 5
159 24
160 1
161 1
162 4
163 2
164 2
165 2
166 4
167 27
168 4
169 13
170 2
171 2
172 1
173 28
174 50
175 50
176 226
177 50
178 146
179 91
180 109
181 146
182 55
183 73
184 182
185 35
186 109
187 84
188 36
189 106
190 106
191 292
192 3
193 40
194 27
195 4
196 2
197 7
198 4
199 4
200 2
201 2
202 4
203 8
204 2
205 9
206 44
207 13
208 7
209 5
210 30
211 86
212 98
213 250
214 7
215 64
216 146
217 133
218 106
219 86
220 115
221 88
222 150
223 86
224 133
225 4
226 36
227 71
228 23
229 44
230 36
231 9
232 72
233 45
234 4
235 19
236 6
237 53
238 7
239 8
240 18
241 36
242 22
243 22
244 40
245 2
246 9
247 4
248 4
249 4
250 13
251 4
252 4
253 2
254 28
255 94
256 42
257 150
258 107
259 86
260 265
261 4
262 7
263 4
264 4
265 4
266 4
267 2
268 2
269 5
270 4
271 2
272 7
273 66
274 5
275 7
276 27
277 40
278 94
279 44
280 27
281 7
282 9
283 7
284 7
285 24
286 4
287 4
288 0
289 55
290 4
291 4
292 8
293 4
294 2
295 0
296 9
297 6
298 13
299 8
300 9
301 9
302 4
303 4
304 9
305 7
306 14
307 9
308 13
309 9
310 22
311 9
312 4
313 9
314 22
315 18
316 4
317 14
318 18
319 4
320 6
321 2
322 2
323 4
324 2
325 2
326 2
327 8
328 18
329 22
330 27
331 27
332 193
333 106
334 265
335 221
336 133
337 40
338 10
339 0
340 6
341 15
342 46
343 101
344 131
345 18
346 143
347 104
348 14
349 76
350 8
351 17
352 75
353 50
354 28
355 17
356 130
357 24
358 109
359 182
360 6
361 11
362 5
363 5
364 28
365 177
366 221
367 88
368 134
369 73
370 64
371 221
372 106
373 168
374 113
375 2
376 2
377 26
378 4
379 12
380 47
381 237
382 146
383 91
384 23
385 24
386 134
387 47
388 0
389 296
390 35
391 18
392 72
393 11
394 88
395 35
396 28
397 93
398 5
399 4
400 2
401 2
402 11
403 129
404 44
405 150
406 12
407 25
408 9
409 26
410 24
411 36
412 24
413 24
414 108
415 6
416 129
417 129
418 12
419 52
420 1
421 0
422 0
423 52
424 59
425 36
426 12
427 134
428 203
429 119
430 203
431 69
432 18
433 47
434 44
435 44
436 44
437 18
438 29
439 100
440 107
441 27
442 10
443 7
444 34
445 54
446 14
447 22
448 44
449 127
450 9
451 43
452 110
453 97
454 69
455 5
456 13
457 4
458 27
459 8
460 4
461 13
462 18
463 8
464 11
465 9
466 2
467 2
468 12
469 6
470 6
471 4
472 12
473 12
474 1
475 28
476 28
477 2
478 6
479 9
480 4
481 7
482 2
483 4
484 4
485 7
486 23
487 65
488 8
489 11
490 8
491 30
492 1
493 9
494 3
495 10
496 1
497 3
498 0
499 1
500 0
501 1
502 1
503 4
504 3
505 1
506 1
507 9
508 4
509 0
510 7
511 182
512 36
513 182
514 31
515 23
516 21
517 8
518 21
519 5
520 96
521 21
522 80
523 31
524 146
525 668
526 0
527 211
528 0
529 79
530 73
531 0
532 2
533 10
534 1
535 5
536 71
537 111
538 6
539 23
540 26
541 44
542 44
543 11
544 46
545 27
546 3
547 9
548 6
549 7
550 52
551 107
552 106
553 141
554 106
555 107
556 177
557 86
558 11
559 7
560 4
561 29
562 22
563 44
564 62
565 44
566 11
567 2
568 3
569 16
570 24
571 26
572 6
573 2
574 7
575 7
576 13
577 2
578 4
579 20
580 2
581 80
582 29
583 18
584 18
585 36
586 129
587 53
588 26
589 22
590 13
591 13
592 7
593 7
594 7
595 9
596 0
597 12
598 0
599 0
600 0
601 1
602 0
603 1
604 53
605 53
606 53
607 133
608 8
609 23
610 61
611 28
612 5
613 15
614 52
615 90
616 88
617 265
618 72
619 133
620 86
621 133
622 212
623 110
624 107
625 4
626 7
627 25
628 6
629 9
630 0
631 13
632 104
633 44
634 25
635 90
636 36
637 100
638 46
639 9
640 29
641 59
642 28
643 19
644 32
645 2
646 24
647 6
648 9
649 19
650 0
651 0
652 0
653 5
654 17
655 106
656 42
657 44
658 3
659 31
660 22
661 7
662 9
663 7
664 44
665 9
666 9
667 18
668 90
669 86
670 82
671 106
672 59
673 22
674 7
675 11
676 45
677 14
678 2
679 13
680 13
681 11
682 13
683 7
684 4
685 122
686 106
687 42
688 35
689 9
690 46
691 28
692 18
693 106
694 181
695 7
696 22
697 7
698 7
699 5
700 24
701 26
702 9
703 14
704 9
705 9
706 2
707 2
708 18
709 4
710 4
711 27
712 20
713 56
714 22
715 11
716 38
717 79
;

param Ttarget := 
1 1 1000
2 1 1000
3 1 1000
4 1 1000
5 1 500
6 1 500
7 1 500
8 1 500
1 2 1000
2 2 1000
3 2 1000
4 2 1000
5 2 500
6 2 500
7 2 500
8 2 500
1 3 1000
2 3 1000
3 3 1000
4 3 1000
5 3 500
6 3 500
7 3 500
8 3 500
1 4 1000
2 4 1000
3 4 1000
4 4 1000
5 4 500
6 4 500
7 4 500
8 4 500
1 5 1000
2 5 1000
3 5 1000
4 5 1000
5 5 500
6 5 500
7 5 500
8 5 500
;

set Olgerdin := 
1 
2 
3 
4 
5 
6 
7 
8 
9 
10 
11 
12 
13 
14 
15 
16 
17 
18 
19 
112 
113 
114 
115 
116 
136 
160 
161 
166 
167 
168 
169 
172 
173 
174 
175 
176 
177 
178 
179 
180 
181 
182 
183 
332 
333 
334 
335 
336 
337 
338 
339 
340 
341 
342 
343 
344 
345 
346 
347 
348 
349 
350 
351 
352 
353 
354 
355 
356 
357 
358 
359 
360 
361 
362 
363 
364 
365 
366 
367 
368 
369 
370 
371 
372 
373 
374 
444 
465 
509 
510 
511 
512 
513 
514 
515 
516 
517 
518 
519 
520 
;
set Cola := 
20 
21 
22 
23 
24 
184 
185 
186 
187 
188 
189 
190 
191 
192 
316 
377 
378 
379 
380 
381 
382 
383 
384 
385 
386 
389 
390 
391 
392 
393 
394 
395 
396 
397 
398 
399 
400 
401 
521 
522 
523 
525 
526 
527 
528 
529 
530 
531 
532 
;
set Globus := 
50 
54 
55 
56 
57 
58 
59 
60 
61 
62 
63 
64 
65 
66 
68 
69 
70 
71 
72 
73 
74 
75 
76 
77 
78 
79 
80 
81 
165 
205 
206 
207 
208 
209 
210 
211 
212 
213 
214 
215 
216 
217 
218 
219 
220 
221 
222 
223 
224 
225 
226 
227 
228 
229 
230 
231 
232 
233 
234 
235 
236 
237 
238 
239 
240 
241 
242 
243 
244 
245 
246 
247 
248 
249 
250 
251 
252 
253 
254 
468 
469 
470 
471 
536 
537 
538 
539 
540 
541 
542 
543 
544 
545 
546 
547 
548 
549 
550 
551 
552 
553 
554 
555 
556 
557 
558 
559 
560 
561 
562 
563 
564 
565 
566 
567 
591 
592 
593 
;
set Vintrio := 
51 
52 
53 
67 
82 
83 
84 
97 
164 
402 
403 
404 
405 
406 
407 
408 
409 
410 
411 
412 
413 
414 
;
set Brugghusstedja := 
524 
;
set Dista := 
85 
86 
87 
88 
89 
90 
91 
92 
93 
94 
95 
96 
416 
417 
418 
419 
420 
421 
422 
423 
424 
425 
426 
427 
;
set Bakkus := 
110 
111 
117 
118 
119 
120 
121 
122 
123 
124 
428 
429 
430 
431 
432 
433 
434 
435 
436 
437 
438 
439 
440 
441 
442 
443 
445 
446 
451 
452 
;
set Mekka := 
162 
163 
255 
256 
257 
258 
259 
260 
286 
287 
288 
289 
604 
605 
606 
607 
608 
609 
610 
611 
612 
613 
614 
615 
616 
617 
618 
619 
620 
621 
622 
623 
624 
625 
626 
627 
628 
629 
630 
631 
632 
633 
634 
635 
636 
637 
638 
647 
648 
649 
650 
651 
652 
653 
654 
705 
706 
707 
708 
709 
710 
711 
712 
713 
716 
;
set Eimskip := 
125 
126 
127 
128 
129 
130 
131 
132 
133 
134 
135 
137 
138 
139 
141 
142 
143 
144 
145 
146 
147 
262 
263 
264 
265 
277 
278 
279 
280 
296 
297 
298 
453 
454 
455 
462 
463 
464 
466 
467 
479 
480 
481 
482 
483 
484 
485 
486 
487 
488 
489 
490 
491 
492 
493 
494 
496 
497 
498 
499 
500 
501 
502 
503 
504 
505 
506 
639 
640 
641 
642 
643 
644 
645 
655 
656 
657 
658 
659 
661 
662 
663 
664 
665 
666 
668 
669 
670 
671 
672 
673 
674 
675 
676 
677 
678 
685 
686 
687 
688 
689 
690 
691 
692 
693 
694 
695 
700 
701 
702 
703 
704 
;
set Samskip := 
25 
26 
27 
28 
29 
30 
31 
32 
33 
34 
35 
36 
37 
38 
39 
40 
41 
42 
43 
44 
45 
46 
47 
48 
49 
98 
99 
100 
101 
102 
103 
104 
105 
106 
107 
108 
109 
140 
148 
149 
150 
151 
152 
153 
154 
155 
156 
157 
158 
159 
170 
171 
193 
194 
195 
196 
197 
198 
199 
200 
201 
202 
203 
204 
266 
267 
268 
269 
270 
271 
272 
273 
274 
275 
276 
281 
282 
283 
284 
285 
299 
300 
301 
302 
303 
304 
305 
306 
307 
308 
309 
310 
311 
312 
313 
314 
315 
317 
318 
319 
320 
321 
322 
323 
324 
325 
326 
327 
330 
331 
387 
388 
447 
448 
449 
456 
457 
458 
459 
460 
461 
472 
473 
474 
475 
476 
477 
478 
495 
533 
534 
535 
568 
569 
570 
571 
572 
573 
574 
575 
576 
577 
578 
579 
580 
581 
582 
583 
584 
585 
586 
587 
588 
589 
590 
594 
595 
600 
601 
602 
603 
660 
667 
679 
680 
681 
682 
683 
684 
696 
697 
698 
699 
714 
715 
;
set Bannlisti := 
;
set Fixlisti := 
;
end;
