param S := 791;
param T := 8;
param D := 5;
param windowsize := 0;

param O := 
1 1
2 0
3 0
4 0
5 0
6 0
7 0
8 0
;

param EIM := 
1 0
2 0
3 0
4 0
5 0
6 0
7 1
8 0
;

param SAM := 
1 0
2 0
3 0
4 0
5 0
6 0
7 0
8 1
;

param A := 
1 73
2 11
3 2
4 8
5 1
6 54
7 18
8 7
9 7
10 3
11 2
12 2
13 6
14 2
15 43
16 24
17 129
18 36
19 22
20 66
21 190
22 18
23 13
24 46
25 68
26 18
27 11
28 26
29 72
30 18
31 40
32 50
33 4
34 3
35 38
36 4
37 2
38 5
39 7
40 4
41 4
42 7
43 5
44 2
45 14
46 6
47 12
48 52
49 52
50 48
51 24
52 36
53 12
54 27
55 66
56 75
57 50
58 44
59 107
60 33
61 27
62 18
63 52
64 24
65 17
66 35
67 12
68 24
69 12
70 12
71 8
72 24
73 0
74 59
75 12
76 8
77 13
78 9
79 4
80 4
81 11
82 9
83 14
84 7
85 23
86 7
87 4
88 44
89 11
90 13
91 5
92 11
93 7
94 6
95 4
96 14
97 11
98 9
99 22
100 44
101 186
102 4
103 12
104 44
105 94
106 44
107 13
108 9
109 5
110 9
111 8
112 11
113 4
114 20
115 54
116 74
117 12
118 53
119 32
120 5
121 6
122 73
123 1
124 8
125 3
126 8
127 0
128 1
129 2
130 146
131 182
132 36
133 73
134 146
135 100
136 125
137 100
138 47
139 47
140 48
141 81
142 81
143 79
144 23
145 51
146 24
147 18
148 63
149 22
150 27
151 74
152 146
153 109
154 43
155 109
156 18
157 11
158 64
159 133
160 107
161 88
162 86
163 122
164 186
165 38
166 35
167 44
168 53
169 59
170 36
171 9
172 18
173 35
174 28
175 4
176 11
177 5
178 44
179 22
180 8
181 7
182 2
183 22
184 13
185 7
186 17
187 9
188 42
189 90
190 265
191 222
192 72
193 72
194 106
195 115
196 222
197 133
198 18
199 53
200 53
201 133
202 6
203 6
204 9
205 36
206 84
207 107
208 85
209 107
210 106
211 86
212 133
213 110
214 265
215 14
216 4
217 4
218 4
219 9
220 8
221 18
222 44
223 66
224 8
225 12
226 8
227 7
228 9
229 44
230 28
231 44
232 8
233 31
234 9
235 4
236 7
237 9
238 9
239 2
240 9
241 22
242 18
243 7
244 18
245 8
246 1
247 2
248 7
249 18
250 7
251 18
252 18
253 9
254 4
255 9
256 4
257 2
258 8
259 26
260 9
261 1
262 18
263 22
264 14
265 20
266 36
267 12
268 15
269 4
270 4
271 4
272 13
273 18
274 14
275 12
276 29
277 34
278 44
279 59
280 97
281 4
282 49
283 0
284 122
285 9
286 75
287 100
288 50
289 25
290 134
291 88
292 133
293 134
294 221
295 106
296 168
297 4
298 2
299 4
300 4
301 9
302 4
303 100
304 265
305 212
306 5
307 4
308 42
309 22
310 28
311 22
312 18
313 166
314 36
315 18
316 80
317 22
318 474
319 23
320 11
321 2
322 32
323 69
324 6
325 73
326 4
327 24
328 52
329 52
330 37
331 36
332 36
333 9
334 36
335 129
336 107
337 55
338 129
339 129
340 133
341 159
342 22
343 44
344 36
345 27
346 106
347 80
348 86
349 18
350 44
351 64
352 88
353 22
354 18
355 3
356 14
357 12
358 107
359 39
360 16
361 44
362 46
363 61
364 26
365 7
366 33
367 18
368 20
369 36
370 44
371 90
372 54
373 18
374 107
375 9
376 11
377 18
378 11
379 7
380 9
381 22
382 7
383 27
384 21
385 4
386 33
387 11
388 7
389 2
390 7
391 14
392 12
393 7
394 12
395 2
396 28
397 7
398 6
399 4
400 8
401 12
402 12
403 12
404 48
405 48
406 6
407 2
408 28
409 7
410 9
411 18
412 18
413 15
414 18
415 7
416 2
417 181
418 88
419 22
420 8
421 7
422 5
423 11
424 5
425 122
426 61
427 201
428 17
429 15
430 80
431 51
432 88
433 23
434 15
435 143
436 0
437 29
438 9
439 9
440 8
441 23
442 7
443 5
444 3
445 36
446 168
447 35
448 47
449 36
450 24
451 34
452 63
453 16
454 179
455 11
456 9
457 32
458 88
459 44
460 18
461 100
462 4
463 28
464 14
465 27
466 13
467 11
468 12
469 17
470 36
471 36
472 36
473 72
474 129
475 44
476 44
477 11
478 4
479 2
480 4
481 4
482 358
483 66
484 42
485 106
486 80
487 106
488 88
489 150
490 86
491 133
492 179
493 221
494 83
495 36
496 36
497 34
498 72
499 53
500 7
501 114
502 18
503 11
504 24
505 36
506 32
507 34
508 71
509 71
510 76
511 55
512 6
513 23
514 11
515 2
516 44
517 88
518 4
519 21
520 18
521 24
522 13
523 44
524 13
525 4
526 9
527 4
528 22
529 7
530 8
531 25
532 8
533 9
534 12
535 9
536 8
537 2
538 40
539 6
540 10
541 221
542 22
543 29
544 20
545 32
546 118
547 34
548 86
549 22
550 18
551 107
552 84
553 37
554 18
555 43
556 36
557 110
558 46
559 7
560 150
561 86
562 86
563 64
564 13
565 4
566 9
567 4
568 9
569 13
570 9
571 15
572 8
573 2
574 13
575 38
576 44
577 106
578 37
579 28
580 55
581 53
582 44
583 55
584 80
585 25
586 90
587 26
588 9
589 130
590 12
591 24
592 9
593 5
594 1
595 1
596 18
597 18
598 2
599 2
600 14
601 2
602 4
603 5
604 4
605 2
606 14
607 46
608 12
609 92
610 5
611 5
612 23
613 7
614 34
615 35
616 29
617 11
618 1
619 3
620 4
621 2
622 1
623 0
624 0
625 4
626 3
627 11
628 2
629 6
630 1
631 18
632 18
633 8
634 8
635 8
636 4
637 18
638 55
639 22
640 55
641 11
642 9
643 110
644 9
645 7
646 5
647 4
648 4
649 9
650 4
651 9
652 8
653 14
654 1
655 9
656 12
657 13
658 9
659 4
660 13
661 7
662 133
663 13
664 44
665 22
666 36
667 47
668 152
669 47
670 62
671 48
672 85
673 81
674 81
675 79
676 1
677 267
678 47
679 1
680 109
681 109
682 73
683 109
684 73
685 37
686 5
687 51
688 5
689 221
690 96
691 79
692 133
693 6
694 36
695 18
696 4
697 9
698 127
699 6
700 106
701 56
702 43
703 73
704 9
705 7
706 24
707 15
708 7
709 50
710 106
711 65
712 52
713 107
714 265
715 86
716 141
717 106
718 107
719 86
720 129
721 177
722 7
723 17
724 11
725 13
726 22
727 4
728 21
729 11
730 19
731 18
732 9
733 9
734 4
735 17
736 8
737 3
738 4
739 11
740 13
741 18
742 36
743 8
744 44
745 22
746 66
747 7
748 33
749 88
750 36
751 7
752 44
753 2
754 8
755 8
756 9
757 14
758 13
759 1
760 32
761 125
762 125
763 125
764 125
765 125
766 23
767 14
768 219
769 18
770 15
771 92
772 8
773 52
774 113
775 34
776 80
777 8
778 22
779 18
780 72
781 22
782 106
783 86
784 13
785 2
786 11
787 4
788 4
789 9
790 6
791 4
;

param Ttarget := 
1 1 1000
2 1 1000
3 1 1000
4 1 1000
5 1 500
6 1 500
7 1 500
8 1 500
1 2 1000
2 2 1000
3 2 1000
4 2 1000
5 2 500
6 2 500
7 2 500
8 2 500
1 3 1000
2 3 1000
3 3 1000
4 3 1000
5 3 500
6 3 500
7 3 500
8 3 500
1 4 1000
2 4 1000
3 4 1000
4 4 1000
5 4 500
6 4 500
7 4 500
8 4 500
1 5 1000
2 5 1000
3 5 1000
4 5 1000
5 5 500
6 5 500
7 5 500
8 5 500
;

set Olgerdin := 
121 
127 
128 
129 
130 
131 
132 
133 
134 
135 
136 
137 
138 
139 
140 
141 
142 
143 
149 
157 
285 
286 
287 
288 
289 
290 
291 
292 
293 
294 
295 
296 
297 
298 
299 
300 
301 
302 
303 
304 
305 
306 
307 
308 
309 
310 
311 
312 
313 
314 
315 
316 
317 
319 
320 
321 
410 
411 
412 
413 
414 
415 
416 
417 
418 
419 
420 
421 
422 
423 
424 
425 
426 
427 
428 
429 
430 
431 
432 
433 
434 
435 
437 
438 
439 
440 
441 
442 
667 
668 
669 
670 
671 
672 
673 
674 
675 
676 
677 
678 
679 
680 
681 
682 
683 
684 
685 
686 
687 
688 
689 
690 
691 
692 
693 
694 
695 
696 
760 
761 
762 
763 
764 
765 
766 
767 
768 
769 
770 
771 
772 
773 
774 
775 
776 
777 
778 
779 
780 
781 
782 
783 
784 
785 
786 
787 
788 
789 
790 
;
set Cola := 
2 
23 
24 
25 
26 
27 
28 
29 
30 
31 
32 
33 
120 
144 
145 
146 
147 
148 
150 
152 
153 
154 
155 
156 
318 
443 
444 
445 
447 
448 
453 
454 
455 
456 
457 
458 
459 
460 
461 
462 
463 
464 
465 
466 
697 
698 
699 
700 
701 
702 
703 
705 
;
set Globus := 
118 
119 
151 
158 
159 
160 
161 
162 
163 
164 
165 
166 
167 
168 
169 
170 
171 
172 
173 
174 
175 
176 
177 
178 
179 
180 
181 
182 
183 
184 
185 
186 
187 
284 
401 
402 
403 
404 
405 
406 
407 
482 
483 
484 
485 
486 
487 
488 
489 
490 
491 
492 
493 
494 
495 
496 
497 
498 
499 
500 
501 
502 
503 
504 
505 
506 
507 
508 
509 
510 
511 
512 
513 
514 
515 
516 
517 
518 
519 
520 
521 
522 
523 
524 
525 
526 
527 
528 
529 
530 
531 
532 
533 
534 
535 
536 
537 
710 
711 
712 
713 
714 
715 
716 
717 
718 
719 
720 
721 
722 
723 
724 
725 
726 
727 
728 
729 
730 
731 
732 
733 
734 
735 
736 
737 
738 
739 
740 
741 
742 
743 
744 
745 
746 
747 
748 
749 
;
set Vintrio := 
65 
66 
67 
68 
69 
70 
71 
72 
73 
74 
75 
95 
99 
100 
101 
102 
103 
386 
391 
615 
616 
;
set Brugghusstedja := 
1 
324 
325 
446 
;
set Dista := 
46 
47 
48 
49 
50 
51 
52 
53 
117 
326 
327 
328 
329 
330 
331 
332 
333 
334 
335 
336 
337 
338 
339 
340 
341 
342 
343 
344 
345 
346 
347 
348 
349 
350 
351 
352 
353 
354 
449 
450 
451 
452 
538 
;
set Bakkus := 
54 
55 
56 
57 
58 
59 
60 
61 
62 
83 
84 
364 
365 
366 
367 
368 
369 
370 
371 
372 
373 
374 
375 
376 
377 
;
set Mekka := 
188 
189 
190 
191 
192 
193 
194 
195 
196 
197 
198 
199 
200 
201 
202 
203 
204 
205 
206 
207 
208 
209 
210 
211 
212 
213 
214 
215 
216 
217 
218 
322 
539 
540 
541 
542 
543 
544 
545 
546 
547 
548 
549 
550 
551 
552 
553 
554 
555 
556 
557 
558 
559 
560 
561 
562 
563 
564 
565 
566 
567 
568 
569 
570 
571 
572 
573 
574 
575 
576 
577 
578 
579 
580 
581 
582 
583 
584 
585 
586 
;
set Eimskip := 
63 
64 
79 
80 
81 
82 
85 
86 
87 
88 
89 
90 
91 
92 
93 
96 
97 
98 
225 
226 
227 
228 
230 
231 
232 
233 
245 
246 
587 
588 
589 
590 
591 
592 
593 
594 
596 
597 
598 
599 
600 
601 
602 
603 
604 
605 
606 
607 
608 
609 
610 
611 
612 
613 
614 
617 
618 
619 
620 
621 
622 
623 
624 
625 
626 
627 
628 
629 
630 
631 
632 
633 
634 
635 
636 
637 
638 
639 
640 
641 
642 
643 
644 
645 
646 
654 
;
set Samskip := 
3 
4 
5 
6 
7 
8 
9 
10 
11 
12 
13 
14 
15 
16 
17 
18 
19 
20 
21 
22 
34 
35 
36 
37 
38 
39 
40 
41 
42 
43 
44 
45 
76 
77 
78 
94 
104 
105 
106 
107 
108 
109 
110 
111 
112 
113 
114 
115 
116 
122 
219 
220 
221 
222 
223 
229 
234 
235 
236 
237 
238 
239 
240 
241 
242 
243 
244 
247 
248 
249 
250 
251 
252 
253 
254 
255 
256 
257 
258 
259 
260 
261 
262 
263 
264 
265 
266 
267 
268 
269 
270 
271 
272 
273 
274 
275 
276 
277 
278 
279 
280 
281 
282 
283 
323 
357 
358 
359 
360 
361 
362 
363 
378 
381 
382 
383 
384 
385 
387 
388 
389 
390 
392 
393 
394 
395 
396 
397 
398 
399 
400 
408 
436 
467 
468 
469 
470 
471 
472 
473 
474 
475 
476 
477 
478 
479 
480 
481 
595 
647 
648 
649 
650 
651 
652 
653 
655 
656 
660 
661 
662 
663 
664 
665 
666 
704 
706 
707 
708 
709 
751 
752 
753 
754 
755 
756 
757 
758 
759 
;
set Bannlisti := 
;
set Fixlisti := 
;
end;
