param S := 703;
param T := 8;
param D := 5;
param windowsize := 0;

param O := 
1 1
2 0
3 0
4 0
5 0
6 0
7 0
8 0
;

param EIM := 
1 0
2 0
3 0
4 0
5 0
6 0
7 1
8 0
;

param SAM := 
1 0
2 0
3 0
4 0
5 0
6 0
7 0
8 1
;

param A := 
1 8
2 46
3 18
4 65
5 13
6 23
7 36
8 7
9 8
10 9
11 4
12 17
13 8
14 39
15 18
16 2
17 4
18 9
19 4
20 4
21 5
22 2
23 14
24 17
25 32
26 73
27 56
28 134
29 32
30 292
31 437
32 292
33 35
34 5
35 146
36 104
37 133
38 107
39 86
40 88
41 133
42 107
43 2
44 122
45 36
46 14
47 111
48 4
49 11
50 11
51 42
52 42
53 44
54 13
55 34
56 18
57 76
58 13
59 11
60 122
61 11
62 33
63 7
64 66
65 86
66 186
67 9
68 26
69 1
70 5
71 0
72 7
73 4
74 8
75 4
76 2
77 5
78 4
79 4
80 14
81 9
82 22
83 20
84 19
85 9
86 7
87 11
88 5
89 13
90 4
91 4
92 13
93 8
94 12
95 9
96 4
97 27
98 18
99 4
100 7
101 4
102 4
103 22
104 9
105 4
106 7
107 34
108 22
109 27
110 22
111 22
112 22
113 9
114 9
115 2
116 21
117 13
118 0
119 0
120 17
121 9
122 6
123 9
124 16
125 9
126 2
127 2
128 2
129 4
130 4
131 2
132 2
133 4
134 2
135 3
136 2
137 2
138 2
139 4
140 2
141 2
142 2
143 7
144 4
145 4
146 2
147 2
148 2
149 2
150 2
151 2
152 2
153 2
154 2
155 7
156 11
157 2
158 5
159 150
160 2
161 2
162 2
163 2
164 4
165 4
166 4
167 2
168 4
169 4
170 2
171 2
172 4
173 2
174 2
175 2
176 5
177 2
178 22
179 29
180 4
181 19
182 4
183 9
184 1
185 9
186 7
187 4
188 9
189 7
190 2
191 0
192 14
193 102
194 18
195 146
196 44
197 90
198 44
199 5
200 4
201 18
202 54
203 45
204 102
205 4
206 107
207 36
208 4
209 7
210 7
211 8
212 4
213 2
214 4
215 2
216 9
217 27
218 18
219 11
220 22
221 66
222 12
223 2
224 18
225 1
226 1
227 3
228 13
229 6
230 9
231 9
232 4
233 4
234 4
235 13
236 2
237 18
238 18
239 4
240 14
241 0
242 0
243 3
244 12
245 3
246 14
247 42
248 2
249 7
250 27
251 18
252 7
253 7
254 0
255 3
256 74
257 16
258 16
259 2
260 5
261 2
262 5
263 30
264 68
265 46
266 3
267 1
268 1
269 16
270 0
271 0
272 91
273 50
274 91
275 8
276 13
277 2
278 5
279 11
280 14
281 17
282 79
283 48
284 1
285 4
286 11
287 55
288 9
289 91
290 146
291 109
292 6
293 73
294 91
295 9
296 5
297 26
298 11
299 11
300 11
301 22
302 22
303 22
304 33
305 2
306 4
307 6
308 3
309 6
310 3
311 1
312 9
313 8
314 1
315 12
316 1
317 6
318 9
319 6
320 6
321 9
322 5
323 5
324 38
325 53
326 65
327 41
328 221
329 55
330 55
331 18
332 18
333 9
334 4
335 14
336 18
337 16
338 4
339 9
340 8
341 4
342 4
343 3
344 8
345 4
346 9
347 2
348 13
349 12
350 10
351 21
352 0
353 3
354 3
355 4
356 7
357 5
358 4
359 3
360 2
361 2
362 2
363 5
364 31
365 6
366 9
367 4
368 5
369 1
370 5
371 1
372 5
373 5
374 17
375 110
376 110
377 11
378 9
379 66
380 22
381 13
382 38
383 21
384 8
385 3
386 8
387 15
388 2
389 2
390 24
391 28
392 51
393 7
394 10
395 135
396 61
397 42
398 92
399 42
400 29
401 12
402 9
403 11
404 46
405 53
406 72
407 21
408 139
409 18
410 30
411 0
412 0
413 36
414 9
415 13
416 4
417 37
418 4
419 4
420 2
421 34
422 11
423 27
424 16
425 26
426 28
427 19
428 27
429 10
430 18
431 18
432 14
433 2
434 4
435 31
436 9
437 2
438 9
439 4
440 4
441 2
442 4
443 19
444 13
445 133
446 13
447 21
448 9
449 2
450 4
451 4
452 8
453 3
454 9
455 9
456 5
457 117
458 12
459 27
460 44
461 27
462 106
463 11
464 3
465 56
466 27
467 0
468 12
469 17
470 9
471 3
472 110
473 66
474 24
475 9
476 40
477 8
478 11
479 20
480 6
481 18
482 15
483 7
484 11
485 4
486 4
487 11
488 13
489 25
490 2
491 2
492 28
493 97
494 5
495 91
496 36
497 36
498 91
499 9
500 2
501 7
502 14
503 7
504 14
505 96
506 31
507 18
508 10
509 84
510 169
511 26
512 106
513 146
514 36
515 112
516 1
517 107
518 4
519 5
520 13
521 11
522 2
523 36
524 12
525 26
526 134
527 12
528 12
529 12
530 86
531 52
532 24
533 36
534 36
535 106
536 86
537 110
538 18
539 9
540 1
541 0
542 2
543 4
544 13
545 14
546 26
547 18
548 1
549 5
550 10
551 10
552 2
553 4
554 36
555 2
556 36
557 17
558 9
559 19
560 17
561 4
562 4
563 2
564 8
565 8
566 6
567 12
568 2
569 11
570 1
571 4
572 1
573 76
574 15
575 7
576 7
577 4
578 4
579 46
580 20
581 92
582 3
583 7
584 30
585 9
586 2
587 9
588 3
589 14
590 0
591 1
592 1
593 1
594 1
595 0
596 7
597 1
598 1
599 1
600 2
601 7
602 2
603 2
604 4
605 0
606 2
607 2
608 2
609 4
610 5
611 2
612 6
613 2
614 2
615 2
616 2
617 0
618 2
619 2
620 4
621 2
622 4
623 3
624 1
625 7
626 1
627 4
628 2
629 2
630 4
631 4
632 32
633 32
634 32
635 32
636 12
637 11
638 12
639 12
640 32
641 12
642 32
643 32
644 32
645 32
646 32
647 16
648 16
649 20
650 7
651 11
652 4
653 53
654 40
655 47
656 94
657 52
658 152
659 51
660 84
661 51
662 146
663 5
664 15
665 47
666 62
667 259
668 84
669 55
670 42
671 2
672 51
673 18
674 26
675 9
676 2
677 5
678 3
679 9
680 107
681 90
682 7
683 4
684 6
685 38
686 44
687 62
688 51
689 62
690 8
691 70
692 47
693 7
694 1
695 32
696 36
697 1
698 2
699 8
700 4
701 5
702 5
703 13
;

param Ttarget := 
1 1 1000
2 1 1000
3 1 1000
4 1 1000
5 1 500
6 1 500
7 1 500
8 1 500
1 2 1000
2 2 1000
3 2 1000
4 2 1000
5 2 500
6 2 500
7 2 500
8 2 500
1 3 1000
2 3 1000
3 3 1000
4 3 1000
5 3 500
6 3 500
7 3 500
8 3 500
1 4 1000
2 4 1000
3 4 1000
4 4 1000
5 4 500
6 4 500
7 4 500
8 4 500
1 5 1000
2 5 1000
3 5 1000
4 5 1000
5 5 500
6 5 500
7 5 500
8 5 500
;

set Olgerdin := 
33 
132 
140 
163 
169 
178 
179 
270 
271 
272 
273 
274 
275 
276 
277 
278 
279 
280 
281 
282 
283 
284 
492 
493 
494 
495 
496 
497 
498 
499 
500 
501 
502 
503 
504 
505 
506 
507 
508 
509 
540 
541 
626 
653 
654 
655 
656 
657 
658 
659 
660 
661 
662 
663 
664 
665 
666 
667 
668 
669 
670 
671 
672 
673 
674 
675 
676 
677 
678 
679 
680 
681 
682 
683 
684 
685 
686 
687 
688 
689 
690 
691 
692 
693 
694 
695 
696 
697 
698 
699 
700 
701 
702 
;
set Cola := 
1 
2 
3 
4 
5 
6 
7 
8 
10 
11 
12 
13 
24 
26 
27 
28 
29 
30 
31 
32 
289 
290 
291 
292 
293 
294 
305 
306 
510 
511 
512 
513 
514 
515 
;
set Globus := 
35 
36 
37 
38 
39 
40 
41 
42 
43 
44 
45 
46 
47 
48 
49 
50 
51 
52 
53 
54 
55 
56 
57 
58 
59 
60 
61 
62 
63 
64 
65 
66 
87 
88 
89 
90 
91 
92 
93 
94 
95 
96 
97 
98 
99 
100 
101 
102 
103 
104 
105 
106 
107 
108 
109 
110 
111 
112 
113 
114 
115 
116 
117 
118 
119 
120 
121 
122 
123 
125 
130 
131 
133 
138 
139 
143 
146 
148 
161 
162 
173 
175 
304 
542 
553 
554 
601 
603 
609 
629 
;
set Vintrio := 
34 
67 
68 
69 
70 
71 
72 
73 
74 
75 
76 
77 
78 
79 
80 
81 
82 
83 
84 
85 
86 
170 
171 
177 
516 
612 
613 
621 
;
set Brugghusstedja := 
25 
457 
;
set Dista := 
124 
164 
312 
313 
314 
315 
523 
524 
525 
526 
527 
528 
529 
530 
531 
532 
533 
534 
535 
536 
537 
538 
539 
624 
;
set Bakkus := 
127 
128 
129 
142 
149 
152 
155 
167 
174 
180 
181 
182 
183 
184 
185 
186 
187 
188 
189 
190 
191 
192 
193 
194 
195 
196 
197 
198 
199 
200 
201 
202 
203 
204 
205 
206 
207 
208 
209 
210 
211 
212 
213 
214 
215 
555 
606 
608 
610 
614 
618 
627 
628 
630 
;
set Mekka := 
126 
134 
135 
137 
145 
166 
317 
318 
319 
320 
321 
322 
323 
324 
325 
326 
327 
328 
329 
330 
331 
332 
333 
334 
335 
336 
337 
338 
339 
340 
341 
342 
343 
344 
345 
346 
347 
348 
349 
350 
351 
544 
616 
617 
623 
625 
650 
;
set Eimskip := 
136 
144 
165 
168 
216 
217 
218 
219 
220 
221 
222 
223 
224 
250 
352 
353 
354 
355 
356 
357 
358 
359 
360 
361 
362 
363 
364 
365 
366 
367 
368 
369 
370 
371 
372 
373 
374 
375 
376 
377 
378 
379 
380 
381 
382 
383 
384 
385 
389 
390 
391 
392 
394 
395 
396 
397 
398 
399 
400 
401 
402 
403 
404 
405 
406 
407 
408 
409 
410 
411 
412 
413 
414 
415 
416 
417 
418 
419 
420 
421 
422 
423 
424 
425 
426 
427 
428 
429 
430 
431 
432 
433 
434 
435 
436 
437 
438 
439 
448 
449 
450 
451 
452 
453 
454 
455 
456 
458 
459 
460 
461 
462 
463 
464 
465 
466 
490 
546 
552 
557 
558 
559 
560 
561 
562 
563 
564 
565 
566 
567 
568 
569 
570 
571 
572 
573 
574 
575 
576 
577 
578 
579 
580 
581 
582 
583 
584 
585 
586 
587 
588 
589 
590 
591 
592 
593 
594 
595 
596 
597 
598 
599 
600 
620 
622 
631 
632 
633 
634 
635 
636 
637 
638 
639 
640 
641 
642 
643 
644 
645 
646 
647 
648 
649 
;
set Samskip := 
9 
14 
15 
16 
17 
18 
19 
20 
21 
22 
23 
141 
147 
150 
151 
153 
154 
156 
172 
176 
225 
226 
228 
229 
230 
231 
232 
233 
234 
235 
236 
237 
238 
239 
240 
241 
242 
243 
244 
245 
246 
247 
254 
255 
263 
264 
265 
266 
267 
268 
269 
285 
286 
287 
288 
295 
296 
297 
298 
299 
300 
301 
302 
303 
316 
386 
387 
388 
393 
444 
445 
467 
468 
469 
470 
471 
472 
473 
474 
475 
476 
477 
478 
479 
480 
481 
482 
483 
484 
485 
486 
487 
488 
517 
518 
519 
520 
521 
522 
545 
547 
556 
602 
604 
605 
611 
615 
619 
651 
;
set Bannlisti := 
;
set Fixlisti := 
;
end;
