param S := 659;
param T := 8;
param D := 5;
param windowsize := 0;

param O := 
1 1
2 0
3 0
4 0
5 0
6 0
7 0
8 0
;

param EIM := 
1 0
2 0
3 0
4 0
5 0
6 0
7 1
8 0
;

param SAM := 
1 0
2 0
3 0
4 0
5 0
6 0
7 0
8 1
;

param A := 
1 15
2 27
3 146
4 72
5 182
6 63
7 84
8 146
9 38
10 64
11 104
12 215
13 141
14 300
15 86
16 106
17 197
18 106
19 39
20 44
21 18
22 44
23 177
24 4
25 9
26 7
27 9
28 44
29 4
30 7
31 2
32 25
33 0
34 17
35 9
36 7
37 3
38 53
39 181
40 396
41 297
42 9
43 177
44 22
45 27
46 107
47 21
48 5
49 64
50 15
51 15
52 11
53 33
54 66
55 354
56 257
57 159
58 88
59 97
60 10
61 4
62 4
63 44
64 53
65 44
66 44
67 53
68 9
69 20
70 68
71 9
72 18
73 13
74 11
75 4
76 44
77 7
78 13
79 4
80 44
81 9
82 0
83 18
84 2
85 2
86 18
87 4
88 0
89 9
90 88
91 22
92 44
93 107
94 36
95 22
96 90
97 18
98 66
99 14
100 7
101 18
102 36
103 18
104 88
105 44
106 107
107 179
108 50
109 4
110 23
111 0
112 2
113 4
114 18
115 8
116 2
117 4
118 4
119 7
120 40
121 7
122 13
123 22
124 265
125 66
126 40
127 90
128 22
129 13
130 18
131 4
132 4
133 31
134 7
135 2
136 5
137 9
138 0
139 2
140 13
141 0
142 3
143 1
144 1
145 12
146 13
147 13
148 16
149 16
150 18
151 11
152 5
153 27
154 4
155 4
156 4
157 9
158 44
159 4
160 4
161 7
162 8
163 229
164 25
165 7
166 122
167 107
168 43
169 8
170 12
171 4
172 27
173 8
174 2
175 14
176 0
177 3
178 8
179 3
180 1
181 20
182 36
183 36
184 3
185 5
186 1
187 7
188 5
189 9
190 115
191 76
192 25
193 4
194 8
195 4
196 4
197 4
198 2
199 22
200 7
201 9
202 5
203 7
204 10
205 7
206 2
207 20
208 10
209 14
210 15
211 14
212 7
213 28
214 14
215 12
216 56
217 28
218 12
219 14
220 4
221 12
222 12
223 48
224 12
225 11
226 4
227 8
228 4
229 0
230 74
231 5
232 65
233 31
234 18
235 1
236 6
237 12
238 6
239 12
240 32
241 32
242 1
243 1
244 3
245 1
246 1
247 1
248 1
249 99
250 1
251 3
252 1
253 13
254 0
255 9
256 2
257 2
258 30
259 15
260 14
261 42
262 15
263 35
264 9
265 17
266 3
267 212
268 22
269 16
270 7
271 36
272 182
273 401
274 61
275 12
276 318
277 107
278 7
279 7
280 13
281 84
282 255
283 146
284 1
285 39
286 6
287 22
288 86
289 9
290 183
291 39
292 60
293 13
294 18
295 44
296 15
297 7
298 4
299 20
300 4
301 8
302 9
303 3
304 61
305 1
306 11
307 13
308 107
309 22
310 13
311 8
312 2
313 5
314 4
315 9
316 5
317 7
318 12
319 16
320 4
321 7
322 23
323 23
324 129
325 80
326 27
327 22
328 30
329 7
330 40
331 9
332 4
333 12
334 28
335 33
336 9
337 40
338 110
339 161
340 80
341 16
342 15
343 222
344 83
345 55
346 110
347 221
348 88
349 179
350 44
351 115
352 221
353 411
354 265
355 90
356 47
357 12
358 4
359 4
360 4
361 7
362 11
363 6
364 36
365 45
366 106
367 1
368 249
369 31
370 107
371 85
372 133
373 114
374 13
375 4
376 62
377 9
378 9
379 6
380 27
381 0
382 27
383 2
384 7
385 33
386 2
387 9
388 7
389 2
390 13
391 15
392 15
393 4
394 4
395 7
396 4
397 4
398 4
399 0
400 5
401 4
402 5
403 5
404 4
405 5
406 6
407 0
408 0
409 5
410 4
411 22
412 15
413 37
414 46
415 12
416 55
417 57
418 18
419 28
420 2
421 17
422 18
423 4
424 9
425 9
426 8
427 18
428 4
429 18
430 14
431 3
432 12
433 1
434 59
435 2
436 10
437 7
438 23
439 7
440 4
441 13
442 44
443 4
444 2
445 8
446 22
447 90
448 35
449 88
450 107
451 13
452 8
453 4
454 4
455 15
456 15
457 11
458 36
459 66
460 13
461 110
462 66
463 51
464 22
465 36
466 22
467 44
468 3
469 21
470 1
471 4
472 8
473 16
474 4
475 7
476 4
477 17
478 9
479 9
480 9
481 83
482 8
483 14
484 9
485 3
486 11
487 10
488 2
489 9
490 4
491 9
492 5
493 14
494 18
495 4
496 86
497 22
498 33
499 11
500 106
501 4
502 15
503 13
504 110
505 11
506 9
507 13
508 122
509 7
510 7
511 3
512 7
513 24
514 130
515 11
516 18
517 7
518 33
519 110
520 7
521 2
522 8
523 14
524 8
525 4
526 4
527 9
528 13
529 14
530 8
531 17
532 14
533 9
534 9
535 12
536 5
537 5
538 9
539 20
540 301
541 219
542 10
543 28
544 259
545 109
546 6
547 36
548 36
549 18
550 5
551 36
552 97
553 9
554 5
555 13
556 134
557 18
558 0
559 4
560 127
561 146
562 91
563 73
564 39
565 36
566 13
567 19
568 9
569 9
570 80
571 1
572 1
573 1
574 1
575 1
576 1
577 2
578 1
579 12
580 106
581 64
582 65
583 52
584 106
585 222
586 107
587 86
588 88
589 106
590 3
591 9
592 2
593 2
594 2
595 1
596 1
597 1
598 1
599 1
600 3
601 24
602 24
603 11
604 7
605 133
606 127
607 5
608 44
609 18
610 21
611 14
612 5
613 5
614 20
615 22
616 9
617 2
618 7
619 27
620 3
621 13
622 27
623 21
624 13
625 13
626 11
627 0
628 27
629 27
630 4
631 4
632 9
633 2
634 7
635 215
636 94
637 62
638 9
639 18
640 7
641 2
642 59
643 9
644 2
645 18
646 3
647 8
648 21
649 1
650 5
651 28
652 47
653 52
654 5
655 152
656 51
657 84
658 51
659 51
;

param Ttarget := 
1 1 1000
2 1 1000
3 1 1000
4 1 1000
5 1 500
6 1 500
7 1 500
8 1 500
1 2 1000
2 2 1000
3 2 1000
4 2 1000
5 2 500
6 2 500
7 2 500
8 2 500
1 3 1000
2 3 1000
3 3 1000
4 3 1000
5 3 500
6 3 500
7 3 500
8 3 500
1 4 1000
2 4 1000
3 4 1000
4 4 1000
5 4 500
6 4 500
7 4 500
8 4 500
1 5 1000
2 5 1000
3 5 1000
4 5 1000
5 5 500
6 5 500
7 5 500
8 5 500
;

set Olgerdin := 
59 
253 
254 
255 
259 
260 
261 
262 
263 
264 
265 
266 
267 
268 
269 
270 
271 
272 
273 
274 
275 
276 
277 
278 
279 
280 
391 
394 
395 
397 
405 
540 
541 
542 
543 
544 
545 
546 
547 
548 
549 
550 
551 
552 
553 
554 
555 
556 
557 
558 
593 
635 
636 
637 
638 
639 
640 
641 
642 
643 
644 
645 
646 
647 
648 
649 
650 
651 
652 
653 
654 
655 
656 
657 
658 
;
set Cola := 
2 
3 
4 
5 
6 
7 
8 
250 
252 
281 
282 
283 
560 
561 
562 
563 
564 
565 
567 
568 
569 
600 
;
set Globus := 
9 
10 
11 
12 
13 
14 
15 
16 
17 
18 
19 
20 
21 
22 
23 
24 
25 
26 
27 
28 
29 
30 
31 
32 
33 
34 
35 
36 
37 
38 
39 
40 
41 
42 
43 
44 
45 
46 
47 
48 
49 
50 
51 
53 
54 
55 
56 
57 
58 
221 
222 
223 
224 
225 
226 
227 
228 
256 
320 
333 
334 
335 
383 
390 
406 
539 
579 
580 
581 
582 
583 
584 
585 
586 
587 
588 
589 
615 
634 
;
set Vintrio := 
52 
257 
336 
337 
338 
339 
340 
341 
342 
592 
614 
;
set Brugghusstedja := 
566 
;
set Dista := 
60 
318 
319 
321 
322 
323 
324 
325 
326 
327 
328 
329 
330 
331 
332 
402 
403 
;
set Bakkus := 
63 
64 
65 
66 
67 
68 
69 
70 
71 
72 
73 
74 
75 
76 
77 
78 
79 
80 
81 
82 
83 
84 
85 
86 
87 
88 
89 
90 
91 
92 
93 
94 
95 
96 
97 
98 
99 
100 
101 
102 
103 
104 
105 
106 
107 
108 
109 
110 
111 
112 
113 
114 
115 
116 
117 
118 
119 
120 
121 
122 
123 
124 
125 
126 
127 
128 
129 
130 
131 
132 
133 
137 
138 
388 
396 
400 
404 
458 
459 
460 
461 
462 
463 
464 
465 
466 
467 
505 
506 
507 
605 
616 
630 
631 
;
set Mekka := 
249 
343 
344 
345 
346 
347 
348 
349 
350 
351 
352 
353 
354 
355 
356 
357 
358 
359 
360 
361 
364 
365 
366 
367 
368 
369 
370 
371 
372 
373 
374 
375 
376 
377 
378 
379 
380 
381 
382 
384 
385 
386 
387 
392 
398 
399 
531 
633 
;
set Eimskip := 
134 
135 
136 
163 
164 
165 
166 
167 
168 
169 
170 
171 
172 
173 
174 
175 
176 
177 
178 
179 
180 
181 
182 
183 
190 
191 
192 
193 
199 
200 
201 
202 
203 
204 
205 
207 
208 
209 
233 
234 
235 
236 
237 
238 
239 
240 
241 
242 
243 
244 
245 
246 
247 
248 
258 
393 
413 
414 
415 
416 
417 
418 
419 
420 
421 
422 
423 
424 
425 
426 
427 
428 
429 
430 
431 
432 
433 
434 
435 
436 
437 
438 
439 
440 
441 
442 
443 
444 
445 
446 
447 
448 
449 
450 
451 
452 
453 
454 
473 
474 
475 
476 
477 
478 
479 
480 
481 
482 
483 
484 
485 
486 
487 
488 
489 
490 
491 
492 
493 
494 
495 
496 
497 
498 
499 
500 
501 
502 
503 
504 
514 
522 
524 
525 
526 
527 
528 
529 
530 
559 
570 
590 
591 
613 
632 
;
set Samskip := 
1 
61 
62 
139 
140 
141 
142 
143 
144 
145 
146 
147 
148 
149 
150 
151 
152 
153 
154 
155 
156 
157 
158 
159 
160 
161 
162 
186 
188 
189 
195 
196 
197 
198 
206 
210 
211 
212 
213 
214 
215 
216 
217 
218 
219 
220 
229 
251 
284 
285 
286 
287 
288 
289 
290 
291 
292 
293 
294 
295 
296 
297 
298 
299 
300 
301 
302 
303 
304 
305 
306 
307 
308 
309 
310 
311 
312 
313 
314 
315 
316 
317 
362 
363 
389 
401 
407 
408 
409 
410 
411 
412 
455 
456 
457 
468 
469 
470 
471 
472 
511 
512 
513 
515 
516 
517 
518 
519 
520 
521 
523 
532 
533 
534 
535 
536 
537 
538 
571 
572 
573 
574 
575 
576 
577 
578 
594 
595 
596 
597 
598 
599 
601 
602 
606 
607 
608 
609 
617 
618 
619 
621 
622 
623 
624 
625 
626 
627 
628 
629 
;
set Bannlisti := 
;
set Fixlisti := 
;
end;
