param S := 728;
param T := 8;
param D := 5;
param windowsize := 0;

param O := 
1 1
2 0
3 0
4 0
5 0
6 0
7 0
8 0
;

param EIM := 
1 0
2 0
3 0
4 0
5 0
6 0
7 1
8 0
;

param SAM := 
1 0
2 0
3 0
4 0
5 0
6 0
7 0
8 1
;

param A := 
1 3
2 8
3 31
4 5
5 12
6 9
7 201
8 69
9 26
10 12
11 10
12 13
13 8
14 23
15 88
16 22
17 88
18 0
19 13
20 18
21 4
22 8
23 74
24 83
25 19
26 21
27 22
28 22
29 20
30 13
31 9
32 4
33 4
34 2
35 36
36 7
37 6
38 4
39 106
40 66
41 106
42 107
43 172
44 221
45 66
46 186
47 133
48 88
49 8
50 1
51 11
52 18
53 4
54 9
55 4
56 4
57 4
58 3
59 9
60 4
61 15
62 13
63 8
64 4
65 18
66 38
67 7
68 2
69 23
70 2
71 4
72 2
73 8
74 2
75 17
76 1
77 4
78 44
79 215
80 18
81 2
82 5
83 2
84 4
85 4
86 20
87 9
88 5
89 20
90 9
91 51
92 13
93 4
94 9
95 7
96 4
97 4
98 10
99 96
100 48
101 5
102 4
103 12
104 14
105 14
106 7
107 7
108 40
109 12
110 9
111 18
112 54
113 4
114 3
115 0
116 5
117 9
118 8
119 3
120 91
121 73
122 12
123 5
124 61
125 5
126 61
127 33
128 133
129 41
130 54
131 8
132 8
133 22
134 45
135 211
136 109
137 109
138 63
139 12
140 13
141 73
142 19
143 32
144 133
145 158
146 2
147 2
148 4
149 16
150 2
151 4
152 2
153 9
154 2
155 2
156 2
157 2
158 36
159 24
160 44
161 0
162 0
163 1
164 1
165 1
166 0
167 0
168 0
169 3
170 13
171 24
172 24
173 69
174 130
175 36
176 71
177 12
178 35
179 97
180 133
181 106
182 172
183 7
184 7
185 6
186 6
187 5
188 5
189 2
190 13
191 2
192 47
193 110
194 86
195 399
196 107
197 133
198 265
199 53
200 61
201 76
202 20
203 179
204 107
205 23
206 60
207 66
208 38
209 18
210 58
211 33
212 7
213 4
214 9
215 5
216 4
217 2
218 6
219 236
220 29
221 249
222 83
223 115
224 15
225 23
226 44
227 20
228 9
229 2
230 7
231 4
232 4
233 4
234 9
235 2
236 5
237 7
238 1
239 7
240 97
241 122
242 8
243 5
244 1
245 6
246 6
247 133
248 38
249 51
250 46
251 21
252 12
253 18
254 46
255 27
256 17
257 4
258 4
259 0
260 18
261 5
262 4
263 7
264 25
265 23
266 7
267 31
268 6
269 3
270 18
271 9
272 9
273 6
274 18
275 7
276 5
277 11
278 9
279 9
280 4
281 7
282 4
283 4
284 14
285 9
286 4
287 2
288 2
289 1
290 3
291 5
292 2
293 100
294 7
295 35
296 13
297 34
298 15
299 11
300 25
301 27
302 32
303 60
304 55
305 8
306 4
307 2
308 2
309 2
310 2
311 62
312 7
313 4
314 4
315 4
316 12
317 13
318 14
319 4
320 42
321 18
322 10
323 22
324 22
325 11
326 56
327 21
328 3
329 2
330 49
331 12
332 1
333 18
334 9
335 11
336 2
337 11
338 2
339 4
340 7
341 4
342 4
343 5
344 2
345 2
346 4
347 7
348 9
349 43
350 53
351 53
352 13
353 27
354 4
355 4
356 4
357 2
358 3
359 12
360 9
361 17
362 12
363 6
364 6
365 2
366 29
367 24
368 26
369 13
370 0
371 49
372 9
373 10
374 4
375 32
376 14
377 30
378 78
379 0
380 19
381 40
382 13
383 16
384 133
385 18
386 5
387 9
388 13
389 5
390 1
391 12
392 32
393 12
394 1
395 1
396 65
397 65
398 0
399 8
400 15
401 15
402 23
403 3
404 182
405 125
406 182
407 12
408 125
409 91
410 109
411 146
412 25
413 48
414 81
415 81
416 7
417 4
418 4
419 4
420 3
421 4
422 2
423 8
424 72
425 51
426 3
427 14
428 6
429 4
430 4
431 1
432 12
433 1
434 11
435 2
436 16
437 8
438 6
439 3
440 5
441 21
442 2
443 6
444 4
445 7
446 18
447 7
448 6
449 12
450 5
451 5
452 2
453 4
454 6
455 16
456 10
457 16
458 5
459 5
460 134
461 33
462 8
463 64
464 221
465 106
466 168
467 113
468 193
469 215
470 62
471 160
472 84
473 101
474 51
475 15
476 70
477 0
478 106
479 221
480 21
481 4
482 4
483 2
484 2
485 8
486 8
487 9
488 5
489 13
490 4
491 11
492 4
493 7
494 5
495 22
496 2
497 94
498 5
499 51
500 51
501 219
502 101
503 182
504 13
505 13
506 13
507 13
508 5
509 5
510 19
511 19
512 2
513 2
514 4
515 4
516 5
517 29
518 5
519 4
520 29
521 35
522 5
523 18
524 46
525 72
526 40
527 12
528 8
529 2
530 7
531 4
532 237
533 109
534 5
535 21
536 42
537 134
538 64
539 107
540 80
541 150
542 86
543 107
544 130
545 98
546 537
547 88
548 9
549 12
550 12
551 11
552 1
553 2
554 7
555 3
556 11
557 20
558 23
559 44
560 11
561 72
562 34
563 18
564 21
565 44
566 9
567 22
568 11
569 64
570 33
571 11
572 40
573 18
574 186
575 110
576 36
577 13
578 11
579 20
580 20
581 7
582 10
583 21
584 12
585 13
586 18
587 72
588 53
589 4
590 4
591 12
592 2
593 2
594 22
595 35
596 1
597 5
598 2
599 2
600 3
601 0
602 4
603 4
604 3
605 15
606 11
607 7
608 14
609 5
610 4
611 4
612 28
613 129
614 33
615 72
616 24
617 13
618 2
619 4
620 4
621 35
622 18
623 0
624 13
625 13
626 11
627 17
628 9
629 4
630 9
631 7
632 9
633 4
634 9
635 9
636 4
637 1
638 9
639 3
640 9
641 2
642 43
643 9
644 9
645 31
646 44
647 107
648 31
649 100
650 2
651 18
652 18
653 22
654 0
655 4
656 2
657 36
658 9
659 44
660 11
661 18
662 18
663 7
664 9
665 11
666 4
667 6
668 18
669 2
670 9
671 4
672 4
673 9
674 9
675 7
676 43
677 65
678 43
679 59
680 21
681 13
682 9
683 9
684 5
685 4
686 4
687 24
688 18
689 10
690 2
691 15
692 27
693 4
694 18
695 4
696 8
697 4
698 9
699 31
700 16
701 2
702 22
703 35
704 24
705 12
706 8
707 9
708 4
709 0
710 4
711 8
712 12
713 10042
714 146
715 50
716 24
717 36
718 75
719 146
720 146
721 18
722 50
723 176
724 194
725 17
726 122
727 12
728 474
;

param Ttarget := 
1 1 1000
2 1 1000
3 1 1000
4 1 1000
5 1 500
6 1 500
7 1 500
8 1 500
1 2 1000
2 2 1000
3 2 1000
4 2 1000
5 2 500
6 2 500
7 2 500
8 2 500
1 3 1000
2 3 1000
3 3 1000
4 3 1000
5 3 500
6 3 500
7 3 500
8 3 500
1 4 1000
2 4 1000
3 4 1000
4 4 1000
5 4 500
6 4 500
7 4 500
8 4 500
1 5 1000
2 5 1000
3 5 1000
4 5 1000
5 5 500
6 5 500
7 5 500
8 5 500
;

set Olgerdin := 
84 
115 
116 
117 
118 
119 
120 
121 
122 
123 
124 
125 
126 
127 
128 
129 
130 
131 
132 
133 
134 
139 
156 
162 
163 
166 
379 
380 
404 
405 
406 
407 
408 
409 
410 
411 
412 
413 
414 
415 
416 
460 
461 
462 
463 
464 
465 
466 
467 
468 
469 
470 
471 
472 
473 
474 
475 
476 
477 
478 
479 
480 
481 
482 
483 
484 
485 
486 
487 
488 
489 
490 
491 
492 
493 
494 
495 
496 
497 
498 
499 
500 
501 
502 
503 
712 
713 
714 
715 
716 
717 
718 
719 
720 
721 
722 
723 
724 
725 
726 
727 
;
set Cola := 
1 
2 
3 
4 
5 
6 
7 
8 
9 
10 
11 
12 
13 
14 
15 
16 
17 
18 
19 
20 
21 
135 
136 
137 
138 
153 
160 
165 
168 
521 
522 
523 
524 
525 
526 
527 
528 
529 
530 
531 
532 
533 
534 
535 
536 
537 
;
set Globus := 
22 
23 
24 
25 
26 
27 
28 
29 
30 
31 
32 
33 
34 
35 
36 
37 
38 
39 
40 
41 
42 
43 
44 
45 
46 
47 
48 
49 
50 
51 
52 
53 
54 
55 
56 
57 
58 
59 
60 
61 
62 
63 
64 
66 
67 
68 
69 
70 
71 
72 
73 
75 
98 
99 
100 
101 
102 
149 
150 
151 
152 
184 
428 
538 
539 
540 
541 
542 
543 
544 
545 
546 
547 
557 
558 
559 
560 
561 
562 
563 
564 
565 
566 
585 
586 
587 
588 
621 
622 
623 
624 
625 
626 
627 
628 
629 
630 
631 
632 
651 
;
set Vintrio := 
427 
548 
549 
550 
551 
552 
553 
554 
555 
556 
567 
568 
569 
570 
571 
572 
573 
574 
575 
576 
577 
578 
579 
580 
581 
582 
583 
584 
;
set Brugghusstedja := 
140 
141 
142 
143 
161 
;
set Dista := 
170 
171 
172 
173 
174 
175 
176 
177 
178 
179 
180 
181 
182 
183 
424 
;
set Bakkus := 
76 
77 
78 
79 
80 
642 
643 
644 
645 
646 
647 
648 
649 
650 
652 
653 
654 
655 
656 
657 
658 
659 
660 
661 
662 
663 
664 
665 
666 
667 
668 
669 
670 
671 
672 
673 
674 
675 
;
set Mekka := 
65 
155 
185 
186 
187 
188 
189 
190 
191 
192 
193 
194 
195 
196 
197 
198 
199 
200 
201 
202 
203 
204 
205 
206 
207 
208 
209 
210 
211 
212 
213 
214 
215 
216 
217 
218 
219 
220 
221 
222 
223 
224 
225 
226 
227 
612 
;
set Eimskip := 
74 
164 
230 
231 
232 
233 
234 
235 
236 
237 
238 
239 
240 
242 
243 
244 
247 
248 
249 
250 
251 
252 
253 
254 
255 
256 
257 
258 
259 
260 
261 
262 
263 
264 
265 
266 
267 
268 
269 
270 
271 
272 
273 
274 
275 
276 
277 
278 
279 
280 
281 
282 
283 
284 
285 
286 
293 
294 
295 
296 
297 
298 
299 
300 
301 
302 
311 
312 
313 
314 
315 
316 
317 
318 
319 
320 
321 
322 
323 
324 
325 
326 
333 
334 
335 
336 
337 
338 
339 
340 
341 
342 
343 
344 
345 
346 
347 
348 
354 
355 
356 
357 
358 
367 
368 
369 
370 
371 
373 
374 
390 
391 
392 
393 
394 
395 
398 
399 
400 
401 
402 
403 
425 
426 
429 
641 
676 
677 
678 
679 
680 
681 
682 
683 
684 
685 
686 
691 
692 
693 
694 
695 
696 
697 
698 
705 
706 
707 
;
set Samskip := 
85 
91 
92 
93 
94 
95 
96 
97 
103 
104 
105 
106 
107 
112 
144 
145 
154 
157 
167 
228 
229 
287 
289 
290 
291 
292 
303 
304 
305 
306 
307 
308 
309 
310 
327 
328 
329 
359 
360 
361 
362 
363 
364 
365 
366 
372 
375 
376 
377 
378 
381 
382 
383 
384 
385 
386 
387 
388 
389 
417 
418 
419 
420 
421 
422 
423 
430 
431 
432 
433 
434 
435 
436 
437 
441 
442 
444 
445 
446 
447 
448 
449 
594 
595 
596 
597 
598 
599 
600 
601 
602 
603 
604 
605 
606 
607 
608 
609 
610 
611 
613 
614 
615 
616 
617 
618 
619 
620 
633 
634 
635 
636 
637 
638 
639 
640 
687 
688 
689 
690 
699 
700 
701 
702 
703 
704 
;
set Bannlisti := 
;
set Fixlisti := 
;
end;
