param S := 770;
param T := 8;
param D := 5;
param windowsize := 0;

param O := 
1 1
2 0
3 0
4 0
5 0
6 0
7 0
8 0
;

param EIM := 
1 0
2 0
3 0
4 0
5 0
6 0
7 1
8 0
;

param SAM := 
1 0
2 0
3 0
4 0
5 0
6 0
7 0
8 1
;

param A := 
1 4
2 9
3 16
4 9
5 4
6 12
7 47
8 11
9 11
10 6
11 2
12 29
13 36
14 152
15 241
16 7
17 37
18 16
19 72
20 68
21 44
22 24
23 146
24 18
25 474
26 79
27 73
28 63
29 267
30 12
31 0
32 7
33 45
34 129
35 221
36 16
37 11
38 27
39 12
40 20
41 58
42 4
43 6
44 10
45 4
46 7
47 7
48 12
49 6
50 7
51 18
52 44
53 22
54 8
55 110
56 38
57 150
58 215
59 203
60 221
61 102
62 18
63 30
64 14
65 6
66 12
67 6
68 4
69 18
70 4
71 7
72 18
73 54
74 54
75 7
76 7
77 1
78 4
79 18
80 6
81 136
82 11
83 7
84 5
85 2
86 9
87 76
88 92
89 221
90 181
91 11
92 86
93 106
94 56
95 22
96 3
97 7
98 14
99 20
100 4
101 27
102 9
103 58
104 11
105 36
106 27
107 10
108 51
109 5
110 4
111 0
112 3
113 26
114 8
115 81
116 5
117 9
118 22
119 9
120 14
121 2
122 9
123 4
124 4
125 36
126 4
127 1
128 2
129 39
130 251
131 100
132 125
133 162
134 17
135 25
136 24
137 24
138 43
139 150
140 0
141 150
142 36
143 146
144 27
145 9
146 238
147 317
148 103
149 182
150 219
151 36
152 42
153 134
154 26
155 63
156 16
157 37
158 107
159 88
160 80
161 88
162 106
163 107
164 133
165 187
166 122
167 716
168 40
169 71
170 111
171 160
172 166
173 88
174 18
175 72
176 143
177 27
178 186
179 8
180 4
181 17
182 9
183 4
184 14
185 10
186 27
187 5
188 35
189 18
190 44
191 13
192 18
193 44
194 22
195 1
196 1
197 11
198 4
199 1
200 9
201 4
202 106
203 53
204 53
205 53
206 7
207 3
208 49
209 10
210 9
211 25
212 53
213 2
214 35
215 38
216 318
217 530
218 56
219 40
220 31
221 22
222 2
223 12
224 10
225 9
226 4
227 4
228 22
229 44
230 35
231 27
232 8
233 35
234 7
235 5
236 14
237 9
238 4
239 7
240 83
241 35
242 7
243 28
244 21
245 27
246 21
247 18
248 8
249 14
250 3
251 0
252 106
253 9
254 37
255 4
256 19
257 16
258 5
259 3
260 19
261 19
262 16
263 7
264 0
265 1
266 90
267 90
268 34
269 13
270 9
271 11
272 5
273 2
274 134
275 43
276 11
277 134
278 91
279 243
280 29
281 4
282 7
283 7
284 13
285 7
286 12
287 12
288 4
289 7
290 7
291 9
292 13
293 9
294 4
295 91
296 19
297 7
298 73
299 91
300 221
301 221
302 88
303 107
304 133
305 106
306 100
307 0
308 26
309 5
310 9
311 6
312 8
313 7
314 7
315 474
316 36
317 60
318 56
319 18
320 11
321 2
322 9
323 10
324 8
325 40
326 7
327 11
328 2
329 18
330 2
331 9
332 9
333 14
334 19
335 9
336 4
337 8
338 10
339 4
340 0
341 2
342 118
343 44
344 25
345 16
346 62
347 52
348 109
349 106
350 127
351 7
352 84
353 75
354 4
355 12
356 2
357 80
358 150
359 186
360 52
361 12
362 17
363 1
364 0
365 2
366 9
367 14
368 16
369 18
370 21
371 9
372 8
373 119
374 107
375 156
376 20
377 4
378 22
379 36
380 12
381 12
382 40
383 11
384 2
385 2
386 22
387 72
388 13
389 37
390 52
391 36
392 4
393 7
394 2
395 7
396 2
397 2
398 1
399 10
400 4
401 8
402 1
403 7
404 24
405 35
406 203
407 14
408 14
409 16
410 8
411 1
412 0
413 6
414 8
415 3
416 18
417 13
418 37
419 38
420 9
421 2
422 7
423 12
424 12
425 7
426 2
427 56
428 56
429 74
430 7
431 70
432 24
433 81
434 14
435 0
436 12
437 24
438 2
439 2
440 2
441 18
442 133
443 53
444 13
445 9
446 18
447 4
448 20
449 13
450 13
451 18
452 16
453 4
454 9
455 11
456 14
457 21
458 0
459 177
460 238
461 274
462 219
463 73
464 125
465 122
466 56
467 3
468 267
469 192
470 487
471 81
472 238
473 81
474 2
475 18
476 28
477 28
478 123
479 17
480 23
481 88
482 9
483 52
484 77
485 12
486 48
487 49
488 9
489 4
490 5
491 35
492 18
493 16
494 88
495 72
496 44
497 40
498 4
499 2
500 2
501 5
502 2
503 32
504 22
505 7
506 4
507 42
508 2
509 36
510 0
511 40
512 4
513 2
514 2
515 265
516 212
517 86
518 150
519 86
520 133
521 106
522 221
523 66
524 129
525 6
526 38
527 4
528 17
529 7
530 4
531 12
532 4
533 11
534 4
535 4
536 16
537 27
538 23
539 72
540 44
541 114
542 13
543 177
544 34
545 9
546 22
547 5
548 5
549 134
550 0
551 14
552 5
553 46
554 15
555 55
556 129
557 133
558 22
559 80
560 86
561 7
562 22
563 36
564 0
565 9
566 24
567 2
568 162
569 13
570 26
571 36
572 86
573 86
574 95
575 36
576 6
577 48
578 13
579 4
580 9
581 18
582 12
583 49
584 16
585 28
586 100
587 55
588 45
589 265
590 126
591 10
592 3
593 8
594 27
595 0
596 7
597 9
598 9
599 2
600 4
601 2
602 9
603 5
604 24
605 3
606 5
607 8
608 0
609 5
610 7
611 4
612 2
613 4
614 4
615 2
616 5
617 1
618 31
619 37
620 22
621 2
622 9
623 12
624 2
625 4
626 8
627 9
628 35
629 9
630 26
631 97
632 97
633 7
634 27
635 8
636 0
637 12
638 40
639 62
640 20
641 13
642 4
643 4
644 9
645 9
646 8
647 52
648 2
649 8
650 7
651 0
652 9
653 12
654 42
655 150
656 109
657 47
658 133
659 12
660 9
661 152
662 53
663 110
664 62
665 79
666 24
667 38
668 62
669 80
670 33
671 36
672 257
673 44
674 27
675 39
676 17
677 4
678 24
679 23
680 49
681 1
682 4
683 9
684 5
685 4
686 7
687 4
688 49
689 35
690 78
691 117
692 22
693 18
694 18
695 4
696 5
697 12
698 6
699 2
700 5
701 250
702 2
703 133
704 45
705 88
706 4
707 122
708 72
709 13
710 11
711 9
712 64
713 141
714 106
715 177
716 86
717 130
718 130
719 17
720 59
721 71
722 40
723 0
724 36
725 94
726 42
727 399
728 85
729 86
730 12
731 62
732 11
733 36
734 6
735 6
736 6
737 5
738 9
739 6
740 10
741 0
742 10
743 1
744 13
745 13
746 0
747 24
748 3
749 15
750 61
751 16
752 27
753 16
754 25
755 2
756 88
757 9
758 9
759 11
760 9
761 2
762 16
763 146
764 6
765 122
766 6
767 226
768 100
769 201
770 150
;

param Ttarget := 
1 1 1000
2 1 1000
3 1 1000
4 1 1000
5 1 500
6 1 500
7 1 500
8 1 500
1 2 1000
2 2 1000
3 2 1000
4 2 1000
5 2 500
6 2 500
7 2 500
8 2 500
1 3 1000
2 3 1000
3 3 1000
4 3 1000
5 3 500
6 3 500
7 3 500
8 3 500
1 4 1000
2 4 1000
3 4 1000
4 4 1000
5 4 500
6 4 500
7 4 500
8 4 500
1 5 1000
2 5 1000
3 5 1000
4 5 1000
5 5 500
6 5 500
7 5 500
8 5 500
;

set Olgerdin := 
30 
130 
131 
132 
133 
134 
135 
136 
137 
138 
139 
140 
141 
142 
143 
144 
145 
146 
197 
198 
266 
267 
268 
269 
270 
271 
272 
273 
274 
275 
276 
277 
278 
279 
280 
281 
282 
283 
284 
285 
286 
287 
288 
289 
290 
291 
292 
293 
294 
295 
296 
297 
298 
299 
300 
301 
302 
303 
304 
305 
306 
307 
310 
311 
312 
313 
314 
316 
317 
318 
319 
320 
321 
322 
323 
324 
325 
460 
461 
462 
463 
464 
465 
466 
467 
468 
469 
470 
471 
472 
473 
474 
475 
476 
477 
478 
479 
480 
481 
482 
483 
484 
485 
507 
508 
654 
655 
656 
657 
658 
659 
660 
661 
662 
663 
664 
665 
666 
667 
668 
761 
762 
763 
764 
765 
766 
767 
768 
769 
;
set Cola := 
5 
6 
7 
17 
18 
19 
20 
21 
22 
23 
24 
25 
26 
27 
28 
29 
147 
148 
149 
150 
151 
152 
153 
154 
155 
156 
308 
309 
315 
327 
328 
329 
330 
331 
332 
333 
334 
347 
348 
349 
350 
351 
352 
486 
487 
491 
492 
493 
494 
495 
496 
497 
498 
499 
509 
510 
549 
550 
647 
691 
;
set Globus := 
157 
158 
159 
160 
161 
162 
163 
164 
165 
166 
167 
168 
169 
170 
171 
172 
173 
174 
175 
176 
177 
178 
179 
180 
181 
182 
183 
184 
185 
186 
187 
188 
189 
190 
191 
192 
193 
194 
515 
516 
517 
518 
519 
520 
521 
522 
523 
524 
525 
526 
527 
528 
529 
530 
531 
532 
533 
534 
535 
536 
537 
538 
539 
540 
541 
542 
543 
544 
545 
546 
547 
548 
697 
699 
700 
701 
702 
703 
704 
705 
706 
707 
708 
709 
710 
711 
712 
713 
714 
715 
716 
717 
;
set Vintrio := 
31 
32 
33 
34 
35 
36 
37 
38 
39 
40 
63 
253 
353 
354 
355 
356 
357 
358 
359 
360 
361 
362 
;
set Brugghusstedja := 
;
set Dista := 
252 
551 
552 
553 
554 
555 
556 
557 
558 
559 
560 
561 
562 
563 
564 
565 
566 
567 
568 
569 
570 
571 
572 
573 
574 
575 
576 
577 
582 
718 
719 
720 
721 
;
set Bakkus := 
52 
53 
54 
55 
56 
57 
58 
59 
60 
61 
62 
245 
246 
247 
248 
249 
366 
367 
368 
369 
370 
371 
372 
373 
374 
375 
376 
377 
378 
406 
723 
724 
;
set Mekka := 
199 
200 
201 
202 
203 
204 
205 
206 
207 
208 
209 
210 
211 
212 
213 
214 
215 
216 
217 
725 
726 
727 
728 
729 
730 
731 
732 
733 
734 
735 
736 
737 
738 
739 
740 
744 
745 
;
set Eimskip := 
81 
82 
83 
84 
85 
87 
88 
89 
90 
91 
92 
93 
94 
95 
96 
97 
98 
102 
103 
104 
105 
106 
107 
108 
109 
113 
115 
116 
117 
118 
119 
120 
121 
122 
123 
195 
196 
219 
220 
221 
222 
223 
224 
242 
364 
365 
382 
383 
386 
387 
388 
390 
392 
393 
394 
395 
396 
397 
403 
404 
405 
407 
408 
409 
410 
411 
412 
413 
414 
415 
416 
417 
418 
419 
458 
459 
584 
585 
586 
587 
588 
589 
590 
591 
592 
593 
601 
602 
603 
604 
605 
606 
617 
618 
621 
622 
623 
624 
625 
626 
627 
628 
629 
630 
631 
632 
633 
634 
635 
638 
639 
640 
641 
642 
643 
644 
645 
646 
698 
748 
;
set Samskip := 
1 
2 
3 
4 
8 
9 
10 
11 
12 
13 
14 
15 
16 
41 
42 
43 
44 
45 
46 
47 
48 
49 
50 
51 
64 
65 
66 
67 
68 
69 
70 
71 
72 
73 
74 
75 
76 
77 
78 
79 
80 
86 
99 
100 
101 
110 
111 
112 
114 
124 
125 
126 
127 
225 
226 
227 
228 
229 
230 
231 
232 
233 
234 
235 
236 
237 
238 
239 
240 
241 
243 
244 
258 
259 
260 
261 
262 
263 
264 
265 
326 
335 
336 
337 
338 
339 
340 
341 
342 
343 
344 
345 
346 
379 
380 
381 
384 
385 
389 
391 
420 
421 
422 
423 
424 
425 
426 
427 
428 
429 
430 
431 
432 
433 
434 
435 
436 
437 
438 
439 
440 
441 
442 
443 
444 
445 
446 
447 
448 
449 
450 
451 
452 
453 
454 
455 
456 
457 
488 
489 
490 
503 
504 
505 
506 
511 
512 
513 
514 
580 
581 
583 
594 
595 
596 
597 
598 
599 
600 
607 
608 
609 
610 
611 
612 
613 
614 
615 
616 
619 
620 
636 
637 
669 
670 
671 
672 
673 
674 
675 
676 
681 
682 
683 
684 
685 
686 
687 
688 
689 
690 
692 
693 
694 
695 
696 
722 
741 
742 
743 
746 
747 
749 
750 
751 
753 
754 
755 
756 
757 
758 
759 
760 
;
set Bannlisti := 
;
set Fixlisti := 
;
end;
