param S := 889;
param T := 8;
param D := 5;
param windowsize := 0;

param O := 
1 1
2 0
3 0
4 0
5 0
6 0
7 0
8 0
;

param EIM := 
1 0
2 0
3 0
4 0
5 0
6 0
7 1
8 0
;

param SAM := 
1 0
2 0
3 0
4 0
5 0
6 0
7 0
8 1
;

param A := 
1 201
2 63
3 95
4 84
5 24
6 61
7 158
8 18
9 11
10 2
11 4
12 9
13 9
14 18
15 18
16 22
17 14
18 18
19 14
20 18
21 1
22 5
23 39
24 18
25 17
26 13
27 97
28 133
29 21
30 61
31 2
32 9
33 24
34 24
35 1
36 12
37 12
38 23
39 43
40 69
41 17
42 36
43 36
44 9
45 17
46 4
47 44
48 22
49 0
50 81
51 106
52 46
53 11
54 8
55 8
56 8
57 4
58 6
59 10
60 27
61 37
62 88
63 222
64 221
65 100
66 9
67 7
68 6
69 4
70 221
71 94
72 231
73 90
74 411
75 86
76 53
77 106
78 0
79 80
80 40
81 0
82 7
83 5
84 1
85 14
86 7
87 8
88 70
89 0
90 3
91 3
92 2
93 2
94 2
95 2
96 4
97 4
98 7
99 4
100 18
101 2
102 2
103 4
104 8
105 12
106 5
107 11
108 2
109 5
110 2
111 14
112 2
113 4
114 43
115 9
116 52
117 35
118 11
119 48
120 2
121 5
122 5
123 1
124 5
125 17
126 110
127 11
128 4
129 66
130 9
131 29
132 9
133 7
134 2
135 133
136 83
137 86
138 11
139 22
140 18
141 106
142 59
143 2
144 7
145 55
146 5
147 3
148 9
149 2
150 10
151 4
152 14
153 5
154 4
155 2
156 2
157 13
158 27
159 18
160 22
161 72
162 66
163 4
164 4
165 8
166 2
167 2
168 11
169 7
170 4
171 2
172 4
173 2
174 2
175 2
176 9
177 5
178 8
179 20
180 42
181 46
182 21
183 21
184 46
185 27
186 63
187 39
188 16
189 4
190 5
191 6
192 14
193 9
194 5
195 13
196 11
197 9
198 13
199 4
200 0
201 5
202 4
203 3
204 8
205 7
206 9
207 8
208 76
209 5
210 8
211 9
212 16
213 11
214 18
215 8
216 4
217 2
218 15
219 8
220 8
221 23
222 18
223 40
224 44
225 13
226 5
227 72
228 18
229 4
230 4
231 65
232 65
233 1
234 65
235 9
236 4
237 4
238 2
239 1
240 1
241 1
242 3
243 16
244 32
245 1
246 16
247 32
248 32
249 1
250 32
251 0
252 1
253 32
254 32
255 1
256 9
257 4
258 12
259 9
260 9
261 3
262 49
263 24
264 24
265 20
266 13
267 55
268 9
269 15
270 133
271 14
272 32
273 32
274 12
275 12
276 12
277 6
278 11
279 32
280 10
281 14
282 20
283 6
284 134
285 5
286 5
287 100
288 9
289 5
290 12
291 17
292 25
293 36
294 6
295 25
296 18
297 73
298 73
299 5
300 25
301 79
302 7
303 79
304 0
305 52
306 19
307 106
308 219
309 36
310 13
311 109
312 2
313 3
314 20
315 106
316 107
317 133
318 122
319 221
320 66
321 129
322 186
323 11
324 106
325 64
326 65
327 146
328 52
329 265
330 106
331 88
332 141
333 86
334 27
335 13
336 6
337 11
338 4
339 13
340 9
341 99
342 14
343 219
344 42
345 14
346 3
347 3
348 2
349 4
350 7
351 12
352 54
353 21
354 7
355 24
356 8
357 1
358 1
359 0
360 161
361 8
362 80
363 9
364 44
365 36
366 110
367 80
368 36
369 36
370 72
371 44
372 7
373 4
374 11
375 134
376 110
377 27
378 22
379 10
380 20
381 2
382 20
383 2
384 2
385 8
386 4
387 2
388 4
389 2
390 2
391 182
392 201
393 106
394 12
395 18
396 44
397 88
398 13
399 18
400 36
401 4
402 3
403 3
404 2
405 4
406 2
407 3
408 7
409 4
410 2
411 1
412 3
413 12
414 9
415 8
416 8
417 2
418 4
419 4
420 0
421 1
422 21
423 83
424 59
425 36
426 9
427 67
428 143
429 13
430 122
431 23
432 110
433 21
434 4
435 27
436 21
437 11
438 3
439 9
440 4
441 17
442 9
443 88
444 34
445 55
446 72
447 44
448 40
449 22
450 44
451 62
452 20
453 24
454 36
455 20
456 8
457 91
458 76
459 111
460 34
461 88
462 36
463 43
464 8
465 2
466 1
467 16
468 5
469 21
470 13
471 4
472 6
473 4
474 2
475 12
476 4
477 22
478 32
479 22
480 12
481 20
482 10
483 7
484 24
485 8
486 9
487 4
488 7
489 8
490 4
491 4
492 65
493 8
494 5
495 13
496 9
497 4
498 4
499 9
500 9
501 4
502 7
503 4
504 4
505 2
506 6
507 4
508 4
509 44
510 13
511 13
512 21
513 15
514 95
515 11
516 76
517 110
518 51
519 3
520 18
521 2
522 274
523 274
524 50
525 318
526 221
527 96
528 107
529 7
530 2
531 4
532 4
533 2
534 4
535 3
536 2
537 4
538 2
539 9
540 2
541 2
542 2
543 2
544 3
545 3
546 2
547 14
548 4
549 20
550 4
551 24
552 12
553 19
554 2
555 12
556 5
557 13
558 69
559 60
560 24
561 36
562 17
563 54
564 88
565 8
566 9
567 2
568 31
569 4
570 4
571 29
572 4
573 2
574 5
575 46
576 72
577 28
578 129
579 110
580 36
581 305
582 52
583 13
584 137
585 27
586 22
587 5
588 51
589 10
590 9
591 28
592 70
593 100
594 106
595 38
596 55
597 107
598 91
599 106
600 38
601 133
602 85
603 53
604 53
605 106
606 110
607 150
608 265
609 88
610 13
611 36
612 5
613 9
614 6
615 13
616 6
617 3
618 7
619 7
620 3
621 2
622 7
623 27
624 18
625 9
626 27
627 90
628 110
629 2
630 12
631 8
632 7
633 8
634 7
635 9
636 2
637 44
638 9
639 12
640 18
641 9
642 9
643 4
644 9
645 2
646 44
647 4
648 11
649 13
650 13
651 2
652 9
653 9
654 24
655 3
656 36
657 20
658 33
659 8
660 13
661 14
662 11
663 24
664 0
665 49
666 4
667 34
668 5
669 50
670 50
671 55
672 251
673 182
674 11
675 17
676 49
677 81
678 22
679 238
680 7
681 7
682 238
683 7
684 24
685 12
686 11
687 28
688 11
689 52
690 9
691 73
692 4
693 17
694 5
695 22
696 18
697 46
698 72
699 18
700 24
701 37
702 8
703 12
704 107
705 98
706 537
707 86
708 186
709 88
710 64
711 42
712 107
713 106
714 115
715 88
716 150
717 88
718 106
719 106
720 5
721 2
722 2
723 8
724 4
725 4
726 4
727 4
728 44
729 11
730 44
731 4
732 22
733 5
734 2
735 4
736 9
737 4
738 32
739 18
740 9
741 2
742 4
743 60
744 9
745 2
746 2
747 36
748 44
749 44
750 32
751 51
752 22
753 36
754 102
755 90
756 66
757 6
758 9
759 18
760 27
761 7
762 75
763 18
764 104
765 4
766 2
767 9
768 4
769 4
770 9
771 18
772 56
773 22
774 110
775 31
776 14
777 18
778 13
779 4
780 7
781 7
782 9
783 11
784 2
785 12
786 5
787 54
788 1
789 1
790 11
791 4
792 38
793 8
794 8
795 15
796 71
797 2
798 2
799 2
800 2
801 4
802 14
803 2
804 5
805 3
806 7
807 4
808 7
809 4
810 4
811 0
812 3
813 8
814 53
815 4
816 8
817 5
818 10
819 46
820 3
821 23
822 10
823 3
824 1
825 1
826 1
827 3
828 4
829 1
830 1
831 8
832 1
833 3
834 3
835 0
836 8
837 0
838 14
839 12
840 2
841 28
842 28
843 14
844 7
845 1
846 32
847 32
848 12
849 65
850 39
851 60
852 18
853 44
854 107
855 13
856 1
857 1
858 20
859 5
860 61
861 50
862 73
863 11
864 75
865 9
866 12
867 42
868 8
869 62
870 23
871 28
872 3
873 3
874 17
875 5
876 14
877 13
878 17
879 9
880 14
881 4
882 79
883 133
884 106
885 107
886 47
887 7
888 84
889 14
;

param Ttarget := 
1 1 1000
2 1 1000
3 1 1000
4 1 1000
5 1 500
6 1 500
7 1 500
8 1 500
1 2 1000
2 2 1000
3 2 1000
4 2 1000
5 2 500
6 2 500
7 2 500
8 2 500
1 3 1000
2 3 1000
3 3 1000
4 3 1000
5 3 500
6 3 500
7 3 500
8 3 500
1 4 1000
2 4 1000
3 4 1000
4 4 1000
5 4 500
6 4 500
7 4 500
8 4 500
1 5 1000
2 5 1000
3 5 1000
4 5 1000
5 5 500
6 5 500
7 5 500
8 5 500
;

set Olgerdin := 
282 
284 
285 
286 
287 
288 
289 
290 
291 
292 
293 
294 
295 
296 
297 
298 
299 
300 
301 
302 
303 
304 
343 
360 
361 
362 
363 
364 
365 
366 
374 
375 
376 
377 
378 
379 
380 
381 
382 
383 
522 
523 
524 
525 
526 
527 
528 
529 
530 
531 
532 
533 
534 
535 
536 
537 
538 
539 
540 
541 
542 
543 
544 
545 
546 
547 
548 
666 
668 
669 
670 
671 
672 
673 
674 
675 
676 
677 
678 
679 
680 
681 
682 
683 
684 
685 
686 
687 
688 
861 
862 
863 
864 
865 
866 
867 
868 
869 
870 
871 
872 
873 
874 
875 
876 
877 
878 
879 
880 
881 
882 
883 
884 
885 
886 
887 
888 
;
set Cola := 
1 
2 
3 
4 
5 
27 
305 
306 
307 
308 
309 
310 
311 
342 
391 
392 
393 
394 
395 
396 
397 
398 
399 
400 
401 
402 
403 
412 
413 
414 
415 
416 
417 
418 
692 
693 
694 
695 
696 
697 
698 
699 
700 
701 
702 
703 
;
set Globus := 
47 
48 
49 
315 
316 
317 
318 
319 
320 
321 
322 
323 
324 
325 
326 
327 
328 
329 
330 
331 
332 
333 
344 
423 
424 
425 
426 
427 
428 
429 
430 
431 
432 
433 
434 
435 
436 
437 
438 
439 
440 
441 
443 
444 
445 
446 
447 
448 
449 
450 
451 
452 
453 
454 
455 
456 
457 
458 
459 
460 
461 
462 
467 
468 
469 
470 
471 
667 
704 
705 
706 
707 
708 
709 
710 
711 
712 
713 
714 
715 
716 
717 
718 
719 
720 
721 
722 
723 
724 
725 
726 
727 
728 
729 
730 
731 
732 
733 
734 
735 
736 
737 
;
set Vintrio := 
422 
442 
463 
464 
465 
466 
472 
473 
474 
475 
476 
477 
478 
479 
480 
481 
482 
483 
738 
739 
740 
741 
769 
;
set Brugghusstedja := 
336 
689 
690 
691 
;
set Dista := 
35 
36 
37 
38 
39 
40 
41 
42 
43 
44 
45 
46 
50 
51 
52 
53 
54 
334 
551 
552 
553 
554 
555 
556 
557 
558 
559 
560 
561 
562 
563 
564 
565 
566 
567 
568 
569 
570 
571 
;
set Bakkus := 
743 
744 
745 
746 
747 
748 
749 
750 
751 
752 
753 
754 
755 
756 
757 
758 
759 
760 
761 
762 
763 
764 
765 
766 
767 
768 
770 
771 
772 
773 
774 
775 
776 
;
set Mekka := 
55 
56 
57 
58 
59 
60 
61 
62 
63 
64 
65 
66 
67 
68 
69 
70 
71 
72 
73 
74 
75 
76 
77 
78 
314 
574 
575 
576 
577 
578 
579 
580 
581 
582 
583 
584 
585 
586 
587 
588 
589 
590 
591 
592 
593 
594 
595 
596 
597 
598 
599 
600 
601 
602 
603 
604 
605 
606 
607 
608 
609 
610 
611 
612 
613 
614 
615 
616 
;
set Eimskip := 
80 
81 
82 
83 
84 
85 
86 
87 
92 
93 
94 
95 
96 
97 
98 
99 
100 
101 
102 
103 
104 
105 
106 
107 
108 
109 
110 
111 
112 
113 
114 
115 
116 
117 
118 
119 
120 
121 
122 
123 
124 
125 
126 
127 
128 
129 
130 
131 
132 
133 
134 
135 
136 
137 
138 
139 
140 
141 
142 
143 
144 
145 
146 
147 
148 
149 
150 
151 
152 
153 
154 
155 
156 
157 
158 
159 
160 
161 
162 
163 
164 
165 
166 
167 
168 
169 
170 
171 
172 
173 
174 
175 
176 
177 
178 
179 
180 
181 
182 
183 
184 
185 
186 
187 
188 
189 
190 
191 
192 
193 
194 
195 
196 
197 
198 
199 
200 
201 
202 
203 
204 
205 
206 
207 
208 
209 
210 
211 
212 
213 
214 
215 
216 
217 
218 
219 
220 
221 
222 
233 
234 
235 
236 
237 
238 
239 
240 
241 
242 
243 
244 
245 
246 
247 
248 
249 
250 
251 
252 
253 
254 
255 
270 
271 
272 
273 
274 
275 
276 
277 
278 
279 
313 
341 
492 
513 
514 
515 
516 
517 
518 
519 
520 
550 
572 
573 
617 
618 
619 
620 
625 
626 
627 
628 
629 
630 
631 
632 
637 
638 
639 
787 
790 
791 
792 
793 
794 
795 
796 
813 
814 
815 
816 
817 
818 
819 
820 
821 
822 
823 
824 
825 
826 
827 
828 
829 
830 
831 
832 
833 
834 
835 
836 
837 
845 
846 
847 
848 
849 
;
set Samskip := 
6 
7 
8 
9 
10 
11 
12 
13 
14 
15 
16 
17 
18 
19 
20 
21 
22 
23 
24 
25 
26 
28 
29 
30 
31 
32 
33 
34 
79 
88 
89 
90 
91 
223 
224 
225 
226 
227 
228 
229 
230 
256 
257 
258 
259 
260 
261 
265 
266 
267 
268 
269 
280 
281 
312 
335 
337 
338 
339 
340 
345 
346 
347 
348 
349 
350 
351 
352 
353 
354 
355 
356 
367 
368 
369 
370 
371 
372 
373 
384 
385 
386 
387 
388 
389 
390 
404 
405 
406 
407 
408 
409 
410 
411 
419 
420 
421 
484 
485 
487 
488 
489 
490 
491 
493 
494 
495 
496 
497 
498 
499 
500 
501 
502 
503 
504 
505 
506 
507 
508 
509 
510 
511 
621 
622 
623 
624 
633 
634 
635 
636 
640 
641 
642 
643 
644 
645 
646 
647 
648 
649 
650 
651 
652 
653 
654 
655 
656 
657 
658 
659 
660 
661 
742 
777 
778 
779 
780 
781 
788 
789 
806 
807 
838 
839 
840 
841 
842 
843 
844 
850 
851 
852 
853 
854 
855 
856 
857 
;
set Bannlisti := 
;
set Fixlisti := 
;
end;
