param S := 641;
param T := 8;
param D := 5;
param windowsize := 0;

param O := 
1 1
2 0
3 0
4 0
5 0
6 0
7 0
8 0
;

param EIM := 
1 0
2 0
3 0
4 0
5 0
6 0
7 1
8 0
;

param SAM := 
1 0
2 0
3 0
4 0
5 0
6 0
7 0
8 1
;

param A := 
1 106
2 36
3 140
4 84
5 134
6 103
7 9
8 9
9 24
10 4
11 24
12 39
13 33
14 104
15 141
16 86
17 106
18 122
19 106
20 66
21 86
22 129
23 14
24 8
25 18
26 13
27 40
28 305
29 83
30 44
31 106
32 257
33 295
34 13
35 18
36 38
37 24
38 13
39 22
40 177
41 9
42 22
43 44
44 18
45 7
46 27
47 5
48 2
49 0
50 1
51 2
52 0
53 2
54 2
55 1
56 5
57 6
58 6
59 6
60 222
61 106
62 110
63 94
64 58
65 90
66 150
67 13
68 9
69 5
70 13
71 4
72 7
73 157
74 610
75 38
76 18
77 14
78 18
79 5
80 7
81 24
82 2
83 4
84 2
85 22
86 24
87 9
88 22
89 9
90 13
91 12
92 4
93 4
94 4
95 9
96 9
97 9
98 4
99 127
100 22
101 11
102 44
103 2
104 11
105 9
106 34
107 2
108 4
109 11
110 8
111 3
112 37
113 2
114 8
115 9
116 17
117 12
118 3
119 8
120 133
121 44
122 44
123 20
124 3
125 4
126 3
127 73
128 7
129 27
130 27
131 18
132 18
133 18
134 34
135 91
136 36
137 91
138 55
139 109
140 73
141 535
142 11
143 100
144 133
145 221
146 193
147 4
148 6
149 2
150 4
151 4
152 40
153 16
154 13
155 4
156 4
157 2
158 4
159 55
160 22
161 13
162 8
163 36
164 52
165 401
166 63
167 86
168 134
169 2
170 7
171 11
172 27
173 13
174 27
175 13
176 158
177 129
178 42
179 265
180 106
181 115
182 107
183 107
184 122
185 133
186 15
187 213
188 274
189 274
190 305
191 91
192 76
193 22
194 243
195 284
196 284
197 11
198 11
199 19
200 8
201 49
202 30
203 9
204 2
205 12
206 24
207 12
208 60
209 9
210 48
211 36
212 48
213 24
214 17
215 8
216 12
217 12
218 1
219 12
220 20
221 107
222 129
223 133
224 44
225 44
226 106
227 5
228 14
229 5
230 6
231 1
232 11
233 10
234 22
235 9
236 44
237 68
238 44
239 21
240 102
241 40
242 88
243 22
244 16
245 13
246 4
247 7
248 9
249 3
250 9
251 18
252 18
253 18
254 14
255 13
256 14
257 14
258 14
259 5
260 7
261 4
262 110
263 22
264 9
265 20
266 168
267 8
268 30
269 91
270 17
271 8
272 8
273 5
274 0
275 1
276 16
277 6
278 2
279 44
280 4
281 18
282 0
283 2
284 1
285 16
286 7
287 1
288 3
289 1
290 1
291 12
292 14
293 12
294 1
295 28
296 56
297 14
298 14
299 12
300 12
301 48
302 12
303 2
304 2
305 3
306 1
307 1
308 5
309 0
310 1
311 1
312 3
313 3
314 244
315 210
316 123
317 80
318 35
319 38
320 114
321 84
322 7
323 13
324 46
325 15
326 91
327 8
328 76
329 76
330 20
331 16
332 5
333 18
334 44
335 12
336 12
337 2
338 202
339 38
340 9
341 4
342 9
343 38
344 122
345 6
346 5
347 5
348 5
349 28
350 61
351 11
352 46
353 38
354 84
355 114
356 23
357 61
358 84
359 38
360 215
361 177
362 36
363 88
364 146
365 15
366 11
367 84
368 18
369 31
370 26
371 6
372 12
373 23
374 9
375 11
376 6
377 4
378 64
379 14
380 14
381 44
382 20
383 34
384 18
385 33
386 60
387 22
388 7
389 4
390 11
391 44
392 8
393 80
394 11
395 34
396 34
397 52
398 90
399 90
400 177
401 44
402 72
403 18
404 11
405 2
406 66
407 18
408 25
409 9
410 33
411 4
412 7
413 18
414 16
415 57
416 46
417 14
418 7
419 5
420 18
421 18
422 6
423 13
424 11
425 24
426 9
427 6
428 6
429 9
430 10
431 3
432 5
433 36
434 9
435 5
436 16
437 2
438 1
439 4
440 17
441 52
442 17
443 46
444 46
445 221
446 231
447 106
448 133
449 86
450 86
451 8
452 76
453 42
454 106
455 81
456 55
457 27
458 179
459 129
460 4
461 16
462 4
463 6
464 13
465 5
466 3
467 2
468 5
469 7
470 9
471 9
472 7
473 49
474 14
475 265
476 133
477 4
478 25
479 7
480 0
481 24
482 26
483 9
484 4
485 2
486 4
487 4
488 4
489 4
490 9
491 9
492 2
493 49
494 73
495 170
496 49
497 170
498 11
499 2
500 4
501 4
502 7
503 55
504 2
505 4
506 18
507 133
508 9
509 2
510 0
511 4
512 4
513 17
514 9
515 4
516 12
517 12
518 9
519 12
520 54
521 2
522 5
523 0
524 2
525 1
526 1
527 79
528 4
529 4
530 13
531 320
532 76
533 30
534 0
535 7
536 15
537 15
538 15
539 3
540 142
541 0
542 103
543 27
544 1
545 24
546 73
547 36
548 91
549 18
550 73
551 73
552 1
553 14
554 88
555 221
556 88
557 9
558 6
559 9
560 4
561 101
562 44
563 66
564 100
565 221
566 193
567 133
568 44
569 4
570 4
571 253
572 73
573 73
574 146
575 24
576 6
577 2
578 2
579 39
580 55
581 31
582 2
583 143
584 22
585 44
586 13
587 18
588 88
589 86
590 150
591 9
592 9
593 33
594 12
595 22
596 177
597 52
598 72
599 88
600 143
601 88
602 66
603 44
604 0
605 125
606 44
607 90
608 221
609 3
610 3
611 1
612 7
613 97
614 65
615 65
616 4
617 4
618 4
619 30
620 9
621 50
622 75
623 50
624 50
625 50
626 100
627 17
628 26
629 12
630 6
631 55
632 22
633 4
634 7
635 33
636 6
637 5
638 5
639 5
640 61
641 28
;

param Ttarget := 
1 1 1000
2 1 1000
3 1 1000
4 1 1000
5 1 500
6 1 500
7 1 500
8 1 500
1 2 1000
2 2 1000
3 2 1000
4 2 1000
5 2 500
6 2 500
7 2 500
8 2 500
1 3 1000
2 3 1000
3 3 1000
4 3 1000
5 3 500
6 3 500
7 3 500
8 3 500
1 4 1000
2 4 1000
3 4 1000
4 4 1000
5 4 500
6 4 500
7 4 500
8 4 500
1 5 1000
2 5 1000
3 5 1000
4 5 1000
5 5 500
6 5 500
7 5 500
8 5 500
;

set Olgerdin := 
48 
49 
50 
51 
52 
53 
54 
129 
130 
131 
132 
133 
134 
135 
136 
137 
138 
139 
140 
141 
142 
143 
144 
145 
146 
147 
148 
338 
339 
340 
341 
342 
343 
344 
345 
346 
347 
348 
349 
350 
351 
352 
353 
354 
355 
356 
357 
358 
359 
360 
546 
547 
548 
549 
550 
551 
552 
553 
554 
555 
556 
557 
558 
559 
560 
561 
562 
563 
564 
565 
566 
567 
568 
569 
570 
621 
622 
623 
624 
625 
626 
627 
628 
629 
630 
631 
632 
633 
634 
635 
636 
637 
638 
639 
640 
;
set Cola := 
1 
2 
3 
4 
5 
6 
165 
166 
167 
168 
361 
362 
363 
364 
365 
366 
367 
368 
369 
370 
371 
372 
373 
392 
571 
572 
573 
574 
575 
;
set Globus := 
14 
15 
16 
17 
18 
19 
20 
21 
22 
23 
24 
25 
26 
27 
28 
29 
30 
31 
32 
33 
34 
35 
36 
37 
38 
39 
40 
41 
42 
43 
44 
45 
46 
47 
176 
177 
178 
179 
180 
181 
182 
183 
184 
185 
186 
187 
188 
189 
190 
191 
192 
194 
195 
196 
299 
300 
301 
302 
303 
304 
393 
394 
395 
396 
397 
398 
399 
400 
401 
402 
403 
404 
405 
406 
407 
408 
409 
410 
411 
412 
413 
583 
584 
585 
586 
587 
588 
589 
590 
591 
592 
593 
594 
595 
596 
597 
598 
599 
600 
601 
602 
603 
604 
605 
;
set Vintrio := 
105 
106 
193 
197 
198 
199 
200 
201 
202 
203 
204 
;
set Brugghusstedja := 
164 
;
set Dista := 
205 
206 
207 
208 
209 
210 
211 
212 
213 
214 
216 
217 
218 
219 
220 
221 
222 
223 
224 
225 
226 
228 
;
set Bakkus := 
229 
230 
231 
232 
233 
234 
235 
236 
237 
238 
239 
240 
241 
242 
243 
244 
245 
246 
247 
248 
251 
252 
253 
254 
255 
256 
257 
258 
259 
606 
607 
608 
;
set Mekka := 
55 
56 
57 
58 
59 
60 
61 
62 
63 
64 
65 
66 
67 
68 
69 
70 
71 
72 
73 
74 
75 
76 
77 
78 
79 
80 
107 
425 
426 
427 
428 
429 
430 
431 
432 
443 
444 
445 
446 
447 
448 
449 
450 
451 
452 
453 
454 
455 
456 
457 
458 
459 
475 
476 
477 
478 
479 
480 
481 
543 
;
set Eimskip := 
88 
89 
90 
91 
92 
93 
262 
263 
264 
265 
266 
267 
268 
269 
270 
284 
285 
286 
287 
288 
289 
290 
305 
306 
307 
308 
309 
310 
311 
312 
313 
314 
315 
316 
317 
318 
319 
320 
321 
322 
323 
324 
325 
326 
327 
328 
329 
330 
332 
333 
334 
414 
415 
416 
417 
418 
419 
420 
421 
422 
423 
424 
433 
434 
435 
436 
437 
438 
439 
440 
441 
442 
460 
461 
462 
463 
464 
465 
466 
467 
468 
469 
470 
471 
472 
474 
483 
484 
485 
486 
487 
488 
489 
490 
491 
492 
493 
494 
495 
496 
497 
498 
499 
500 
501 
502 
503 
504 
505 
506 
507 
508 
509 
510 
511 
512 
513 
514 
515 
530 
531 
532 
533 
534 
535 
536 
537 
538 
539 
540 
609 
610 
611 
612 
613 
614 
615 
616 
617 
618 
619 
620 
;
set Samskip := 
8 
11 
12 
13 
81 
82 
83 
84 
85 
86 
87 
94 
95 
96 
97 
98 
99 
100 
101 
102 
104 
109 
110 
111 
112 
113 
114 
115 
116 
117 
118 
119 
120 
121 
122 
123 
124 
125 
126 
127 
128 
149 
150 
151 
152 
153 
154 
155 
156 
157 
158 
159 
160 
161 
162 
163 
169 
170 
171 
172 
173 
174 
175 
227 
271 
272 
273 
274 
275 
276 
277 
279 
280 
281 
282 
283 
291 
292 
293 
294 
295 
296 
297 
298 
335 
374 
375 
376 
377 
378 
379 
380 
381 
382 
383 
384 
385 
386 
387 
388 
389 
390 
391 
473 
482 
516 
517 
518 
519 
520 
521 
522 
541 
542 
576 
577 
578 
579 
580 
581 
582 
;
set Bannlisti := 
;
set Fixlisti := 
;
end;
