param S := 483;
param T := 8;
param D := 5;
param windowsize := 0;

param O := 
1 1
2 0
3 0
4 0
5 0
6 0
7 0
8 0
;

param EIM := 
1 0
2 0
3 0
4 0
5 0
6 0
7 1
8 0
;

param SAM := 
1 0
2 0
3 0
4 0
5 0
6 0
7 0
8 1
;

param A := 
1 225
2 63
3 51
4 72
5 27
6 146
7 182
8 146
9 36
10 14
11 15
12 25
13 107
14 55
15 27
16 8
17 18
18 18
19 4
20 6
21 9
22 2
23 4
24 4
25 4
26 4
27 7
28 39
29 7
30 5
31 4
32 107
33 265
34 106
35 88
36 106
37 133
38 133
39 86
40 129
41 88
42 6
43 88
44 11
45 67
46 22
47 9
48 88
49 125
50 192
51 19
52 9
53 19
54 6
55 29
56 61
57 55
58 34
59 28
60 53
61 222
62 19
63 22
64 55
65 15
66 5
67 27
68 44
69 4
70 4
71 52
72 86
73 212
74 265
75 530
76 266
77 13
78 7
79 4
80 4
81 4
82 9
83 4
84 4
85 305
86 221
87 46
88 36
89 16
90 5
91 80
92 4
93 2
94 2
95 9
96 2
97 9
98 18
99 22
100 11
101 4
102 9
103 11
104 6
105 35
106 162
107 16
108 43
109 83
110 97
111 43
112 3
113 72
114 265
115 0
116 9
117 34
118 122
119 61
120 5
121 134
122 17
123 0
124 0
125 91
126 7
127 73
128 73
129 54
130 7
131 8
132 2
133 9
134 5
135 4
136 251
137 182
138 182
139 1
140 10
141 5
142 31
143 474
144 0
145 36
146 61
147 35
148 16
149 144
150 88
151 22
152 72
153 23
154 10
155 8
156 14
157 19
158 7
159 43
160 12
161 1
162 5
163 22
164 7
165 22
166 12
167 0
168 5
169 6
170 5
171 5
172 2
173 4
174 134
175 1
176 129
177 265
178 106
179 54
180 22
181 15
182 22
183 6
184 24
185 52
186 69
187 24
188 48
189 0
190 4
191 4
192 2
193 7
194 11
195 21
196 88
197 215
198 33
199 133
200 107
201 4
202 9
203 12
204 36
205 51
206 22
207 2
208 8
209 8
210 5
211 12
212 11
213 44
214 44
215 36
216 4
217 10
218 12
219 12
220 1
221 0
222 14
223 12
224 2
225 42
226 0
227 7
228 4
229 1
230 0
231 0
232 24
233 1
234 0
235 8
236 5
237 1
238 1
239 3
240 0
241 4
242 0
243 4
244 9
245 72
246 66
247 4
248 35
249 9
250 24
251 3
252 22
253 14
254 9
255 133
256 18
257 33
258 18
259 80
260 27
261 22
262 9
263 7
264 4
265 7
266 13
267 16
268 7
269 44
270 44
271 21
272 18
273 11
274 12
275 9
276 6
277 13
278 9
279 35
280 13
281 4
282 27
283 7
284 6
285 80
286 21
287 42
288 1
289 44
290 2
291 25
292 50
293 100
294 17
295 51
296 27
297 44
298 40
299 52
300 8
301 9
302 4
303 5
304 47
305 146
306 47
307 5
308 28
309 5
310 73
311 73
312 73
313 73
314 6
315 23
316 26
317 23
318 11
319 127
320 84
321 12
322 36
323 64
324 88
325 141
326 115
327 86
328 358
329 66
330 186
331 250
332 13
333 8
334 38
335 133
336 118
337 53
338 18
339 80
340 21
341 55
342 72
343 9
344 3
345 0
346 6
347 8
348 22
349 36
350 88
351 13
352 4
353 22
354 21
355 4
356 17
357 11
358 13
359 4
360 5
361 72
362 8
363 5
364 27
365 12
366 0
367 4
368 7
369 7
370 9
371 30
372 107
373 66
374 171
375 33
376 7
377 13
378 11
379 2
380 1
381 6
382 13
383 5
384 9
385 9
386 9
387 10
388 51
389 8
390 16
391 22
392 7
393 7
394 22
395 249
396 35
397 38
398 46
399 40
400 44
401 18
402 4
403 94
404 150
405 133
406 133
407 107
408 133
409 86
410 265
411 107
412 66
413 4
414 1
415 9
416 12
417 26
418 5
419 9
420 18
421 7
422 8
423 3
424 3
425 3
426 7
427 23
428 8
429 3
430 5
431 3
432 0
433 3
434 18
435 14
436 18
437 9
438 9
439 31
440 169
441 13
442 63
443 49
444 267
445 205
446 474
447 9
448 18
449 14
450 12
451 7
452 0
453 12
454 0
455 1
456 32
457 107
458 0
459 2
460 16
461 18
462 2
463 13
464 8
465 26
466 2
467 16
468 7
469 80
470 12
471 24
472 10
473 77
474 3
475 14
476 10
477 42
478 38
479 44
480 267
481 5
482 9
483 18
;

param Ttarget := 
1 1 1000
2 1 1000
3 1 1000
4 1 1000
5 1 500
6 1 500
7 1 500
8 1 500
1 2 1000
2 2 1000
3 2 1000
4 2 1000
5 2 500
6 2 500
7 2 500
8 2 500
1 3 1000
2 3 1000
3 3 1000
4 3 1000
5 3 500
6 3 500
7 3 500
8 3 500
1 4 1000
2 4 1000
3 4 1000
4 4 1000
5 4 500
6 4 500
7 4 500
8 4 500
1 5 1000
2 5 1000
3 5 1000
4 5 1000
5 5 500
6 5 500
7 5 500
8 5 500
;

set Olgerdin := 
118 
119 
120 
121 
122 
123 
124 
125 
126 
127 
128 
129 
130 
131 
132 
133 
134 
135 
136 
137 
138 
139 
140 
141 
142 
169 
171 
286 
291 
292 
293 
294 
295 
296 
297 
298 
299 
300 
301 
302 
303 
304 
305 
306 
307 
308 
309 
310 
311 
312 
313 
472 
473 
474 
475 
476 
477 
478 
479 
480 
481 
482 
;
set Cola := 
1 
2 
3 
4 
5 
6 
7 
8 
9 
93 
143 
144 
145 
147 
148 
149 
150 
151 
152 
153 
154 
155 
170 
289 
315 
316 
317 
318 
319 
320 
321 
434 
435 
436 
437 
438 
439 
440 
441 
442 
443 
444 
445 
446 
;
set Globus := 
32 
33 
34 
35 
36 
37 
38 
39 
40 
41 
42 
43 
44 
45 
46 
47 
48 
49 
218 
219 
220 
287 
323 
324 
325 
326 
327 
328 
329 
330 
331 
332 
333 
334 
335 
336 
337 
338 
339 
340 
341 
342 
346 
347 
348 
349 
350 
351 
352 
353 
354 
355 
356 
357 
358 
359 
360 
361 
362 
363 
364 
365 
366 
367 
368 
369 
370 
371 
;
set Vintrio := 
156 
157 
158 
159 
160 
161 
162 
163 
164 
165 
166 
167 
168 
447 
448 
449 
450 
451 
452 
453 
454 
455 
456 
;
set Brugghusstedja := 
;
set Dista := 
174 
175 
176 
177 
178 
179 
180 
181 
182 
183 
184 
185 
186 
187 
188 
189 
;
set Bakkus := 
190 
191 
192 
193 
194 
195 
196 
197 
198 
199 
200 
201 
202 
203 
213 
214 
215 
281 
282 
283 
;
set Mekka := 
50 
51 
52 
53 
54 
55 
56 
57 
58 
59 
60 
61 
62 
63 
64 
65 
66 
67 
68 
69 
71 
72 
73 
74 
75 
76 
77 
78 
79 
80 
81 
82 
83 
84 
85 
86 
87 
88 
89 
90 
91 
92 
381 
382 
383 
384 
385 
386 
387 
388 
389 
390 
391 
392 
393 
394 
395 
396 
397 
398 
399 
400 
401 
402 
403 
404 
405 
406 
407 
408 
409 
410 
411 
457 
;
set Eimskip := 
94 
95 
96 
97 
105 
106 
107 
108 
109 
110 
111 
113 
114 
204 
205 
211 
229 
230 
231 
234 
235 
236 
237 
238 
239 
240 
414 
420 
421 
422 
458 
459 
460 
461 
462 
463 
464 
;
set Samskip := 
10 
11 
12 
13 
14 
15 
16 
17 
18 
19 
20 
21 
22 
23 
24 
25 
26 
27 
28 
29 
30 
31 
70 
98 
99 
100 
101 
102 
103 
104 
115 
117 
206 
207 
208 
209 
210 
212 
221 
222 
223 
224 
225 
226 
227 
228 
232 
233 
241 
242 
243 
244 
245 
246 
247 
248 
249 
250 
251 
252 
253 
254 
255 
256 
257 
258 
259 
260 
261 
262 
263 
264 
265 
266 
267 
268 
269 
270 
271 
272 
273 
274 
275 
276 
277 
278 
279 
280 
284 
285 
288 
290 
322 
343 
344 
345 
372 
373 
374 
375 
376 
377 
378 
379 
380 
412 
413 
415 
416 
417 
418 
419 
423 
424 
425 
426 
427 
428 
465 
466 
467 
470 
471 
;
set Bannlisti := 
;
set Fixlisti := 
;
end;
