param S := 425;
param T := 8;
param D := 5;
param windowsize := 0;

param O := 
1 1
2 0
3 0
4 0
5 0
6 0
7 0
8 0
;

param EIM := 
1 0
2 0
3 0
4 0
5 0
6 0
7 1
8 0
;

param SAM := 
1 0
2 0
3 0
4 0
5 0
6 0
7 0
8 1
;

param A := 
1 13
2 18
3 5
4 7
5 7
6 7
7 5
8 2
9 2
10 4
11 2
12 2
13 7
14 1
15 2
16 0
17 64
18 52
19 106
20 115
21 107
22 106
23 107
24 221
25 129
26 133
27 11
28 44
29 11
30 44
31 11
32 36
33 4
34 9
35 18
36 44
37 28
38 18
39 4
40 46
41 32
42 20
43 8
44 40
45 22
46 7
47 10
48 9
49 7
50 4
51 12
52 1
53 1
54 2
55 3
56 14
57 3
58 2
59 36
60 2
61 14
62 0
63 3
64 3
65 2
66 4
67 11
68 11
69 4
70 9
71 8
72 4
73 2
74 4
75 7
76 4
77 2
78 3
79 0
80 27
81 11
82 4
83 3
84 8
85 1
86 32
87 10
88 2
89 1
90 4
91 62
92 0
93 9
94 4
95 4
96 4
97 5
98 5
99 1
100 1
101 5
102 12
103 1
104 21
105 13
106 11
107 13
108 16
109 22
110 9
111 13
112 11
113 66
114 2
115 4
116 9
117 12
118 9
119 9
120 15
121 7
122 4
123 4
124 4
125 2
126 7
127 4
128 9
129 22
130 2
131 2
132 4
133 12
134 6
135 91
136 50
137 146
138 11
139 97
140 17
141 61
142 61
143 17
144 47
145 38
146 8
147 5
148 4
149 4
150 4
151 13
152 106
153 13
154 11
155 4
156 4
157 24
158 9
159 4
160 221
161 55
162 22
163 44
164 21
165 4
166 16
167 48
168 81
169 30
170 0
171 22
172 22
173 77
174 158
175 22
176 1
177 0
178 26
179 6
180 49
181 73
182 219
183 128
184 35
185 84
186 13
187 13
188 4
189 28
190 5
191 2
192 9
193 18
194 9
195 88
196 7
197 34
198 9
199 36
200 18
201 7
202 9
203 38
204 4
205 4
206 8
207 17
208 2
209 4
210 8
211 9
212 4
213 2
214 18
215 4
216 4
217 9
218 5
219 20
220 55
221 8
222 25
223 7
224 4
225 2
226 9
227 9
228 4
229 9
230 9
231 2
232 10
233 7
234 5
235 11
236 22
237 0
238 13
239 4
240 2
241 2
242 2
243 18
244 10
245 13
246 46
247 5
248 2
249 4
250 4
251 8
252 23
253 5
254 8
255 4
256 4
257 8
258 2
259 9
260 16
261 24
262 10
263 2
264 0
265 0
266 10
267 0
268 10
269 28
270 0
271 12
272 4
273 8
274 0
275 12
276 0
277 4
278 0
279 6
280 0
281 30
282 8
283 0
284 94
285 47
286 133
287 141
288 53
289 265
290 133
291 44
292 27
293 39
294 55
295 46
296 249
297 68
298 34
299 28
300 10
301 95
302 29
303 37
304 15
305 141
306 46
307 27
308 14
309 27
310 28
311 66
312 66
313 13
314 6
315 13
316 125
317 7
318 4
319 8
320 17
321 72
322 133
323 11
324 13
325 38
326 26
327 117
328 22
329 48
330 6
331 5
332 6
333 9
334 15
335 4
336 9
337 2
338 6
339 24
340 44
341 5
342 5
343 2
344 7
345 18
346 110
347 72
348 44
349 7
350 6
351 9
352 9
353 106
354 3
355 134
356 34
357 73
358 36
359 7
360 3
361 5
362 7
363 5
364 2
365 9
366 2
367 24
368 4
369 6
370 10
371 10
372 10
373 24
374 53
375 15
376 30
377 10
378 4
379 4
380 2
381 4
382 4
383 7
384 7
385 2
386 35
387 7
388 4
389 4
390 11
391 2
392 24
393 2
394 2
395 13
396 10
397 61
398 91
399 50
400 100
401 28
402 40
403 51
404 42
405 70
406 6
407 22
408 4
409 4
410 25
411 18
412 88
413 23
414 15
415 8
416 51
417 14
418 18
419 221
420 215
421 8
422 11
423 99
424 110
425 11
;

param Ttarget := 
1 1 1000
2 1 1000
3 1 1000
4 1 1000
5 1 500
6 1 500
7 1 500
8 1 500
1 2 1000
2 2 1000
3 2 1000
4 2 1000
5 2 500
6 2 500
7 2 500
8 2 500
1 3 1000
2 3 1000
3 3 1000
4 3 1000
5 3 500
6 3 500
7 3 500
8 3 500
1 4 1000
2 4 1000
3 4 1000
4 4 1000
5 4 500
6 4 500
7 4 500
8 4 500
1 5 1000
2 5 1000
3 5 1000
4 5 1000
5 5 500
6 5 500
7 5 500
8 5 500
;

set Olgerdin := 
2 
7 
14 
37 
54 
57 
59 
83 
87 
88 
90 
91 
94 
103 
135 
136 
137 
138 
139 
140 
141 
142 
143 
144 
145 
146 
147 
148 
149 
150 
151 
152 
153 
154 
155 
156 
157 
158 
159 
160 
161 
162 
163 
164 
165 
166 
167 
168 
169 
170 
171 
172 
173 
174 
175 
176 
240 
244 
247 
253 
256 
257 
365 
375 
379 
397 
398 
399 
400 
401 
402 
403 
404 
405 
406 
407 
408 
409 
410 
411 
412 
413 
414 
415 
416 
417 
418 
419 
420 
421 
422 
423 
424 
;
set Cola := 
6 
16 
78 
85 
93 
95 
130 
132 
177 
182 
183 
184 
185 
273 
274 
372 
395 
;
set Globus := 
4 
5 
8 
9 
10 
17 
18 
19 
20 
21 
22 
23 
24 
25 
26 
27 
28 
29 
30 
31 
32 
33 
34 
35 
36 
42 
43 
44 
45 
46 
47 
48 
49 
50 
55 
187 
188 
189 
190 
191 
192 
193 
194 
195 
196 
197 
198 
199 
200 
201 
202 
203 
204 
205 
206 
207 
208 
209 
210 
211 
212 
213 
214 
215 
216 
217 
218 
243 
245 
246 
251 
254 
259 
262 
263 
264 
265 
266 
366 
367 
374 
383 
384 
386 
387 
390 
396 
;
set Vintrio := 
11 
258 
275 
276 
282 
283 
;
set Brugghusstedja := 
79 
178 
179 
180 
181 
;
set Dista := 
12 
15 
40 
56 
82 
92 
260 
368 
376 
;
set Bakkus := 
131 
241 
272 
369 
378 
381 
382 
;
set Mekka := 
1 
3 
13 
38 
39 
248 
252 
255 
269 
270 
271 
277 
278 
279 
284 
285 
286 
287 
288 
289 
290 
291 
292 
293 
294 
295 
296 
297 
298 
299 
300 
301 
302 
303 
304 
305 
306 
307 
308 
309 
310 
311 
312 
313 
314 
315 
316 
317 
318 
319 
320 
323 
324 
330 
331 
332 
333 
334 
335 
336 
337 
338 
339 
340 
342 
343 
370 
380 
388 
389 
394 
;
set Eimskip := 
58 
60 
61 
62 
63 
64 
65 
66 
67 
68 
69 
70 
71 
72 
73 
74 
75 
76 
77 
96 
98 
99 
100 
186 
242 
249 
250 
267 
268 
321 
322 
325 
326 
327 
328 
329 
344 
345 
346 
347 
348 
349 
350 
351 
377 
391 
393 
;
set Samskip := 
41 
80 
86 
89 
97 
108 
109 
110 
111 
112 
113 
114 
115 
116 
117 
118 
119 
120 
121 
122 
123 
124 
125 
126 
127 
128 
129 
133 
134 
219 
220 
221 
222 
223 
224 
225 
226 
227 
228 
229 
230 
231 
232 
233 
234 
235 
236 
237 
238 
239 
261 
280 
281 
355 
356 
357 
358 
359 
371 
373 
385 
392 
;
set Bannlisti := 
;
set Fixlisti := 
;
end;
