param S := 457;
param T := 8;
param D := 5;
param windowsize := 0;

param O := 
1 1
2 0
3 0
4 0
5 0
6 0
7 0
8 0
;

param EIM := 
1 0
2 0
3 0
4 0
5 0
6 0
7 1
8 0
;

param SAM := 
1 0
2 0
3 0
4 0
5 0
6 0
7 0
8 1
;

param A := 
1 31
2 22
3 6
4 9
5 24
6 7
7 177
8 47
9 96
10 46
11 116
12 88
13 179
14 11
15 27
16 186
17 27
18 4
19 2
20 9
21 2
22 8
23 9
24 122
25 18
26 106
27 158
28 42
29 159
30 115
31 300
32 86
33 107
34 177
35 12
36 8
37 22
38 9
39 20
40 4
41 18
42 7
43 35
44 43
45 12
46 11
47 18
48 24
49 22
50 2
51 4
52 2
53 4
54 16
55 26
56 80
57 66
58 18
59 203
60 60
61 215
62 29
63 7
64 18
65 10
66 4
67 2
68 22
69 18
70 100
71 3
72 11
73 3
74 88
75 21
76 15
77 4
78 55
79 51
80 102
81 18
82 4
83 3
84 33
85 66
86 2
87 24
88 49
89 61
90 1
91 1
92 0
93 0
94 7
95 33
96 18
97 4
98 9
99 7
100 7
101 4
102 61
103 13
104 13
105 73
106 2
107 6
108 12
109 6
110 1
111 1
112 75
113 13
114 468
115 5
116 12
117 12
118 2
119 28
120 28
121 14
122 14
123 14
124 12
125 12
126 48
127 2
128 5
129 5
130 3
131 30
132 68
133 53
134 3
135 219
136 109
137 267
138 134
139 207
140 9
141 12
142 6
143 73
144 5
145 50
146 97
147 9
148 5
149 134
150 8
151 9
152 109
153 182
154 43
155 73
156 63
157 26
158 32
159 106
160 219
161 56
162 128
163 24
164 20
165 39
166 9
167 9
168 2
169 9
170 6
171 17
172 2
173 2
174 2
175 2
176 2
177 7
178 2
179 2
180 12
181 7
182 0
183 0
184 0
185 2
186 3
187 0
188 59
189 36
190 26
191 24
192 31
193 24
194 13
195 12
196 24
197 12
198 60
199 7
200 106
201 172
202 9
203 1
204 9
205 1
206 44
207 80
208 133
209 161
210 24
211 24
212 96
213 37
214 4
215 43
216 6
217 6
218 9
219 10
220 6
221 6
222 6
223 58
224 221
225 129
226 137
227 231
228 86
229 215
230 106
231 86
232 86
233 212
234 133
235 265
236 133
237 53
238 4
239 30
240 21
241 4
242 76
243 111
244 55
245 106
246 100
247 179
248 221
249 110
250 38
251 55
252 92
253 53
254 54
255 86
256 44
257 106
258 9
259 168
260 59
261 7
262 36
263 5
264 9
265 7
266 13
267 11
268 22
269 4
270 18
271 200
272 221
273 4
274 36
275 44
276 16
277 44
278 18
279 17
280 7
281 9
282 14
283 12
284 9
285 9
286 110
287 4
288 55
289 18
290 9
291 18
292 9
293 13
294 7
295 3
296 2
297 1
298 5
299 8
300 27
301 11
302 21
303 4
304 32
305 32
306 3
307 32
308 65
309 1
310 12
311 1
312 12
313 12
314 12
315 14
316 4
317 28
318 21
319 27
320 0
321 4
322 8
323 50
324 40
325 32
326 9
327 6
328 9
329 17
330 12
331 3
332 61
333 9
334 5
335 4
336 1
337 3
338 5
339 5
340 5
341 4
342 80
343 44
344 44
345 33
346 7
347 13
348 2
349 4
350 12
351 46
352 221
353 21
354 64
355 193
356 106
357 48
358 81
359 29
360 5
361 14
362 376
363 182
364 73
365 73
366 50
367 36
368 17
369 12
370 104
371 32
372 73
373 78
374 328
375 10
376 48
377 73
378 134
379 54
380 12
381 1
382 13
383 54
384 21
385 147
386 17
387 24
388 48
389 71
390 20
391 13
392 1
393 44
394 40
395 4
396 7
397 7
398 13
399 18
400 20
401 12
402 43
403 18
404 31
405 8
406 8
407 65
408 8
409 8
410 3
411 4
412 3
413 182
414 109
415 109
416 5
417 50
418 5
419 109
420 11
421 50
422 17
423 122
424 12
425 55
426 32
427 140
428 52
429 152
430 41
431 23
432 101
433 42
434 26
435 50
436 109
437 150
438 47
439 259
440 95
441 38
442 62
443 70
444 5
445 8
446 3
447 4
448 4
449 4
450 18
451 2
452 2
453 70
454 134
455 81
456 4
457 7
;

param Ttarget := 
1 1 1000
2 1 1000
3 1 1000
4 1 1000
5 1 500
6 1 500
7 1 500
8 1 500
1 2 1000
2 2 1000
3 2 1000
4 2 1000
5 2 500
6 2 500
7 2 500
8 2 500
1 3 1000
2 3 1000
3 3 1000
4 3 1000
5 3 500
6 3 500
7 3 500
8 3 500
1 4 1000
2 4 1000
3 4 1000
4 4 1000
5 4 500
6 4 500
7 4 500
8 4 500
1 5 1000
2 5 1000
3 5 1000
4 5 1000
5 5 500
6 5 500
7 5 500
8 5 500
;

set Olgerdin := 
46 
73 
115 
135 
136 
137 
138 
139 
140 
141 
142 
143 
144 
145 
146 
147 
148 
149 
150 
151 
177 
180 
181 
182 
183 
352 
353 
354 
355 
356 
357 
358 
359 
360 
361 
362 
363 
364 
365 
366 
367 
368 
369 
370 
413 
414 
415 
416 
417 
418 
419 
420 
421 
422 
423 
424 
425 
426 
427 
428 
429 
430 
431 
432 
433 
434 
435 
436 
437 
438 
439 
440 
441 
442 
443 
444 
445 
446 
447 
448 
449 
450 
451 
452 
453 
454 
455 
456 
;
set Cola := 
7 
8 
9 
10 
11 
12 
13 
14 
15 
16 
17 
18 
19 
20 
21 
22 
152 
153 
154 
155 
156 
157 
158 
159 
160 
161 
162 
374 
375 
376 
377 
378 
379 
380 
;
set Globus := 
26 
27 
28 
29 
30 
31 
32 
33 
34 
35 
36 
37 
38 
39 
40 
41 
42 
43 
54 
124 
125 
126 
127 
173 
214 
;
set Vintrio := 
44 
45 
47 
48 
49 
50 
51 
52 
53 
179 
185 
186 
;
set Brugghusstedja := 
371 
372 
373 
;
set Dista := 
188 
189 
190 
191 
192 
193 
194 
195 
196 
197 
198 
199 
200 
201 
202 
203 
204 
205 
206 
207 
208 
209 
210 
211 
385 
386 
387 
388 
389 
390 
391 
;
set Bakkus := 
55 
56 
57 
58 
59 
60 
61 
62 
63 
64 
65 
66 
67 
68 
69 
70 
71 
78 
79 
80 
81 
82 
83 
84 
;
set Mekka := 
184 
216 
217 
218 
219 
220 
221 
222 
223 
224 
225 
226 
227 
228 
229 
230 
231 
232 
233 
234 
235 
236 
237 
238 
239 
241 
242 
243 
244 
245 
246 
247 
248 
249 
250 
302 
;
set Eimskip := 
74 
75 
93 
94 
105 
107 
174 
176 
251 
252 
253 
254 
255 
256 
257 
258 
259 
260 
261 
262 
263 
264 
265 
266 
267 
268 
269 
270 
271 
272 
273 
274 
275 
276 
277 
278 
279 
280 
281 
282 
283 
284 
285 
293 
294 
295 
296 
297 
298 
299 
300 
301 
303 
304 
305 
306 
307 
308 
309 
310 
311 
312 
313 
314 
315 
316 
317 
318 
319 
320 
321 
322 
334 
335 
336 
337 
338 
339 
340 
341 
351 
392 
393 
394 
395 
396 
398 
399 
400 
407 
;
set Samskip := 
1 
2 
3 
4 
5 
6 
23 
24 
25 
76 
77 
85 
86 
91 
92 
95 
96 
97 
98 
99 
100 
101 
102 
103 
104 
106 
108 
109 
110 
111 
112 
113 
114 
116 
117 
118 
119 
120 
121 
122 
123 
128 
129 
130 
131 
132 
133 
134 
163 
164 
165 
166 
167 
168 
169 
170 
171 
172 
175 
178 
187 
215 
240 
289 
290 
291 
292 
323 
324 
325 
326 
327 
328 
329 
330 
331 
333 
342 
343 
344 
345 
346 
347 
350 
397 
404 
408 
409 
410 
411 
412 
;
set Bannlisti := 
;
set Fixlisti := 
;
end;
