param S := 854;
param T := 8;
param D := 5;
param windowsize := 0;

param O := 
1 1
2 0
3 0
4 0
5 0
6 0
7 0
8 0
;

param EIM := 
1 0
2 0
3 0
4 0
5 0
6 0
7 1
8 0
;

param SAM := 
1 0
2 0
3 0
4 0
5 0
6 0
7 0
8 1
;

param A := 
1 4
2 4
3 2
4 24
5 68
6 16
7 18
8 13
9 23
10 18
11 40
12 16
13 4
14 16
15 8
16 18
17 36
18 22
19 13
20 7
21 22
22 3
23 31
24 15
25 182
26 91
27 55
28 35
29 55
30 18
31 2
32 24
33 9
34 6
35 4
36 6
37 2
38 4
39 13
40 7
41 7
42 21
43 18
44 18
45 1
46 36
47 24
48 52
49 86
50 9
51 48
52 48
53 9
54 24
55 134
56 12
57 44
58 54
59 107
60 31
61 215
62 51
63 90
64 54
65 133
66 106
67 86
68 40
69 30
70 18
71 44
72 13
73 129
74 9
75 107
76 55
77 129
78 129
79 80
80 107
81 90
82 33
83 14
84 7
85 4
86 1
87 5
88 4
89 13
90 2
91 7
92 7
93 7
94 5
95 7
96 3
97 4
98 4
99 2
100 7
101 2
102 2
103 2
104 9
105 9
106 12
107 12
108 12
109 12
110 1
111 12
112 36
113 22
114 44
115 186
116 44
117 66
118 20
119 22
120 39
121 19
122 24
123 135
124 76
125 28
126 13
127 11
128 22
129 44
130 18
131 14
132 4
133 9
134 2
135 4
136 5
137 13
138 3
139 28
140 97
141 7
142 1
143 51
144 39
145 39
146 110
147 110
148 90
149 63
150 33
151 13
152 14
153 11
154 27
155 9
156 7
157 9
158 22
159 9
160 9
161 4
162 3
163 20
164 18
165 22
166 1
167 3
168 2
169 9
170 13
171 9
172 11
173 86
174 2
175 0
176 1
177 73
178 62
179 73
180 5
181 12
182 1
183 1
184 24
185 3
186 1
187 221
188 100
189 133
190 84
191 62
192 164
193 0
194 122
195 75
196 75
197 219
198 125
199 91
200 36
201 146
202 37
203 61
204 24
205 2
206 4
207 7
208 2
209 2
210 0
211 22
212 22
213 2
214 13
215 251
216 79
217 75
218 106
219 146
220 73
221 73
222 43
223 91
224 6
225 22
226 13
227 22
228 44
229 7
230 4
231 4
232 2
233 9
234 7
235 107
236 133
237 106
238 122
239 13
240 36
241 13
242 9
243 27
244 9
245 18
246 55
247 22
248 18
249 18
250 18
251 54
252 2
253 56
254 4
255 4
256 38
257 18
258 6
259 22
260 110
261 212
262 265
263 13
264 17
265 10
266 8
267 53
268 53
269 53
270 7
271 123
272 1
273 52
274 95
275 265
276 150
277 185
278 115
279 88
280 107
281 7
282 22
283 4
284 13
285 13
286 11
287 18
288 13
289 13
290 7
291 5
292 13
293 2
294 2
295 3
296 2
297 27
298 14
299 15
300 12
301 14
302 24
303 27
304 22
305 127
306 20
307 7
308 9
309 11
310 4
311 9
312 2
313 22
314 7
315 7
316 22
317 4
318 13
319 4
320 6
321 4
322 3
323 4
324 54
325 54
326 50
327 9
328 9
329 4
330 4
331 4
332 7
333 9
334 7
335 2
336 7
337 7
338 6
339 2
340 2
341 12
342 12
343 17
344 9
345 16
346 33
347 2
348 22
349 18
350 44
351 14
352 44
353 9
354 55
355 18
356 44
357 1
358 4
359 12
360 0
361 57
362 15
363 267
364 23
365 61
366 94
367 62
368 106
369 107
370 193
371 65
372 75
373 50
374 97
375 1
376 96
377 94
378 84
379 81
380 81
381 9
382 4
383 28
384 68
385 158
386 60
387 33
388 13
389 5
390 5
391 182
392 91
393 109
394 73
395 18
396 14
397 19
398 219
399 112
400 3
401 73
402 63
403 24
404 22
405 22
406 4
407 28
408 7
409 9
410 20
411 46
412 11
413 23
414 22
415 7
416 44
417 18
418 64
419 222
420 106
421 150
422 106
423 133
424 107
425 358
426 88
427 1
428 36
429 44
430 4
431 203
432 179
433 36
434 27
435 107
436 27
437 18
438 52
439 66
440 18
441 44
442 27
443 9
444 7
445 18
446 9
447 4
448 4
449 9
450 13
451 5
452 0
453 15
454 6
455 22
456 24
457 12
458 4
459 6
460 69
461 69
462 9
463 12
464 22
465 9
466 64
467 22
468 159
469 149
470 72
471 9
472 20
473 81
474 8
475 133
476 44
477 53
478 106
479 18
480 7
481 11
482 7
483 12
484 7
485 6
486 2
487 14
488 28
489 7
490 6
491 6
492 38
493 4
494 5
495 107
496 14
497 30
498 26
499 53
500 9
501 23
502 2
503 11
504 56
505 4
506 6
507 12
508 48
509 48
510 6
511 12
512 2
513 9
514 9
515 2
516 2
517 3
518 1
519 4
520 1
521 2
522 1
523 3
524 28
525 20
526 3
527 3
528 9
529 2
530 18
531 12
532 219
533 85
534 152
535 101
536 29
537 14
538 22
539 26
540 9
541 18
542 5
543 5
544 5
545 12
546 23
547 244
548 162
549 192
550 81
551 52
552 6
553 5
554 5
555 5
556 5
557 61
558 28
559 42
560 143
561 15
562 28
563 19
564 9
565 17
566 30
567 1
568 30
569 46
570 28
571 28
572 51
573 51
574 70
575 28
576 8
577 23
578 9
579 36
580 14
581 26
582 73
583 12
584 5
585 211
586 75
587 51
588 11
589 16
590 6
591 2
592 11
593 18
594 18
595 35
596 12
597 44
598 27
599 18
600 15
601 2
602 5
603 0
604 0
605 2
606 11
607 16
608 52
609 0
610 3
611 4
612 2
613 4
614 18
615 1
616 12
617 43
618 22
619 18
620 72
621 36
622 257
623 22
624 7
625 4
626 4
627 4
628 2
629 0
630 7
631 2
632 53
633 53
634 133
635 12
636 6
637 9
638 6
639 6
640 137
641 110
642 106
643 86
644 399
645 86
646 110
647 55
648 38
649 25
650 48
651 55
652 100
653 305
654 100
655 86
656 37
657 26
658 9
659 78
660 10
661 24
662 5
663 42
664 181
665 72
666 86
667 106
668 2
669 33
670 33
671 44
672 4
673 27
674 20
675 61
676 111
677 46
678 76
679 68
680 17
681 6
682 4
683 4
684 18
685 5
686 5
687 28
688 62
689 20
690 31
691 4
692 9
693 9
694 11
695 11
696 13
697 9
698 28
699 11
700 43
701 53
702 75
703 157
704 15
705 55
706 34
707 19
708 18
709 11
710 2
711 13
712 8
713 27
714 18
715 9
716 1
717 11
718 7
719 4
720 2
721 2
722 74
723 11
724 9
725 11
726 5
727 9
728 18
729 13
730 18
731 18
732 14
733 2
734 16
735 2
736 164
737 36
738 109
739 55
740 36
741 5
742 79
743 106
744 124
745 212
746 64
747 168
748 18
749 79
750 125
751 56
752 150
753 79
754 73
755 2
756 2
757 2
758 9
759 5
760 6
761 6
762 44
763 36
764 71
765 76
766 55
767 83
768 8
769 160
770 88
771 53
772 36
773 36
774 36
775 14
776 9
777 38
778 13
779 7
780 11
781 6
782 17
783 11
784 18
785 7
786 4
787 30
788 7
789 4
790 7
791 9
792 13
793 9
794 7
795 9
796 2
797 5
798 18
799 44
800 40
801 40
802 88
803 36
804 9
805 11
806 17
807 17
808 4
809 2
810 4
811 1
812 2
813 2
814 2
815 0
816 0
817 1
818 0
819 13
820 7
821 22
822 15
823 5
824 5
825 9
826 18
827 11
828 12
829 2
830 7
831 4
832 22
833 18
834 24
835 11
836 134
837 18
838 24
839 17
840 17
841 5
842 10
843 14
844 6
845 11
846 5
847 5
848 61
849 10
850 16
851 61
852 9
853 11
854 2
;

param Ttarget := 
1 1 1000
2 1 1000
3 1 1000
4 1 1000
5 1 500
6 1 500
7 1 500
8 1 500
1 2 1000
2 2 1000
3 2 1000
4 2 1000
5 2 500
6 2 500
7 2 500
8 2 500
1 3 1000
2 3 1000
3 3 1000
4 3 1000
5 3 500
6 3 500
7 3 500
8 3 500
1 4 1000
2 4 1000
3 4 1000
4 4 1000
5 4 500
6 4 500
7 4 500
8 4 500
1 5 1000
2 5 1000
3 5 1000
4 5 1000
5 5 500
6 5 500
7 5 500
8 5 500
;

set Olgerdin := 
187 
188 
189 
190 
191 
192 
193 
194 
195 
196 
197 
198 
199 
200 
201 
202 
203 
205 
206 
207 
208 
209 
210 
211 
212 
213 
214 
363 
364 
365 
366 
367 
368 
369 
370 
371 
372 
373 
374 
375 
376 
377 
378 
379 
380 
532 
533 
534 
535 
536 
537 
538 
539 
540 
541 
542 
543 
544 
545 
546 
547 
548 
549 
550 
551 
552 
553 
554 
555 
556 
557 
558 
559 
560 
561 
562 
563 
564 
565 
566 
567 
568 
569 
570 
571 
572 
573 
574 
575 
576 
577 
578 
579 
580 
736 
737 
738 
739 
740 
741 
742 
743 
744 
745 
746 
747 
748 
749 
808 
811 
814 
817 
842 
843 
844 
845 
846 
847 
848 
849 
850 
851 
852 
853 
;
set Cola := 
4 
5 
6 
7 
8 
9 
10 
11 
12 
13 
22 
23 
24 
25 
26 
27 
28 
29 
30 
215 
216 
217 
218 
219 
220 
221 
222 
223 
382 
383 
391 
392 
393 
394 
395 
396 
397 
398 
399 
400 
401 
402 
403 
581 
582 
583 
584 
585 
586 
587 
588 
589 
590 
591 
592 
593 
594 
595 
596 
597 
598 
599 
600 
601 
750 
751 
752 
753 
;
set Globus := 
224 
225 
226 
227 
228 
229 
230 
231 
232 
233 
234 
235 
236 
237 
238 
239 
240 
241 
242 
243 
244 
245 
246 
247 
248 
249 
250 
251 
361 
362 
404 
405 
406 
407 
408 
409 
410 
411 
412 
413 
414 
415 
416 
417 
418 
419 
420 
421 
422 
423 
424 
425 
426 
507 
508 
509 
510 
511 
512 
763 
764 
765 
766 
767 
768 
769 
770 
771 
772 
773 
774 
775 
776 
777 
778 
779 
780 
781 
782 
783 
784 
785 
786 
787 
788 
789 
790 
791 
792 
793 
794 
795 
797 
799 
800 
801 
802 
803 
804 
805 
806 
807 
812 
;
set Vintrio := 
104 
105 
106 
107 
108 
109 
110 
111 
112 
113 
114 
115 
116 
117 
118 
119 
144 
145 
163 
456 
457 
464 
465 
466 
467 
468 
469 
470 
471 
472 
;
set Brugghusstedja := 
;
set Dista := 
45 
46 
47 
48 
49 
50 
51 
52 
53 
54 
55 
56 
66 
67 
68 
69 
70 
71 
72 
73 
74 
75 
76 
77 
78 
79 
80 
459 
460 
461 
462 
463 
473 
474 
475 
476 
477 
478 
479 
480 
481 
482 
;
set Bakkus := 
57 
58 
59 
60 
61 
62 
63 
64 
65 
81 
82 
83 
146 
147 
148 
428 
429 
430 
431 
432 
433 
434 
435 
436 
437 
438 
439 
440 
441 
442 
443 
444 
445 
446 
447 
448 
449 
450 
451 
810 
;
set Mekka := 
253 
254 
255 
256 
257 
258 
259 
260 
261 
262 
263 
264 
265 
266 
267 
268 
269 
270 
271 
272 
273 
274 
275 
276 
277 
278 
279 
280 
284 
285 
286 
287 
288 
289 
290 
291 
292 
389 
390 
632 
633 
634 
635 
636 
637 
638 
639 
640 
641 
642 
643 
644 
645 
646 
647 
648 
649 
650 
651 
652 
653 
654 
655 
656 
671 
672 
673 
674 
675 
676 
677 
678 
679 
680 
681 
682 
683 
684 
698 
699 
700 
701 
702 
703 
704 
705 
706 
707 
708 
709 
716 
809 
818 
;
set Eimskip := 
31 
84 
85 
86 
87 
88 
89 
90 
91 
92 
93 
94 
95 
96 
97 
98 
99 
100 
101 
102 
103 
120 
121 
122 
123 
124 
125 
126 
127 
128 
129 
130 
131 
138 
139 
140 
141 
142 
143 
149 
150 
151 
152 
153 
154 
155 
156 
157 
158 
159 
160 
161 
252 
300 
301 
302 
320 
321 
322 
492 
494 
495 
496 
497 
498 
499 
500 
501 
502 
503 
504 
505 
506 
513 
514 
515 
516 
517 
518 
519 
520 
521 
522 
523 
524 
525 
526 
527 
528 
529 
530 
531 
657 
658 
659 
660 
661 
662 
663 
664 
665 
666 
667 
668 
669 
670 
685 
686 
687 
688 
689 
690 
691 
692 
693 
694 
695 
696 
697 
710 
711 
712 
713 
714 
715 
717 
719 
816 
821 
;
set Samskip := 
1 
2 
3 
14 
15 
16 
17 
18 
19 
20 
21 
32 
33 
34 
35 
36 
37 
38 
39 
40 
41 
42 
43 
44 
132 
133 
134 
135 
136 
137 
162 
164 
165 
166 
167 
168 
169 
170 
173 
174 
177 
178 
179 
180 
181 
182 
183 
184 
185 
186 
204 
293 
294 
295 
296 
297 
298 
299 
303 
304 
305 
306 
307 
308 
309 
310 
311 
312 
313 
314 
315 
316 
317 
318 
319 
323 
324 
325 
326 
327 
328 
329 
330 
331 
332 
333 
334 
335 
336 
337 
338 
340 
341 
342 
343 
344 
345 
346 
347 
348 
349 
350 
351 
352 
353 
355 
356 
357 
358 
359 
360 
381 
384 
385 
386 
387 
388 
452 
453 
454 
455 
458 
483 
484 
485 
486 
487 
488 
489 
490 
491 
493 
602 
603 
604 
605 
606 
607 
608 
609 
610 
611 
612 
613 
614 
617 
618 
619 
620 
621 
622 
623 
624 
625 
626 
627 
628 
629 
630 
631 
718 
720 
721 
726 
727 
728 
729 
730 
731 
732 
733 
734 
754 
755 
756 
757 
758 
759 
760 
761 
762 
798 
813 
819 
820 
822 
823 
824 
829 
832 
833 
834 
835 
836 
837 
838 
839 
840 
841 
;
set Bannlisti := 
;
set Fixlisti := 
;
end;
