param S := 878;
param T := 8;
param D := 5;
param windowsize := 0;

param O := 
1 1
2 0
3 0
4 0
5 0
6 0
7 0
8 0
;

param EIM := 
1 0
2 0
3 0
4 0
5 0
6 0
7 1
8 0
;

param SAM := 
1 0
2 0
3 0
4 0
5 0
6 0
7 0
8 1
;

param A := 
1 3
2 9
3 9
4 107
5 53
6 53
7 47
8 152
9 94
10 62
11 61
12 96
13 325
14 4
15 36
16 14
17 7
18 11
19 12
20 11
21 44
22 98
23 62
24 22
25 27
26 36
27 7
28 18
29 5
30 5
31 36
32 36
33 43
34 36
35 7
36 13
37 7
38 7
39 9
40 146
41 146
42 91
43 0
44 18
45 63
46 45
47 3
48 18
49 10
50 8
51 6
52 14
53 12
54 2
55 18
56 3
57 10
58 2
59 12
60 4
61 6
62 6
63 5
64 7
65 71
66 129
67 150
68 9
69 20
70 30
71 4
72 8
73 1
74 1
75 9
76 16
77 39
78 3
79 14
80 9
81 2
82 0
83 14
84 18
85 36
86 0
87 0
88 24
89 14
90 18
91 24
92 8
93 11
94 24
95 24
96 134
97 5
98 36
99 81
100 15
101 169
102 129
103 107
104 44
105 64
106 40
107 81
108 40
109 35
110 30
111 106
112 53
113 53
114 53
115 53
116 133
117 12
118 53
119 54
120 44
121 4
122 186
123 94
124 52
125 36
126 249
127 249
128 141
129 186
130 86
131 133
132 399
133 2
134 86
135 107
136 110
137 212
138 265
139 0
140 8
141 11
142 18
143 11
144 2
145 18
146 9
147 4
148 18
149 22
150 4
151 2
152 2
153 4
154 2
155 4
156 4
157 8
158 8
159 20
160 14
161 110
162 69
163 25
164 32
165 18
166 9
167 7
168 16
169 9
170 13
171 1
172 40
173 44
174 4
175 4
176 4
177 4
178 9
179 2
180 16
181 11
182 14
183 12
184 11
185 13
186 8
187 3
188 7
189 9
190 52
191 39
192 11
193 36
194 28
195 11
196 97
197 42
198 24
199 40
200 94
201 33
202 14
203 44
204 18
205 9
206 4
207 4
208 22
209 7
210 4
211 2
212 32
213 1
214 1
215 12
216 5
217 20
218 0
219 135
220 5
221 3
222 7
223 1
224 0
225 3
226 0
227 1
228 16
229 310
230 182
231 182
232 109
233 91
234 73
235 2
236 1
237 1
238 6
239 12
240 24
241 52
242 52
243 17
244 48
245 12
246 20
247 13
248 5
249 15
250 9
251 10
252 44
253 110
254 110
255 56
256 10
257 5
258 8
259 22
260 13
261 18
262 4
263 9
264 25
265 18
266 26
267 9
268 11
269 13
270 4
271 11
272 9
273 4
274 13
275 4
276 11
277 12
278 7
279 12
280 1
281 7
282 1
283 4
284 8
285 3
286 2
287 6
288 48
289 0
290 12
291 3
292 12
293 2
294 107
295 47
296 12
297 12
298 26
299 24
300 6
301 2
302 22
303 44
304 4
305 7
306 21
307 7
308 13
309 22
310 2
311 2
312 2
313 44
314 14
315 44
316 40
317 13
318 18
319 88
320 22
321 11
322 44
323 7
324 13
325 7
326 7
327 6
328 16
329 133
330 7
331 13
332 28
333 13
334 18
335 7
336 9
337 4
338 8
339 3
340 9
341 11
342 13
343 103
344 17
345 251
346 12
347 25
348 12
349 267
350 100
351 201
352 251
353 125
354 292
355 50
356 5
357 61
358 11
359 30
360 23
361 46
362 42
363 219
364 9
365 18
366 18
367 4
368 3
369 42
370 143
371 40
372 101
373 95
374 20
375 15
376 8
377 113
378 8
379 39
380 13
381 146
382 36
383 40
384 217
385 2
386 16
387 40
388 90
389 265
390 22
391 177
392 15
393 35
394 18
395 24
396 88
397 88
398 9
399 146
400 93
401 2
402 17
403 3
404 3
405 4
406 9
407 4
408 18
409 28
410 4
411 2
412 2
413 9
414 9
415 9
416 8
417 2
418 253
419 73
420 28
421 146
422 16
423 2
424 64
425 65
426 106
427 107
428 265
429 212
430 106
431 141
432 150
433 133
434 35
435 11
436 53
437 177
438 14
439 28
440 28
441 110
442 72
443 44
444 106
445 98
446 179
447 86
448 129
449 186
450 86
451 133
452 22
453 24
454 4
455 9
456 4
457 2
458 8
459 9
460 35
461 24
462 4
463 4
464 59
465 60
466 13
467 7
468 4
469 80
470 129
471 152
472 257
473 0
474 21
475 7
476 2
477 4
478 40
479 71
480 76
481 34
482 54
483 36
484 9
485 22
486 18
487 4
488 40
489 22
490 22
491 4
492 7
493 9
494 9
495 13
496 9
497 4
498 32
499 4
500 0
501 10
502 11
503 9
504 22
505 11
506 40
507 7
508 5
509 5
510 13
511 11
512 2
513 4
514 0
515 9
516 9
517 13
518 17
519 34
520 8
521 17
522 5
523 24
524 52
525 52
526 48
527 36
528 1
529 2
530 5
531 18
532 11
533 15
534 22
535 129
536 55
537 44
538 86
539 18
540 16
541 69
542 35
543 9
544 4
545 56
546 4
547 4
548 0
549 13
550 4
551 0
552 7
553 0
554 30
555 18
556 4
557 9
558 88
559 9
560 31
561 0
562 179
563 90
564 16
565 6
566 6
567 9
568 7
569 36
570 10
571 76
572 157
573 55
574 65
575 27
576 76
577 84
578 18
579 137
580 123
581 231
582 221
583 185
584 133
585 85
586 86
587 110
588 9
589 12
590 9
591 20
592 42
593 43
594 110
595 46
596 57
597 28
598 42
599 3
600 265
601 31
602 9
603 76
604 55
605 46
606 65
607 4
608 11
609 52
610 9
611 18
612 32
613 44
614 24
615 97
616 7
617 16
618 22
619 15
620 12
621 8
622 5
623 9
624 5
625 36
626 11
627 18
628 35
629 19
630 1
631 1
632 26
633 97
634 135
635 55
636 110
637 86
638 45
639 22
640 11
641 33
642 133
643 22
644 2
645 2
646 6
647 7
648 7
649 5
650 36
651 61
652 33
653 22
654 27
655 6
656 23
657 2
658 28
659 46
660 91
661 18
662 14
663 4
664 9
665 30
666 9
667 18
668 69
669 104
670 47
671 107
672 14
673 15
674 6
675 11
676 0
677 4
678 2
679 3
680 9
681 90
682 5
683 13
684 2
685 12
686 11
687 27
688 4
689 11
690 2
691 7
692 24
693 13
694 4
695 4
696 17
697 14
698 2
699 7
700 11
701 30
702 82
703 126
704 102
705 86
706 3
707 4
708 5
709 19
710 16
711 5
712 18
713 5
714 8
715 28
716 8
717 2
718 8
719 9
720 7
721 9
722 10
723 98
724 1
725 28
726 134
727 221
728 168
729 124
730 107
731 47
732 96
733 162
734 162
735 158
736 238
737 94
738 109
739 73
740 73
741 73
742 109
743 109
744 27
745 50
746 100
747 100
748 170
749 24
750 182
751 78
752 73
753 18
754 84
755 63
756 14
757 9
758 15
759 7
760 19
761 22
762 9
763 44
764 12
765 27
766 44
767 9
768 7
769 13
770 4
771 22
772 5
773 4
774 9
775 2
776 14
777 21
778 27
779 8
780 18
781 0
782 107
783 107
784 106
785 107
786 358
787 250
788 133
789 3
790 76
791 11
792 27
793 72
794 67
795 18
796 22
797 7
798 6
799 39
800 18
801 9
802 39
803 36
804 24
805 52
806 36
807 48
808 48
809 36
810 24
811 37
812 107
813 14
814 94
815 1
816 1
817 2
818 21
819 5
820 7
821 4
822 4
823 28
824 16
825 4
826 21
827 8
828 26
829 11
830 9
831 11
832 22
833 9
834 18
835 9
836 1
837 6
838 30
839 0
840 1
841 16
842 3
843 4
844 4
845 18
846 22
847 79
848 13
849 16
850 11
851 11
852 5
853 61
854 11
855 72
856 66
857 133
858 212
859 44
860 13
861 28
862 80
863 52
864 42
865 28
866 46
867 14
868 62
869 62
870 137
871 44
872 66
873 81
874 59
875 14
876 12
877 7
878 12
;

param Ttarget := 
1 1 1000
2 1 1000
3 1 1000
4 1 1000
5 1 500
6 1 500
7 1 500
8 1 500
1 2 1000
2 2 1000
3 2 1000
4 2 1000
5 2 500
6 2 500
7 2 500
8 2 500
1 3 1000
2 3 1000
3 3 1000
4 3 1000
5 3 500
6 3 500
7 3 500
8 3 500
1 4 1000
2 4 1000
3 4 1000
4 4 1000
5 4 500
6 4 500
7 4 500
8 4 500
1 5 1000
2 5 1000
3 5 1000
4 5 1000
5 5 500
6 5 500
7 5 500
8 5 500
;

set Olgerdin := 
1 
2 
3 
4 
5 
6 
7 
8 
9 
10 
11 
12 
13 
228 
229 
230 
231 
232 
233 
246 
343 
344 
345 
346 
347 
348 
349 
350 
351 
352 
353 
354 
355 
356 
357 
358 
359 
360 
361 
362 
363 
364 
365 
366 
367 
368 
369 
370 
371 
372 
373 
374 
375 
376 
377 
378 
383 
384 
385 
386 
387 
388 
389 
390 
391 
392 
401 
402 
403 
404 
405 
406 
407 
408 
409 
413 
414 
415 
416 
417 
669 
694 
723 
725 
726 
727 
728 
729 
730 
731 
732 
733 
734 
735 
736 
737 
738 
739 
740 
741 
742 
743 
744 
745 
746 
747 
836 
837 
848 
849 
850 
851 
852 
853 
854 
855 
856 
857 
858 
859 
860 
861 
862 
863 
864 
865 
866 
867 
868 
869 
870 
871 
872 
873 
874 
875 
876 
877 
;
set Cola := 
34 
40 
41 
42 
43 
44 
45 
46 
79 
393 
394 
395 
396 
397 
398 
399 
400 
410 
411 
412 
418 
419 
420 
421 
422 
750 
751 
752 
753 
754 
755 
756 
838 
;
set Globus := 
288 
289 
290 
291 
292 
293 
423 
424 
425 
426 
427 
428 
429 
430 
431 
432 
433 
434 
435 
436 
437 
438 
439 
440 
441 
442 
443 
444 
445 
446 
447 
448 
449 
450 
451 
478 
479 
480 
481 
482 
483 
484 
485 
486 
487 
488 
489 
490 
491 
492 
493 
494 
495 
496 
497 
498 
499 
507 
508 
509 
510 
511 
512 
513 
514 
515 
516 
517 
518 
519 
520 
521 
522 
530 
531 
721 
757 
758 
759 
760 
761 
762 
763 
764 
765 
766 
767 
768 
769 
770 
771 
772 
773 
774 
775 
776 
777 
778 
779 
782 
783 
784 
785 
786 
787 
788 
789 
790 
791 
792 
793 
794 
795 
796 
797 
812 
813 
817 
818 
;
set Vintrio := 
66 
67 
68 
69 
70 
93 
94 
459 
460 
461 
503 
504 
505 
506 
532 
780 
;
set Brugghusstedja := 
234 
379 
380 
381 
382 
748 
;
set Dista := 
65 
95 
96 
97 
98 
99 
100 
101 
102 
103 
104 
105 
106 
107 
108 
236 
237 
238 
239 
240 
241 
242 
243 
244 
245 
266 
523 
524 
525 
526 
527 
528 
529 
533 
534 
535 
536 
537 
538 
539 
540 
803 
804 
805 
806 
807 
808 
809 
810 
811 
;
set Bakkus := 
541 
542 
543 
544 
545 
546 
547 
548 
549 
550 
551 
552 
553 
554 
555 
556 
557 
558 
559 
560 
561 
562 
563 
564 
832 
833 
834 
;
set Mekka := 
109 
110 
111 
112 
113 
114 
115 
116 
117 
118 
119 
120 
121 
122 
123 
124 
125 
126 
127 
128 
129 
130 
131 
132 
133 
134 
135 
136 
137 
138 
247 
248 
249 
250 
251 
252 
253 
254 
255 
256 
257 
258 
259 
260 
261 
262 
263 
264 
265 
565 
566 
567 
568 
569 
570 
571 
572 
573 
574 
575 
576 
577 
578 
579 
580 
581 
582 
583 
584 
585 
586 
587 
588 
589 
590 
591 
592 
593 
594 
595 
596 
597 
598 
599 
600 
601 
602 
603 
604 
605 
606 
607 
608 
609 
722 
;
set Eimskip := 
140 
141 
142 
143 
144 
145 
146 
147 
148 
149 
150 
151 
152 
153 
154 
155 
156 
157 
158 
159 
160 
161 
162 
163 
164 
165 
166 
167 
168 
169 
170 
171 
189 
190 
191 
192 
193 
194 
195 
199 
200 
211 
212 
294 
295 
610 
611 
612 
614 
615 
616 
617 
620 
621 
622 
623 
624 
625 
626 
627 
628 
632 
633 
634 
635 
636 
637 
638 
639 
640 
641 
642 
643 
644 
645 
646 
649 
654 
655 
656 
657 
658 
659 
660 
661 
662 
663 
664 
665 
666 
667 
668 
670 
671 
674 
675 
676 
677 
678 
679 
680 
681 
682 
683 
684 
685 
686 
687 
688 
693 
698 
699 
700 
701 
711 
712 
713 
714 
715 
716 
717 
718 
719 
720 
819 
839 
840 
;
set Samskip := 
18 
19 
20 
21 
22 
23 
24 
25 
26 
27 
28 
29 
30 
31 
32 
33 
35 
36 
37 
38 
39 
47 
48 
49 
50 
51 
52 
53 
54 
55 
56 
57 
58 
59 
60 
61 
62 
63 
64 
71 
72 
73 
74 
75 
76 
77 
78 
80 
81 
82 
83 
84 
85 
86 
87 
88 
89 
90 
91 
92 
139 
172 
173 
174 
175 
176 
177 
178 
179 
180 
181 
182 
183 
184 
185 
186 
187 
188 
201 
202 
203 
204 
205 
206 
207 
208 
209 
210 
213 
214 
215 
216 
217 
218 
219 
220 
221 
222 
223 
224 
225 
226 
227 
267 
268 
269 
270 
271 
272 
273 
274 
275 
276 
277 
278 
279 
280 
281 
282 
283 
296 
297 
298 
299 
300 
301 
302 
303 
304 
305 
306 
307 
308 
309 
310 
311 
312 
313 
314 
315 
316 
317 
318 
319 
320 
321 
322 
323 
324 
325 
326 
327 
328 
329 
330 
331 
332 
333 
334 
335 
336 
337 
338 
339 
340 
342 
452 
453 
454 
455 
456 
457 
458 
462 
463 
464 
465 
466 
467 
468 
469 
470 
471 
472 
473 
474 
475 
476 
477 
500 
501 
502 
613 
618 
619 
629 
630 
631 
647 
648 
652 
653 
672 
673 
692 
695 
696 
697 
702 
703 
704 
705 
706 
707 
708 
709 
710 
749 
798 
799 
800 
801 
802 
814 
820 
821 
822 
823 
824 
825 
826 
827 
829 
830 
831 
841 
;
set Bannlisti := 
;
set Fixlisti := 
;
end;
