param S := 1004;
param T := 8;
param D := 5;
param windowsize := 0;

param O := 
1 1
2 0
3 0
4 0
5 0
6 0
7 0
8 0
;

param EIM := 
1 0
2 0
3 0
4 0
5 0
6 0
7 1
8 0
;

param SAM := 
1 0
2 0
3 0
4 0
5 0
6 0
7 0
8 1
;

param A := 
1 201
2 150
3 24
4 50
5 301
6 146
7 219
8 36
9 219
10 146
11 91
12 100
13 100
14 97
15 25
16 36
17 70
18 154
19 401
20 47
21 47
22 152
23 53
24 70
25 47
26 62
27 84
28 62
29 73
30 146
31 35
32 73
33 84
34 36
35 134
36 186
37 168
38 56
39 26
40 106
41 14
42 32
43 68
44 44
45 9
46 146
47 72
48 33
49 2
50 2
51 2
52 4
53 2
54 31
55 23
56 2
57 2
58 101
59 40
60 62
61 9
62 4
63 5
64 1
65 1
66 21
67 3
68 5
69 4
70 9
71 3
72 7
73 12
74 6
75 7
76 18
77 13
78 52
79 104
80 48
81 48
82 24
83 27
84 22
85 22
86 30
87 4
88 221
89 2
90 29
91 31
92 65
93 18
94 46
95 107
96 47
97 5
98 1
99 11
100 15
101 82
102 7
103 1
104 14
105 5
106 27
107 3
108 474
109 11
110 5
111 5
112 5
113 122
114 10
115 61
116 61
117 11
118 127
119 112
120 63
121 51
122 158
123 24
124 125
125 50
126 61
127 117
128 401
129 8
130 18
131 42
132 44
133 15
134 79
135 32
136 46
137 18
138 24
139 2
140 3
141 4
142 2
143 2
144 4
145 9
146 4
147 7
148 24
149 129
150 18
151 18
152 11
153 84
154 76
155 13
156 13
157 34
158 55
159 8
160 8
161 0
162 0
163 1
164 13
165 58
166 52
167 14
168 7
169 4
170 6
171 20
172 34
173 9
174 13
175 27
176 61
177 9
178 36
179 44
180 44
181 13
182 27
183 64
184 107
185 133
186 86
187 88
188 98
189 179
190 186
191 4
192 17
193 18
194 4
195 11
196 8
197 107
198 64
199 96
200 398
201 22
202 212
203 53
204 172
205 73
206 5
207 265
208 90
209 18
210 18
211 11
212 7
213 22
214 44
215 0
216 4
217 53
218 186
219 55
220 215
221 55
222 215
223 36
224 21
225 90
226 36
227 28
228 4
229 44
230 4
231 53
232 38
233 106
234 8
235 8
236 16
237 12
238 3
239 14
240 106
241 42
242 333
243 106
244 150
245 107
246 85
247 172
248 107
249 106
250 265
251 4
252 4
253 4
254 8
255 4
256 29
257 36
258 59
259 7
260 2
261 3
262 18
263 7
264 7
265 2
266 4
267 4
268 14
269 8
270 18
271 31
272 4
273 7
274 99
275 54
276 7
277 99
278 4
279 27
280 7
281 13
282 4
283 27
284 18
285 9
286 18
287 11
288 13
289 10
290 13
291 2
292 8
293 9
294 4
295 5
296 7
297 27
298 21
299 6
300 2
301 221
302 13
303 7
304 18
305 30
306 18
307 5
308 5
309 148
310 185
311 105
312 110
313 44
314 18
315 27
316 8
317 18
318 11
319 36
320 7
321 7
322 4
323 5
324 12
325 24
326 26
327 7
328 12
329 13
330 22
331 9
332 13
333 18
334 13
335 9
336 20
337 12
338 7
339 18
340 9
341 18
342 44
343 13
344 14
345 11
346 44
347 19
348 28
349 28
350 95
351 126
352 110
353 86
354 11
355 22
356 12
357 5
358 9
359 9
360 4
361 4
362 4
363 2
364 4
365 4
366 9
367 4
368 7
369 4
370 3
371 2
372 0
373 54
374 2
375 5
376 6
377 7
378 7
379 11
380 13
381 7
382 10
383 9
384 4
385 4
386 23
387 2
388 34
389 134
390 35
391 100
392 125
393 201
394 100
395 100
396 97
397 24
398 215
399 121
400 113
401 40
402 36
403 22
404 318
405 221
406 11
407 9
408 7
409 9
410 7
411 2
412 4
413 5
414 7
415 13
416 4
417 158
418 9
419 7
420 61
421 81
422 27
423 107
424 80
425 0
426 1
427 0
428 1
429 43
430 24
431 21
432 80
433 107
434 134
435 36
436 22
437 179
438 90
439 27
440 27
441 52
442 9
443 13
444 23
445 64
446 221
447 106
448 113
449 32
450 148
451 100
452 124
453 66
454 109
455 109
456 35
457 182
458 9
459 52
460 2
461 186
462 40
463 0
464 13
465 4
466 129
467 129
468 44
469 53
470 14
471 20
472 9
473 12
474 1
475 16
476 24
477 12
478 0
479 52
480 52
481 9
482 48
483 48
484 36
485 0
486 7
487 86
488 17
489 31
490 18
491 14
492 11
493 29
494 18
495 179
496 35
497 25
498 16
499 9
500 3
501 2
502 0
503 4
504 3
505 12
506 12
507 48
508 48
509 27
510 27
511 22
512 11
513 47
514 107
515 2
516 14
517 28
518 21
519 14
520 2
521 6
522 4
523 11
524 3
525 1
526 3
527 1
528 5
529 1
530 65
531 4
532 8
533 5
534 0
535 3
536 4
537 7
538 9
539 9
540 14
541 10
542 11
543 45
544 2
545 7
546 18
547 18
548 18
549 51
550 49
551 18
552 27
553 14
554 4
555 13
556 9
557 2
558 4
559 3
560 15
561 16
562 16
563 22
564 13
565 18
566 6
567 22
568 2
569 2
570 11
571 4
572 2
573 79
574 2
575 8
576 1
577 0
578 72
579 9
580 2
581 2
582 26
583 51
584 44
585 101
586 40
587 27
588 44
589 51
590 42
591 6
592 11
593 11
594 11
595 5
596 122
597 11
598 267
599 0
600 267
601 267
602 46
603 38
604 35
605 179
606 65
607 24
608 44
609 44
610 13
611 40
612 12
613 474
614 8
615 5
616 12
617 7
618 55
619 215
620 122
621 221
622 358
623 66
624 86
625 88
626 0
627 106
628 64
629 42
630 133
631 107
632 106
633 88
634 159
635 150
636 107
637 7
638 4
639 5
640 18
641 4
642 4
643 9
644 7
645 44
646 44
647 143
648 43
649 44
650 76
651 45
652 22
653 53
654 27
655 19
656 2
657 13
658 4
659 11
660 4
661 3
662 13
663 6
664 36
665 27
666 8
667 27
668 13
669 13
670 42
671 18
672 2
673 13
674 24
675 36
676 20
677 46
678 38
679 42
680 52
681 22
682 118
683 36
684 4
685 26
686 4
687 2
688 16
689 23
690 5
691 8
692 4
693 9
694 4
695 1
696 129
697 44
698 386
699 27
700 13
701 35
702 9
703 7
704 18
705 4
706 2
707 15
708 9
709 133
710 129
711 137
712 133
713 265
714 150
715 411
716 215
717 106
718 115
719 222
720 179
721 106
722 133
723 110
724 265
725 6
726 9
727 6
728 0
729 110
730 76
731 118
732 135
733 86
734 55
735 38
736 1
737 45
738 45
739 6
740 51
741 14
742 35
743 11
744 22
745 36
746 0
747 0
748 84
749 19
750 55
751 28
752 15
753 160
754 20
755 111
756 90
757 305
758 80
759 13
760 13
761 13
762 4
763 9
764 18
765 6
766 14
767 28
768 32
769 80
770 38
771 107
772 17
773 3
774 18
775 4
776 9
777 7
778 40
779 249
780 143
781 30
782 90
783 110
784 33
785 44
786 177
787 4
788 7
789 7
790 35
791 18
792 5
793 11
794 11
795 4
796 55
797 133
798 8
799 7
800 4
801 4
802 0
803 4
804 25
805 8
806 0
807 47
808 237
809 125
810 100
811 35
812 36
813 17
814 268
815 168
816 106
817 100
818 133
819 133
820 107
821 94
822 124
823 47
824 84
825 144
826 81
827 81
828 79
829 81
830 401
831 26
832 73
833 140
834 24
835 401
836 136
837 32
838 474
839 4
840 47
841 13
842 36
843 72
844 68
845 27
846 80
847 72
848 18
849 46
850 44
851 190
852 6
853 79
854 364
855 133
856 358
857 80
858 4
859 42
860 31
861 22
862 0
863 66
864 15
865 44
866 160
867 22
868 166
869 72
870 83
871 133
872 44
873 106
874 44
875 12
876 9
877 4
878 4
879 27
880 5
881 7
882 14
883 9
884 16
885 0
886 17
887 7
888 19
889 34
890 143
891 40
892 22
893 14
894 250
895 40
896 11
897 146
898 104
899 52
900 133
901 86
902 115
903 88
904 86
905 122
906 106
907 72
908 78
909 4
910 88
911 106
912 44
913 14
914 43
915 110
916 215
917 45
918 88
919 22
920 98
921 128
922 53
923 54
924 44
925 19
926 27
927 7
928 4
929 9
930 4
931 29
932 16
933 6
934 5
935 24
936 13
937 107
938 10
939 11
940 20
941 12
942 158
943 82
944 4
945 19
946 20
947 4
948 4
949 2
950 22
951 0
952 1
953 0
954 33
955 90
956 49
957 2
958 8
959 27
960 13
961 9
962 24
963 19
964 0
965 5
966 1
967 3
968 25
969 18
970 7
971 61
972 11
973 36
974 40
975 49
976 94
977 310
978 0
979 0
980 182
981 0
982 18
983 91
984 0
985 5
986 5
987 5
988 10
989 61
990 182
991 5
992 81
993 79
994 238
995 158
996 36
997 33
998 66
999 44
1000 156
1001 18
1002 4
1003 9
1004 4
;

param Ttarget := 
1 1 1000
2 1 1000
3 1 1000
4 1 1000
5 1 500
6 1 500
7 1 500
8 1 500
1 2 1000
2 2 1000
3 2 1000
4 2 1000
5 2 500
6 2 500
7 2 500
8 2 500
1 3 1000
2 3 1000
3 3 1000
4 3 1000
5 3 500
6 3 500
7 3 500
8 3 500
1 4 1000
2 4 1000
3 4 1000
4 4 1000
5 4 500
6 4 500
7 4 500
8 4 500
1 5 1000
2 5 1000
3 5 1000
4 5 1000
5 5 500
6 5 500
7 5 500
8 5 500
;

set Olgerdin := 
1 
2 
3 
4 
5 
6 
7 
8 
9 
10 
11 
12 
13 
14 
15 
16 
17 
18 
19 
20 
21 
22 
23 
24 
25 
26 
27 
28 
35 
36 
37 
49 
109 
110 
111 
112 
113 
114 
115 
116 
117 
122 
123 
124 
125 
129 
130 
131 
132 
133 
134 
135 
136 
137 
138 
164 
165 
166 
167 
168 
169 
170 
375 
376 
377 
378 
379 
380 
381 
382 
383 
384 
385 
386 
387 
388 
389 
390 
391 
392 
393 
394 
395 
396 
397 
398 
399 
400 
401 
402 
403 
404 
405 
406 
407 
408 
409 
410 
411 
412 
413 
414 
415 
416 
417 
418 
419 
420 
421 
422 
423 
424 
425 
432 
433 
434 
435 
436 
437 
438 
439 
440 
445 
446 
447 
448 
449 
450 
451 
452 
453 
472 
503 
582 
583 
584 
585 
586 
587 
588 
589 
590 
591 
592 
593 
594 
595 
596 
597 
598 
599 
600 
601 
807 
808 
809 
810 
811 
812 
813 
814 
815 
816 
817 
818 
819 
820 
821 
822 
823 
824 
825 
826 
827 
828 
829 
953 
977 
978 
979 
980 
981 
982 
983 
984 
985 
986 
987 
988 
989 
990 
991 
992 
993 
994 
995 
996 
997 
998 
999 
1000 
1001 
1002 
1003 
;
set Cola := 
29 
30 
31 
32 
33 
34 
38 
39 
40 
41 
42 
43 
44 
45 
46 
47 
48 
52 
53 
59 
60 
108 
118 
119 
120 
121 
128 
426 
427 
428 
454 
455 
456 
457 
504 
602 
603 
604 
605 
606 
607 
608 
609 
610 
611 
612 
613 
614 
615 
830 
831 
832 
833 
834 
835 
836 
837 
838 
839 
840 
841 
843 
844 
845 
846 
847 
848 
849 
850 
851 
852 
853 
854 
857 
858 
859 
860 
;
set Globus := 
171 
172 
173 
174 
175 
176 
177 
178 
179 
180 
181 
182 
183 
184 
185 
186 
187 
188 
189 
190 
191 
192 
193 
194 
195 
206 
430 
460 
505 
506 
507 
508 
616 
617 
619 
620 
621 
622 
623 
624 
625 
627 
628 
629 
630 
631 
632 
633 
634 
635 
636 
637 
638 
639 
640 
641 
642 
643 
644 
645 
646 
647 
648 
649 
650 
651 
652 
653 
654 
655 
656 
657 
658 
659 
660 
661 
662 
663 
664 
665 
666 
667 
668 
669 
670 
671 
672 
673 
674 
675 
676 
677 
678 
679 
680 
681 
682 
855 
856 
864 
865 
866 
867 
868 
869 
870 
871 
872 
873 
874 
875 
876 
877 
878 
879 
880 
881 
882 
883 
884 
885 
886 
887 
888 
889 
890 
891 
892 
893 
894 
895 
896 
897 
898 
899 
900 
901 
902 
903 
904 
905 
906 
;
set Vintrio := 
458 
459 
461 
462 
463 
464 
626 
;
set Brugghusstedja := 
441 
442 
443 
444 
;
set Dista := 
61 
77 
78 
79 
80 
81 
82 
83 
84 
85 
86 
87 
196 
197 
198 
199 
200 
201 
202 
203 
204 
205 
466 
467 
468 
469 
470 
471 
473 
474 
475 
476 
477 
478 
479 
480 
481 
482 
483 
484 
485 
706 
;
set Bakkus := 
50 
66 
88 
90 
207 
208 
209 
210 
211 
212 
213 
214 
215 
216 
217 
218 
219 
220 
221 
222 
223 
224 
225 
226 
301 
302 
303 
373 
374 
487 
488 
489 
490 
491 
492 
493 
494 
495 
496 
497 
498 
499 
500 
501 
549 
550 
551 
552 
553 
560 
561 
579 
580 
581 
618 
805 
806 
907 
908 
909 
910 
911 
912 
913 
914 
915 
916 
917 
918 
919 
954 
955 
956 
957 
958 
959 
960 
961 
;
set Mekka := 
51 
54 
55 
57 
89 
227 
228 
229 
230 
231 
232 
233 
234 
235 
236 
237 
238 
239 
240 
241 
242 
243 
244 
245 
246 
247 
248 
249 
250 
429 
709 
710 
711 
712 
713 
714 
715 
716 
717 
718 
719 
720 
721 
722 
723 
724 
725 
726 
727 
728 
729 
730 
731 
732 
733 
734 
735 
736 
737 
738 
748 
749 
750 
751 
752 
753 
754 
755 
756 
757 
758 
759 
760 
761 
766 
767 
768 
769 
770 
771 
772 
773 
774 
775 
776 
777 
778 
;
set Eimskip := 
56 
92 
94 
95 
96 
254 
255 
256 
257 
258 
259 
260 
261 
268 
269 
270 
271 
272 
273 
274 
275 
276 
277 
278 
279 
280 
281 
291 
292 
293 
300 
304 
305 
306 
307 
308 
309 
310 
311 
312 
313 
314 
315 
316 
317 
318 
431 
513 
514 
522 
523 
524 
525 
526 
527 
528 
529 
530 
534 
535 
538 
539 
540 
541 
542 
543 
559 
565 
566 
567 
568 
569 
578 
739 
740 
741 
742 
743 
744 
762 
763 
764 
765 
779 
780 
781 
782 
783 
784 
785 
786 
787 
789 
790 
791 
792 
793 
796 
797 
798 
799 
951 
952 
;
set Samskip := 
58 
62 
63 
64 
65 
67 
68 
69 
70 
71 
72 
73 
74 
75 
76 
91 
100 
101 
102 
103 
104 
105 
106 
107 
126 
127 
139 
140 
141 
142 
143 
144 
145 
146 
147 
148 
149 
150 
151 
152 
153 
154 
155 
156 
157 
158 
159 
160 
161 
162 
163 
251 
252 
253 
262 
263 
264 
265 
266 
267 
282 
283 
284 
285 
286 
287 
288 
289 
290 
297 
298 
299 
319 
320 
321 
322 
323 
324 
325 
326 
327 
328 
329 
330 
331 
332 
333 
334 
335 
336 
337 
338 
339 
340 
341 
342 
343 
344 
345 
346 
347 
348 
349 
350 
351 
352 
353 
355 
356 
357 
358 
359 
360 
361 
362 
363 
364 
365 
366 
367 
368 
369 
370 
371 
486 
502 
509 
510 
511 
512 
515 
516 
517 
518 
519 
520 
521 
531 
532 
536 
537 
544 
545 
546 
547 
548 
557 
562 
563 
564 
684 
685 
686 
687 
688 
689 
690 
691 
692 
693 
694 
695 
696 
697 
698 
699 
700 
701 
702 
703 
704 
705 
707 
708 
745 
746 
747 
861 
862 
863 
920 
921 
922 
923 
924 
925 
926 
927 
928 
929 
932 
933 
934 
935 
936 
937 
938 
939 
940 
941 
942 
943 
944 
945 
946 
947 
948 
949 
950 
964 
965 
966 
967 
968 
969 
970 
971 
972 
973 
974 
975 
976 
;
set Bannlisti := 
;
set Fixlisti := 
;
end;
