param S := 663;
param T := 8;
param D := 5;
param windowsize := 0;

param O := 
1 1
2 0
3 0
4 0
5 0
6 0
7 0
8 0
;

param EIM := 
1 0
2 0
3 0
4 0
5 0
6 0
7 1
8 0
;

param SAM := 
1 0
2 0
3 0
4 0
5 0
6 0
7 0
8 1
;

param A := 
1 182
2 73
3 128
4 9
5 243
6 6
7 2
8 4
9 4
10 2
11 0
12 11
13 11
14 13
15 11
16 64
17 52
18 88
19 106
20 88
21 150
22 106
23 107
24 221
25 129
26 7
27 14
28 9
29 4
30 44
31 2
32 5
33 4
34 2
35 71
36 23
37 36
38 11
39 5
40 11
41 122
42 72
43 13
44 6
45 9
46 4
47 13
48 11
49 23
50 4
51 8
52 94
53 86
54 215
55 185
56 110
57 399
58 133
59 27
60 47
61 76
62 6
63 6
64 9
65 9
66 5
67 90
68 50
69 221
70 52
71 265
72 265
73 133
74 4
75 18
76 9
77 2
78 9
79 10
80 1
81 58
82 118
83 55
84 29
85 0
86 83
87 30
88 55
89 28
90 36
91 141
92 40
93 62
94 12
95 44
96 9
97 127
98 1
99 12
100 27
101 16
102 5
103 4
104 4
105 4
106 9
107 27
108 8
109 4
110 8
111 18
112 27
113 16
114 3
115 27
116 14
117 4
118 9
119 18
120 0
121 13
122 4
123 9
124 9
125 4
126 0
127 18
128 44
129 2
130 35
131 33
132 4
133 43
134 46
135 23
136 7
137 0
138 0
139 14
140 16
141 8
142 3
143 2
144 40
145 0
146 2
147 22
148 17
149 12
150 4
151 6
152 27
153 44
154 8
155 2
156 32
157 4
158 28
159 44
160 9
161 24
162 7
163 5
164 14
165 109
166 73
167 182
168 5
169 11
170 7
171 110
172 80
173 107
174 106
175 100
176 106
177 96
178 113
179 50
180 50
181 50
182 97
183 16
184 4
185 4
186 4
187 4
188 13
189 11
190 44
191 54
192 133
193 168
194 221
195 134
196 221
197 88
198 17
199 5
200 61
201 207
202 11
203 16
204 6
205 44
206 129
207 22
208 44
209 54
210 18
211 18
212 22
213 6
214 12
215 7
216 4
217 12
218 7
219 52
220 52
221 12
222 36
223 12
224 3
225 12
226 4
227 4
228 4
229 1
230 11
231 31
232 6
233 17
234 9
235 9
236 88
237 11
238 0
239 44
240 9
241 18
242 0
243 4
244 7
245 8
246 5
247 4
248 4
249 15
250 2
251 7
252 2
253 3
254 45
255 134
256 4
257 0
258 7
259 9
260 20
261 2
262 42
263 11
264 2
265 12
266 6
267 1
268 2
269 2
270 7
271 7
272 12
273 3
274 10
275 8
276 4
277 13
278 7
279 4
280 4
281 9
282 68
283 5
284 21
285 11
286 7
287 6
288 7
289 6
290 7
291 1
292 28
293 28
294 7
295 5
296 12
297 24
298 6
299 2
300 8
301 8
302 8
303 27
304 9
305 2
306 61
307 24
308 47
309 2
310 1
311 1
312 79
313 4
314 13
315 4
316 30
317 15
318 40
319 42
320 18
321 8
322 23
323 27
324 61
325 63
326 75
327 6
328 11
329 16
330 5
331 84
332 122
333 16
334 259
335 4
336 42
337 62
338 70
339 22
340 7
341 4
342 2
343 4
344 4
345 4
346 2
347 3
348 21
349 23
350 88
351 35
352 4
353 11
354 93
355 22
356 109
357 52
358 19
359 182
360 267
361 36
362 1
363 4
364 4
365 4
366 8
367 9
368 7
369 4
370 14
371 2
372 4
373 12
374 20
375 111
376 5
377 18
378 143
379 18
380 44
381 27
382 11
383 4
384 0
385 146
386 265
387 106
388 107
389 358
390 66
391 86
392 86
393 159
394 9
395 7
396 4
397 47
398 150
399 133
400 133
401 106
402 33
403 80
404 27
405 28
406 47
407 305
408 46
409 67
410 73
411 6
412 9
413 6
414 5
415 9
416 9
417 10
418 6
419 7
420 53
421 27
422 37
423 105
424 34
425 28
426 35
427 9
428 23
429 22
430 22
431 1
432 3
433 11
434 17
435 9
436 13
437 3
438 6
439 2
440 0
441 4
442 2
443 9
444 7
445 9
446 4
447 9
448 32
449 17
450 12
451 14
452 97
453 27
454 1
455 1
456 22
457 9
458 2
459 2
460 13
461 2
462 4
463 17
464 17
465 12
466 46
467 11
468 2
469 8
470 18
471 22
472 22
473 7
474 3
475 18
476 17
477 9
478 13
479 2
480 10
481 1
482 13
483 4
484 56
485 11
486 20
487 14
488 7
489 4
490 4
491 7
492 3
493 0
494 8
495 2
496 18
497 2
498 4
499 9
500 8
501 4
502 4
503 8
504 18
505 8
506 4
507 2
508 4
509 4
510 4
511 12
512 0
513 7
514 66
515 133
516 40
517 106
518 17
519 24
520 6
521 6
522 12
523 24
524 26
525 18
526 36
527 4
528 16
529 24
530 12
531 12
532 125
533 36
534 125
535 125
536 125
537 91
538 91
539 91
540 91
541 125
542 47
543 47
544 47
545 84
546 101
547 94
548 1
549 1
550 2
551 32
552 4
553 11
554 18
555 2
556 91
557 10
558 364
559 51
560 73
561 103
562 32
563 146
564 24
565 61
566 39
567 3
568 4
569 13
570 4
571 2
572 80
573 134
574 6
575 60
576 104
577 4
578 72
579 7
580 12
581 22
582 7
583 15
584 8
585 24
586 59
587 59
588 36
589 24
590 12
591 63
592 7
593 5
594 15
595 52
596 17
597 22
598 27
599 12
600 9
601 44
602 5
603 215
604 66
605 44
606 22
607 4
608 22
609 22
610 9
611 2
612 3
613 7
614 3
615 61
616 5
617 1
618 0
619 0
620 146
621 194
622 12
623 49
624 4
625 4
626 5
627 5
628 1
629 1
630 5
631 10
632 61
633 5
634 61
635 8
636 2
637 44
638 10
639 4
640 124
641 15
642 64
643 133
644 96
645 107
646 40
647 25
648 15
649 9
650 4
651 2
652 4
653 5
654 6
655 6
656 8
657 15
658 5
659 7
660 24
661 6
662 7
663 36
;

param Ttarget := 
1 1 1000
2 1 1000
3 1 1000
4 1 1000
5 1 500
6 1 500
7 1 500
8 1 500
1 2 1000
2 2 1000
3 2 1000
4 2 1000
5 2 500
6 2 500
7 2 500
8 2 500
1 3 1000
2 3 1000
3 3 1000
4 3 1000
5 3 500
6 3 500
7 3 500
8 3 500
1 4 1000
2 4 1000
3 4 1000
4 4 1000
5 4 500
6 4 500
7 4 500
8 4 500
1 5 1000
2 5 1000
3 5 1000
4 5 1000
5 5 500
6 5 500
7 5 500
8 5 500
;

set Olgerdin := 
165 
166 
167 
168 
169 
170 
171 
172 
173 
174 
175 
176 
177 
178 
179 
180 
181 
182 
183 
184 
185 
186 
187 
188 
189 
190 
191 
192 
193 
194 
195 
196 
197 
309 
314 
315 
316 
317 
318 
319 
320 
321 
322 
323 
324 
325 
327 
328 
329 
330 
331 
332 
333 
334 
335 
336 
337 
338 
339 
340 
341 
342 
532 
533 
534 
535 
536 
537 
538 
539 
540 
541 
542 
543 
544 
545 
546 
630 
631 
632 
633 
634 
635 
636 
637 
638 
639 
640 
641 
642 
643 
644 
645 
646 
647 
648 
649 
650 
651 
652 
653 
;
set Cola := 
1 
2 
3 
4 
6 
7 
198 
201 
343 
344 
345 
346 
347 
348 
349 
350 
351 
352 
353 
354 
355 
356 
357 
358 
359 
360 
551 
556 
557 
558 
559 
560 
561 
562 
563 
573 
;
set Globus := 
16 
17 
18 
19 
20 
21 
22 
23 
24 
25 
26 
27 
28 
29 
30 
31 
32 
33 
34 
35 
36 
37 
38 
39 
40 
41 
42 
43 
44 
45 
46 
47 
48 
49 
50 
51 
296 
297 
298 
299 
363 
364 
365 
366 
367 
368 
369 
370 
371 
374 
375 
376 
377 
378 
379 
380 
381 
382 
383 
384 
385 
386 
387 
388 
389 
390 
391 
392 
393 
591 
;
set Vintrio := 
226 
227 
228 
362 
;
set Brugghusstedja := 
;
set Dista := 
202 
203 
204 
205 
206 
207 
208 
209 
210 
211 
212 
213 
214 
215 
216 
217 
218 
219 
220 
221 
222 
223 
224 
225 
574 
575 
576 
577 
578 
579 
580 
581 
582 
583 
584 
585 
586 
587 
588 
589 
590 
;
set Bakkus := 
253 
254 
255 
256 
257 
258 
259 
260 
263 
264 
265 
266 
267 
268 
269 
270 
271 
595 
596 
597 
598 
599 
600 
601 
602 
603 
604 
605 
606 
607 
608 
609 
610 
611 
;
set Mekka := 
52 
53 
54 
55 
56 
57 
58 
59 
60 
61 
62 
63 
64 
65 
66 
67 
68 
69 
70 
71 
72 
73 
74 
75 
76 
77 
78 
79 
80 
81 
82 
83 
84 
85 
86 
87 
88 
89 
90 
91 
107 
108 
109 
110 
111 
112 
326 
361 
397 
398 
399 
400 
401 
402 
403 
404 
405 
406 
407 
408 
409 
410 
411 
412 
413 
414 
415 
416 
417 
418 
419 
420 
421 
422 
423 
424 
425 
426 
427 
428 
429 
430 
431 
432 
433 
434 
435 
437 
438 
;
set Eimskip := 
92 
93 
94 
95 
96 
100 
101 
102 
103 
104 
105 
106 
113 
114 
115 
116 
117 
123 
124 
125 
126 
133 
134 
135 
138 
139 
140 
141 
146 
147 
158 
261 
262 
272 
281 
282 
283 
284 
285 
304 
305 
439 
440 
441 
442 
443 
444 
445 
446 
447 
448 
449 
450 
451 
452 
453 
454 
455 
456 
457 
458 
459 
460 
461 
462 
463 
464 
465 
466 
467 
468 
469 
470 
471 
472 
473 
475 
476 
477 
478 
479 
480 
481 
482 
483 
484 
485 
486 
487 
488 
489 
490 
491 
494 
495 
496 
497 
498 
499 
505 
506 
507 
508 
509 
510 
511 
512 
513 
616 
617 
;
set Samskip := 
5 
8 
9 
10 
11 
12 
13 
14 
15 
97 
118 
119 
120 
121 
122 
127 
128 
129 
130 
131 
132 
136 
137 
144 
145 
148 
149 
150 
151 
152 
153 
154 
155 
156 
157 
159 
160 
161 
162 
199 
200 
229 
230 
231 
232 
233 
234 
235 
236 
237 
238 
239 
240 
241 
242 
243 
244 
245 
246 
247 
248 
249 
250 
251 
252 
273 
274 
275 
286 
287 
288 
289 
290 
291 
292 
293 
294 
295 
303 
436 
474 
492 
493 
500 
504 
514 
515 
516 
517 
518 
519 
520 
521 
522 
523 
524 
525 
526 
527 
528 
547 
548 
549 
552 
553 
554 
555 
564 
565 
566 
567 
568 
569 
570 
571 
572 
592 
593 
594 
612 
613 
614 
618 
619 
620 
621 
622 
623 
624 
625 
626 
627 
628 
629 
654 
655 
656 
657 
658 
659 
660 
661 
662 
;
set Bannlisti := 
;
set Fixlisti := 
;
end;
