param S := 914;
param T := 8;
param D := 5;
param windowsize := 0;

param O := 
1 1
2 0
3 0
4 0
5 0
6 0
7 0
8 0
;

param EIM := 
1 0
2 0
3 0
4 0
5 0
6 0
7 1
8 0
;

param SAM := 
1 0
2 0
3 0
4 0
5 0
6 0
7 0
8 1
;

param A := 
1 35
2 150
3 50
4 25
5 267
6 26
7 6
8 5
9 5
10 56
11 61
12 106
13 47
14 152
15 2
16 76
17 46
18 51
19 14
20 105
21 47
22 30
23 4
24 4
25 5
26 37
27 46
28 42
29 136
30 22
31 146
32 72
33 54
34 8
35 40
36 8
37 12
38 90
39 9
40 12
41 14
42 7
43 19
44 474
45 3
46 12
47 5
48 6
49 6
50 6
51 7
52 18
53 36
54 24
55 3
56 253
57 10
58 63
59 84
60 36
61 6
62 6
63 39
64 11
65 8
66 11
67 5
68 10
69 12
70 12
71 21
72 190
73 129
74 80
75 29
76 15
77 7
78 7
79 13
80 11
81 14
82 9
83 35
84 24
85 24
86 12
87 1
88 20
89 18
90 27
91 44
92 22
93 24
94 7
95 30
96 8
97 81
98 257
99 22
100 77
101 36
102 24
103 48
104 59
105 24
106 17
107 12
108 24
109 24
110 24
111 52
112 104
113 8
114 48
115 18
116 3
117 44
118 152
119 22
120 16
121 55
122 7
123 14
124 16
125 9
126 2
127 22
128 26
129 88
130 18
131 72
132 13
133 13
134 3
135 27
136 3
137 65
138 27
139 13
140 3
141 8
142 3
143 73
144 146
145 146
146 219
147 91
148 61
149 146
150 24
151 401
152 127
153 84
154 6
155 24
156 27
157 8
158 83
159 44
160 106
161 18
162 68
163 20
164 13
165 125
166 88
167 88
168 13
169 51
170 8
171 2
172 8
173 65
174 106
175 86
176 141
177 107
178 0
179 98
180 66
181 13
182 13
183 9
184 4
185 13
186 11
187 9
188 5
189 2
190 13
191 9
192 13
193 52
194 18
195 185
196 86
197 106
198 265
199 13
200 13
201 22
202 222
203 7
204 84
205 4
206 11
207 2
208 18
209 8
210 9
211 21
212 17
213 65
214 106
215 36
216 23
217 110
218 141
219 115
220 88
221 55
222 55
223 43
224 37
225 110
226 36
227 110
228 96
229 46
230 37
231 67
232 37
233 33
234 38
235 44
236 55
237 20
238 27
239 48
240 90
241 84
242 55
243 107
244 159
245 14
246 36
247 2
248 5
249 7
250 1
251 14
252 4
253 15
254 12
255 7
256 6
257 8
258 27
259 27
260 0
261 7
262 2
263 9
264 9
265 8
266 9
267 7
268 18
269 5
270 15
271 18
272 22
273 22
274 11
275 44
276 8
277 22
278 9
279 13
280 9
281 9
282 9
283 9
284 9
285 25
286 3
287 43
288 26
289 7
290 27
291 18
292 7
293 4
294 2
295 2
296 6
297 6
298 135
299 19
300 30
301 16
302 22
303 14
304 0
305 18
306 66
307 8
308 4
309 0
310 7
311 2
312 11
313 7
314 2
315 8
316 89
317 135
318 119
319 72
320 18
321 17
322 96
323 0
324 96
325 133
326 107
327 146
328 182
329 91
330 100
331 150
332 88
333 212
334 134
335 124
336 186
337 64
338 221
339 168
340 113
341 0
342 0
343 11
344 46
345 199
346 90
347 221
348 100
349 110
350 106
351 177
352 107
353 6
354 9
355 2
356 11
357 4
358 4
359 4
360 73
361 6
362 75
363 10
364 39
365 38
366 14
367 5
368 110
369 2
370 130
371 18
372 93
373 35
374 60
375 4
376 50
377 3
378 24
379 13
380 27
381 2
382 64
383 44
384 27
385 22
386 80
387 186
388 49
389 88
390 72
391 17
392 35
393 24
394 0
395 24
396 24
397 5
398 3
399 20
400 12
401 13
402 43
403 69
404 24
405 48
406 9
407 73
408 107
409 107
410 106
411 86
412 88
413 72
414 22
415 22
416 221
417 150
418 411
419 215
420 86
421 107
422 7
423 27
424 20
425 47
426 74
427 46
428 46
429 118
430 249
431 68
432 101
433 49
434 10
435 13
436 6
437 6
438 42
439 106
440 35
441 55
442 95
443 76
444 53
445 53
446 157
447 65
448 60
449 22
450 203
451 215
452 36
453 9
454 4
455 4
456 11
457 4
458 9
459 2
460 10
461 9
462 2
463 13
464 13
465 9
466 2
467 9
468 10
469 1
470 66
471 7
472 7
473 18
474 52
475 5
476 7
477 5
478 2
479 13
480 2
481 0
482 9
483 12
484 48
485 6
486 6
487 2
488 7
489 42
490 28
491 14
492 2
493 2
494 3
495 9
496 3
497 6
498 43
499 6
500 31
501 13
502 18
503 22
504 22
505 44
506 4
507 2
508 7
509 5
510 20
511 3
512 3
513 27
514 9
515 5
516 11
517 24
518 3
519 7
520 8
521 46
522 13
523 0
524 56
525 7
526 2
527 0
528 12
529 3
530 3
531 5
532 2
533 13
534 29
535 2
536 22
537 7
538 2
539 7
540 4
541 7
542 4
543 13
544 33
545 5
546 34
547 9
548 4
549 1
550 4
551 4
552 13
553 6
554 37
555 4
556 9
557 8
558 0
559 100
560 100
561 24
562 75
563 9
564 12
565 12
566 134
567 109
568 2
569 0
570 80
571 44
572 44
573 18
574 12
575 126
576 219
577 37
578 215
579 55
580 42
581 77
582 9
583 19
584 8
585 18
586 4
587 9
588 146
589 128
590 5
591 5
592 23
593 11
594 11
595 26
596 1
597 1
598 26
599 36
600 36
601 22
602 5
603 4
604 11
605 316
606 83
607 94
608 4
609 3
610 8
611 21
612 4
613 12
614 9
615 19
616 9
617 3
618 211
619 84
620 73
621 79
622 225
623 0
624 73
625 51
626 73
627 71
628 15
629 74
630 45
631 34
632 88
633 9
634 143
635 76
636 88
637 27
638 13
639 4
640 14
641 7
642 18
643 30
644 55
645 72
646 44
647 44
648 13
649 4
650 7
651 8
652 9
653 12
654 4
655 9
656 5
657 7
658 106
659 64
660 107
661 80
662 150
663 86
664 133
665 86
666 250
667 2
668 13
669 4
670 17
671 2
672 2
673 4
674 16
675 19
676 3
677 88
678 90
679 8
680 265
681 106
682 86
683 85
684 86
685 179
686 86
687 123
688 94
689 221
690 9
691 22
692 22
693 66
694 7
695 6
696 34
697 13
698 4
699 4
700 53
701 53
702 20
703 53
704 53
705 53
706 53
707 27
708 46
709 57
710 53
711 19
712 107
713 133
714 221
715 64
716 83
717 222
718 44
719 83
720 76
721 31
722 123
723 20
724 3
725 7
726 36
727 24
728 6
729 18
730 2
731 2
732 9
733 17
734 36
735 28
736 97
737 27
738 3
739 27
740 168
741 86
742 44
743 44
744 26
745 14
746 27
747 4
748 2
749 9
750 42
751 0
752 7
753 12
754 14
755 0
756 0
757 5
758 9
759 27
760 9
761 0
762 79
763 1
764 1
765 4
766 23
767 134
768 133
769 44
770 107
771 47
772 47
773 62
774 84
775 158
776 317
777 9
778 5
779 5
780 5
781 61
782 91
783 73
784 109
785 75
786 75
787 50
788 125
789 25
790 100
791 97
792 9
793 12
794 185
795 12
796 1
797 3
798 19
799 36
800 1
801 1
802 27
803 0
804 2
805 4
806 13
807 9
808 20
809 4
810 6
811 4
812 12
813 2
814 1
815 36
816 52
817 78
818 9
819 36
820 59
821 24
822 0
823 129
824 129
825 66
826 106
827 86
828 33
829 30
830 4
831 105
832 7
833 13
834 0
835 0
836 43
837 56
838 13
839 4
840 7
841 21
842 44
843 34
844 110
845 90
846 9
847 215
848 29
849 45
850 179
851 55
852 27
853 27
854 7
855 29
856 35
857 110
858 24
859 18
860 8
861 24
862 78
863 13
864 40
865 7
866 4
867 4
868 14
869 46
870 11
871 8
872 32
873 2
874 7
875 8
876 30
877 1
878 0
879 34
880 5
881 22
882 54
883 65
884 14
885 0
886 63
887 13
888 11
889 11
890 11
891 11
892 61
893 33
894 113
895 108
896 28
897 46
898 92
899 215
900 133
901 124
902 100
903 134
904 107
905 18
906 59
907 62
908 14
909 48
910 172
911 54
912 160
913 30
914 101
;

param Ttarget := 
1 1 1000
2 1 1000
3 1 1000
4 1 1000
5 1 500
6 1 500
7 1 500
8 1 500
1 2 1000
2 2 1000
3 2 1000
4 2 1000
5 2 500
6 2 500
7 2 500
8 2 500
1 3 1000
2 3 1000
3 3 1000
4 3 1000
5 3 500
6 3 500
7 3 500
8 3 500
1 4 1000
2 4 1000
3 4 1000
4 4 1000
5 4 500
6 4 500
7 4 500
8 4 500
1 5 1000
2 5 1000
3 5 1000
4 5 1000
5 5 500
6 5 500
7 5 500
8 5 500
;

set Olgerdin := 
2 
3 
4 
5 
6 
7 
8 
9 
10 
11 
12 
13 
14 
15 
16 
17 
18 
19 
20 
21 
35 
36 
37 
38 
39 
40 
41 
42 
140 
141 
142 
143 
144 
145 
146 
147 
148 
149 
150 
189 
319 
320 
321 
322 
323 
324 
325 
326 
327 
328 
329 
330 
331 
332 
333 
334 
335 
336 
337 
338 
339 
340 
341 
342 
343 
344 
345 
346 
347 
348 
349 
350 
351 
369 
559 
560 
561 
562 
563 
564 
565 
566 
567 
568 
569 
570 
571 
572 
573 
574 
575 
576 
577 
578 
579 
580 
581 
582 
583 
584 
585 
586 
587 
588 
589 
590 
591 
592 
593 
766 
767 
768 
769 
770 
771 
772 
773 
774 
775 
776 
777 
778 
779 
780 
781 
782 
783 
784 
785 
786 
787 
788 
789 
790 
791 
792 
793 
885 
887 
888 
889 
890 
891 
892 
893 
894 
895 
896 
897 
898 
899 
900 
901 
902 
903 
904 
905 
906 
907 
908 
909 
910 
911 
912 
913 
;
set Cola := 
1 
26 
27 
28 
29 
30 
31 
32 
33 
34 
43 
44 
56 
57 
58 
59 
60 
151 
152 
153 
154 
358 
359 
360 
361 
370 
371 
372 
373 
374 
375 
376 
618 
619 
620 
621 
622 
623 
624 
625 
626 
794 
795 
;
set Globus := 
155 
156 
157 
158 
159 
160 
161 
162 
163 
164 
165 
166 
167 
168 
169 
170 
171 
172 
173 
174 
175 
176 
177 
178 
179 
180 
181 
182 
183 
184 
318 
380 
381 
483 
484 
485 
486 
487 
627 
628 
629 
630 
631 
632 
633 
634 
635 
636 
637 
638 
639 
640 
641 
642 
643 
644 
645 
646 
647 
648 
649 
650 
651 
652 
653 
654 
655 
656 
657 
658 
659 
660 
661 
662 
663 
664 
665 
666 
667 
668 
669 
670 
671 
672 
673 
674 
675 
731 
;
set Vintrio := 
83 
84 
85 
86 
87 
88 
89 
90 
91 
92 
93 
94 
95 
378 
379 
382 
383 
384 
385 
386 
387 
388 
389 
390 
391 
392 
393 
394 
395 
396 
397 
398 
399 
;
set Brugghusstedja := 
;
set Dista := 
96 
97 
98 
99 
100 
101 
102 
103 
104 
105 
106 
107 
108 
109 
110 
111 
112 
113 
114 
400 
401 
402 
403 
404 
405 
406 
407 
408 
409 
410 
411 
412 
413 
414 
415 
517 
558 
677 
679 
814 
815 
816 
817 
818 
819 
820 
821 
822 
823 
824 
825 
826 
827 
828 
829 
830 
831 
;
set Bakkus := 
115 
116 
117 
118 
119 
120 
121 
122 
123 
124 
125 
126 
127 
128 
129 
130 
131 
186 
448 
449 
450 
451 
452 
453 
454 
455 
456 
457 
458 
459 
460 
461 
462 
463 
464 
465 
466 
467 
470 
471 
472 
473 
678 
765 
836 
837 
838 
839 
840 
841 
842 
843 
844 
845 
846 
847 
848 
849 
850 
851 
852 
853 
855 
856 
857 
858 
859 
;
set Mekka := 
190 
191 
192 
193 
194 
195 
196 
197 
198 
199 
200 
201 
202 
203 
204 
205 
206 
207 
208 
209 
210 
212 
213 
214 
215 
216 
217 
218 
219 
220 
221 
222 
223 
224 
225 
226 
227 
228 
229 
230 
231 
232 
233 
234 
235 
236 
237 
238 
239 
240 
241 
242 
243 
244 
245 
246 
251 
252 
253 
254 
255 
256 
257 
258 
259 
260 
416 
417 
418 
419 
420 
421 
422 
423 
424 
425 
426 
427 
428 
429 
430 
431 
432 
433 
434 
435 
436 
437 
438 
439 
440 
441 
442 
443 
444 
445 
446 
447 
609 
680 
681 
682 
683 
684 
685 
686 
687 
688 
689 
690 
691 
692 
693 
694 
695 
696 
697 
698 
699 
700 
701 
702 
703 
704 
705 
706 
707 
708 
709 
710 
711 
712 
713 
714 
715 
716 
717 
718 
719 
720 
721 
722 
723 
724 
725 
832 
833 
834 
835 
854 
;
set Eimskip := 
135 
136 
137 
185 
187 
188 
263 
264 
265 
266 
267 
268 
269 
282 
283 
284 
285 
286 
287 
288 
289 
290 
293 
294 
295 
296 
297 
298 
299 
300 
301 
302 
303 
304 
305 
474 
477 
478 
479 
480 
481 
482 
494 
495 
496 
497 
498 
499 
501 
502 
503 
504 
505 
506 
507 
508 
509 
510 
512 
521 
522 
523 
524 
525 
526 
732 
733 
734 
735 
736 
737 
738 
739 
740 
741 
742 
743 
744 
745 
746 
747 
748 
749 
750 
751 
752 
753 
754 
755 
756 
757 
758 
759 
760 
761 
862 
872 
873 
874 
875 
876 
;
set Samskip := 
22 
23 
24 
25 
45 
46 
47 
48 
49 
50 
51 
52 
53 
54 
55 
61 
62 
63 
64 
65 
66 
67 
68 
69 
70 
71 
72 
73 
74 
75 
76 
77 
78 
79 
80 
81 
82 
132 
133 
134 
138 
139 
211 
247 
248 
249 
250 
261 
262 
271 
272 
273 
274 
275 
276 
277 
278 
279 
280 
281 
291 
292 
306 
307 
308 
309 
310 
311 
312 
313 
314 
315 
316 
317 
352 
353 
354 
355 
356 
357 
362 
363 
364 
365 
366 
367 
368 
377 
488 
489 
490 
491 
492 
493 
500 
511 
513 
514 
515 
516 
527 
528 
529 
530 
531 
532 
533 
534 
535 
536 
537 
538 
539 
540 
541 
542 
543 
544 
545 
546 
547 
548 
549 
594 
595 
596 
597 
598 
599 
600 
601 
602 
603 
604 
605 
606 
607 
608 
610 
611 
612 
613 
614 
615 
616 
617 
676 
726 
727 
728 
729 
730 
802 
803 
804 
805 
806 
807 
808 
809 
810 
811 
812 
813 
860 
861 
863 
864 
865 
866 
867 
868 
869 
870 
871 
877 
878 
879 
881 
882 
883 
884 
886 
;
set Bannlisti := 
;
set Fixlisti := 
;
end;
