param S := 976;
param T := 8;
param D := 5;
param windowsize := 0;

param O := 
1 1
2 0
3 0
4 0
5 0
6 0
7 0
8 0
;

param EIM := 
1 0
2 0
3 0
4 0
5 0
6 0
7 1
8 0
;

param SAM := 
1 0
2 0
3 0
4 0
5 0
6 0
7 0
8 1
;

param A := 
1 5
2 11
3 10
4 122
5 69
6 26
7 72
8 88
9 42
10 14
11 168
12 133
13 104
14 113
15 5
16 14
17 134
18 100
19 23
20 73
21 81
22 38
23 7
24 10
25 303
26 219
27 84
28 101
29 216
30 35
31 28
32 31
33 146
34 18
35 33
36 88
37 238
38 190
39 38
40 88
41 44
42 212
43 40
44 221
45 106
46 0
47 0
48 1
49 177
50 6
51 11
52 104
53 106
54 182
55 69
56 169
57 5
58 6
59 15
60 10
61 6
62 3
63 24
64 12
65 7
66 36
67 5
68 4
69 7
70 18
71 7
72 36
73 54
74 7
75 7
76 1
77 4
78 6
79 4
80 24
81 3
82 12
83 14
84 2
85 14
86 8
87 6
88 18
89 3
90 5
91 5
92 27
93 4
94 8
95 7
96 12
97 13
98 7
99 9
100 32
101 16
102 29
103 2
104 16
105 13
106 7
107 27
108 12
109 66
110 26
111 16
112 3
113 14
114 1
115 2
116 4
117 3
118 7
119 19
120 13
121 24
122 24
123 69
124 37
125 95
126 71
127 24
128 97
129 0
130 4
131 50
132 53
133 8
134 129
135 107
136 129
137 86
138 37
139 179
140 9
141 13
142 18
143 22
144 11
145 40
146 88
147 44
148 88
149 9
150 26
151 430
152 72
153 179
154 265
155 107
156 7
157 9
158 17
159 12
160 7
161 3
162 28
163 17
164 3
165 11
166 29
167 55
168 18
169 22
170 29
171 22
172 18
173 26
174 9
175 13
176 13
177 10
178 12
179 5
180 22
181 72
182 44
183 4
184 2
185 2
186 0
187 78
188 59
189 168
190 28
191 72
192 38
193 38
194 14
195 18
196 63
197 7
198 19
199 55
200 104
201 55
202 20
203 88
204 96
205 46
206 67
207 36
208 8
209 18
210 113
211 11
212 9
213 9
214 25
215 18
216 4
217 27
218 55
219 46
220 135
221 67
222 55
223 157
224 32
225 72
226 141
227 35
228 8
229 398
230 107
231 9
232 2
233 2
234 4
235 7
236 4
237 2
238 4
239 5
240 3
241 61
242 792
243 21
244 47
245 210
246 47
247 62
248 144
249 317
250 154
251 634
252 237
253 251
254 251
255 75
256 365
257 8
258 8
259 12
260 12
261 438
262 14
263 11
264 16
265 5
266 2
267 86
268 36
269 158
270 120
271 18
272 44
273 107
274 12
275 7
276 5
277 182
278 253
279 0
280 63
281 19
282 103
283 5
284 112
285 24
286 73
287 267
288 7
289 32
290 32
291 43
292 43
293 4
294 11
295 48
296 14
297 71
298 160
299 166
300 106
301 72
302 7
303 18
304 129
305 52
306 106
307 106
308 133
309 122
310 133
311 221
312 716
313 86
314 44
315 4
316 7
317 66
318 21
319 44
320 44
321 125
322 22
323 42
324 4
325 9
326 4
327 4
328 11
329 61
330 8
331 2
332 4
333 9
334 4
335 0
336 17
337 16
338 12
339 4
340 40
341 32
342 42
343 52
344 52
345 90
346 13
347 6
348 150
349 133
350 86
351 128
352 107
353 5
354 399
355 133
356 172
357 179
358 44
359 2
360 52
361 22
362 95
363 4
364 4
365 2
366 13
367 4
368 2
369 4
370 13
371 7
372 2
373 51
374 20
375 9
376 9
377 9
378 4
379 11
380 4
381 18
382 33
383 9
384 13
385 2
386 2
387 9
388 2
389 2
390 22
391 42
392 9
393 7
394 2
395 4
396 7
397 13
398 32
399 10
400 7
401 49
402 2
403 9
404 23
405 2
406 4
407 13
408 22
409 12
410 8
411 4
412 5
413 21
414 27
415 18
416 14
417 18
418 81
419 2
420 21
421 9
422 9
423 9
424 14
425 2
426 7
427 5
428 23
429 24
430 12
431 26
432 9
433 12
434 9
435 5
436 2
437 4
438 9
439 7
440 9
441 7
442 35
443 9
444 21
445 27
446 133
447 22
448 13
449 18
450 62
451 13
452 22
453 11
454 9
455 3
456 212
457 124
458 133
459 318
460 133
461 221
462 22
463 110
464 9
465 0
466 14
467 107
468 90
469 106
470 193
471 44
472 33
473 33
474 22
475 317
476 44
477 9
478 12
479 182
480 164
481 182
482 81
483 221
484 44
485 106
486 9
487 8
488 107
489 90
490 193
491 22
492 162
493 5
494 9
495 146
496 182
497 146
498 18
499 7
500 9
501 9
502 2
503 9
504 31
505 3
506 2
507 44
508 16
509 8
510 0
511 127
512 63
513 9
514 110
515 12
516 0
517 11
518 0
519 19
520 7
521 36
522 48
523 81
524 44
525 129
526 133
527 88
528 80
529 54
530 9
531 22
532 74
533 8
534 18
535 15
536 1
537 7
538 14
539 53
540 110
541 66
542 90
543 215
544 75
545 66
546 27
547 2
548 4
549 18
550 36
551 9
552 32
553 13
554 8
555 7
556 30
557 7
558 3
559 9
560 90
561 11
562 2
563 2
564 0
565 2
566 0
567 4
568 132
569 38
570 7
571 46
572 8
573 18
574 48
575 48
576 12
577 6
578 4
579 7
580 12
581 7
582 2
583 4
584 4
585 42
586 4
587 17
588 1
589 5
590 1
591 4
592 12
593 18
594 10
595 12
596 8
597 76
598 0
599 1
600 1
601 3
602 1
603 1
604 2
605 5
606 2
607 24
608 0
609 0
610 7
611 14
612 22
613 76
614 44
615 44
616 40
617 19
618 24
619 25
620 25
621 7
622 5
623 7
624 5
625 17
626 11
627 5
628 56
629 22
630 182
631 11
632 122
633 30
634 27
635 91
636 182
637 91
638 602
639 52
640 24
641 127
642 63
643 31
644 9
645 35
646 36
647 136
648 179
649 177
650 48
651 72
652 112
653 88
654 44
655 6
656 80
657 53
658 59
659 62
660 24
661 40
662 34
663 71
664 114
665 74
666 38
667 34
668 35
669 86
670 86
671 106
672 215
673 197
674 187
675 177
676 86
677 186
678 250
679 19
680 52
681 146
682 24
683 7
684 4
685 8
686 4
687 4
688 2
689 2
690 177
691 7
692 8
693 14
694 72
695 66
696 36
697 9
698 18
699 4
700 4
701 13
702 13
703 7
704 146
705 222
706 42
707 398
708 215
709 106
710 86
711 88
712 150
713 150
714 64
715 36
716 44
717 9
718 36
719 114
720 21
721 13
722 9
723 6
724 0
725 8
726 8
727 16
728 107
729 16
730 7
731 7
732 17
733 4
734 11
735 24
736 3
737 4
738 11
739 44
740 44
741 13
742 86
743 69
744 24
745 4
746 12
747 9
748 137
749 231
750 110
751 3
752 265
753 150
754 333
755 185
756 110
757 22
758 41
759 76
760 118
761 51
762 22
763 18
764 18
765 0
766 110
767 5
768 8
769 10
770 22
771 22
772 66
773 38
774 36
775 90
776 65
777 5
778 66
779 106
780 141
781 72
782 106
783 399
784 85
785 179
786 107
787 106
788 265
789 107
790 143
791 17
792 7
793 5
794 27
795 18
796 0
797 4
798 4
799 8
800 4
801 9
802 55
803 36
804 40
805 18
806 11
807 18
808 13
809 2
810 12
811 3
812 42
813 110
814 41
815 14
816 86
817 27
818 106
819 0
820 110
821 133
822 2
823 48
824 4
825 24
826 9
827 24
828 12
829 9
830 32
831 4
832 14
833 13
834 24
835 16
836 125
837 150
838 150
839 75
840 226
841 124
842 107
843 95
844 182
845 36
846 36
847 182
848 36
849 207
850 11
851 36
852 35
853 0
854 12
855 12
856 0
857 32
858 48
859 109
860 182
861 86
862 19
863 0
864 36
865 7
866 12
867 36
868 35
869 11
870 44
871 22
872 2
873 4
874 3
875 4
876 28
877 4
878 40
879 22
880 2
881 2
882 7
883 9
884 2
885 22
886 4
887 0
888 12
889 5
890 119
891 2
892 5
893 320
894 3
895 14
896 9
897 15
898 22
899 9
900 11
901 15
902 19
903 4
904 24
905 49
906 45
907 4
908 27
909 32
910 15
911 37
912 4
913 13
914 38
915 9
916 18
917 129
918 46
919 7
920 4
921 2
922 1
923 4
924 11
925 7
926 2
927 5
928 1
929 0
930 18
931 8
932 0
933 23
934 2
935 4
936 7
937 1
938 0
939 10
940 62
941 62
942 24
943 61
944 58
945 62
946 1
947 1
948 25
949 71
950 36
951 6
952 12
953 12
954 12
955 12
956 13
957 36
958 36
959 69
960 9
961 48
962 1
963 150
964 146
965 12
966 50
967 70
968 35
969 474
970 109
971 36
972 274
973 194
974 38
975 122
976 122
;

param Ttarget := 
1 1 1000
2 1 1000
3 1 1000
4 1 1000
5 1 500
6 1 500
7 1 500
8 1 500
1 2 1000
2 2 1000
3 2 1000
4 2 1000
5 2 500
6 2 500
7 2 500
8 2 500
1 3 1000
2 3 1000
3 3 1000
4 3 1000
5 3 500
6 3 500
7 3 500
8 3 500
1 4 1000
2 4 1000
3 4 1000
4 4 1000
5 4 500
6 4 500
7 4 500
8 4 500
1 5 1000
2 5 1000
3 5 1000
4 5 1000
5 5 500
6 5 500
7 5 500
8 5 500
;

set Olgerdin := 
1 
2 
3 
4 
5 
6 
7 
8 
9 
10 
11 
12 
13 
14 
15 
16 
17 
21 
22 
23 
24 
25 
26 
27 
28 
36 
37 
38 
39 
40 
41 
42 
43 
44 
45 
234 
235 
241 
242 
244 
245 
246 
247 
248 
249 
250 
251 
252 
253 
254 
255 
256 
314 
456 
457 
458 
459 
460 
461 
462 
463 
464 
465 
466 
467 
468 
469 
470 
471 
472 
473 
474 
475 
476 
477 
478 
479 
480 
481 
482 
483 
484 
485 
486 
487 
488 
489 
490 
491 
492 
498 
499 
500 
501 
502 
503 
504 
505 
506 
507 
508 
509 
510 
625 
626 
627 
628 
629 
630 
631 
632 
633 
634 
635 
636 
637 
638 
836 
837 
838 
839 
840 
841 
842 
843 
844 
845 
846 
847 
848 
849 
850 
851 
852 
934 
963 
964 
965 
966 
967 
968 
970 
971 
972 
973 
974 
975 
;
set Cola := 
18 
20 
29 
30 
31 
32 
33 
34 
35 
54 
55 
56 
233 
257 
258 
259 
260 
261 
277 
278 
279 
280 
281 
282 
283 
284 
285 
286 
287 
288 
292 
293 
495 
496 
497 
511 
512 
639 
640 
641 
642 
643 
644 
645 
646 
647 
648 
649 
650 
651 
652 
653 
654 
655 
656 
657 
658 
659 
857 
858 
859 
860 
861 
862 
863 
864 
865 
969 
;
set Globus := 
52 
53 
236 
237 
239 
294 
295 
296 
297 
298 
299 
300 
301 
302 
303 
304 
305 
306 
307 
308 
309 
310 
311 
312 
313 
315 
316 
317 
318 
319 
320 
321 
322 
323 
324 
325 
326 
327 
328 
330 
331 
332 
333 
334 
335 
336 
337 
338 
339 
340 
341 
574 
575 
576 
577 
578 
660 
661 
662 
663 
664 
665 
666 
667 
668 
669 
670 
671 
672 
673 
674 
675 
676 
677 
678 
690 
691 
692 
693 
694 
695 
696 
697 
698 
699 
700 
701 
702 
703 
704 
705 
706 
707 
708 
709 
710 
711 
712 
713 
714 
715 
716 
717 
718 
719 
720 
721 
735 
738 
739 
740 
741 
;
set Vintrio := 
513 
514 
515 
516 
517 
;
set Brugghusstedja := 
679 
680 
681 
;
set Dista := 
120 
121 
122 
123 
124 
125 
126 
127 
128 
133 
134 
135 
136 
137 
227 
243 
521 
522 
523 
524 
525 
526 
527 
528 
529 
530 
531 
532 
533 
534 
535 
536 
537 
742 
743 
744 
890 
949 
950 
951 
952 
953 
954 
955 
956 
957 
958 
959 
960 
961 
;
set Bakkus := 
50 
139 
140 
141 
142 
143 
144 
145 
146 
147 
148 
149 
150 
151 
152 
153 
154 
155 
166 
167 
168 
169 
170 
171 
238 
539 
540 
541 
542 
543 
544 
545 
546 
547 
548 
549 
550 
554 
;
set Mekka := 
49 
175 
176 
177 
198 
199 
200 
201 
202 
203 
204 
205 
206 
207 
209 
210 
211 
212 
213 
214 
215 
216 
217 
218 
219 
220 
221 
222 
223 
224 
225 
226 
229 
230 
342 
343 
344 
345 
346 
347 
348 
349 
350 
351 
352 
353 
354 
355 
356 
357 
358 
569 
612 
613 
614 
615 
616 
617 
618 
619 
620 
621 
622 
624 
746 
747 
748 
749 
750 
751 
752 
753 
754 
755 
756 
757 
758 
759 
760 
761 
762 
763 
764 
765 
766 
767 
768 
769 
770 
771 
772 
773 
774 
775 
776 
777 
778 
779 
780 
781 
782 
783 
784 
785 
786 
787 
788 
789 
790 
853 
854 
892 
893 
;
set Eimskip := 
51 
156 
157 
158 
159 
160 
161 
162 
163 
164 
165 
172 
173 
174 
178 
179 
180 
181 
182 
183 
184 
185 
186 
187 
188 
189 
190 
191 
192 
193 
194 
195 
196 
197 
228 
360 
361 
362 
363 
364 
365 
366 
367 
368 
369 
370 
371 
372 
373 
374 
375 
376 
377 
398 
399 
400 
401 
402 
403 
404 
405 
406 
407 
408 
409 
410 
411 
412 
551 
559 
560 
561 
562 
563 
564 
565 
566 
567 
568 
571 
572 
573 
586 
587 
588 
589 
590 
591 
592 
593 
594 
595 
596 
597 
598 
599 
600 
601 
602 
603 
604 
605 
606 
607 
608 
609 
623 
791 
792 
793 
794 
795 
796 
801 
802 
803 
804 
805 
812 
813 
814 
815 
816 
817 
818 
819 
820 
821 
896 
906 
907 
908 
909 
910 
911 
912 
913 
914 
915 
916 
917 
918 
919 
920 
922 
923 
924 
925 
926 
927 
928 
929 
931 
932 
933 
935 
936 
937 
938 
940 
941 
942 
943 
944 
945 
946 
947 
948 
;
set Samskip := 
19 
46 
47 
48 
57 
58 
59 
60 
61 
62 
63 
64 
65 
66 
67 
68 
69 
70 
71 
72 
73 
74 
75 
76 
77 
78 
79 
80 
81 
82 
83 
84 
85 
86 
87 
88 
89 
90 
91 
92 
93 
94 
95 
96 
97 
98 
99 
100 
101 
102 
103 
104 
105 
106 
107 
108 
109 
110 
111 
112 
113 
114 
115 
116 
117 
118 
119 
129 
130 
131 
132 
138 
208 
240 
262 
263 
264 
265 
266 
267 
268 
269 
270 
271 
272 
273 
274 
275 
276 
289 
290 
291 
329 
359 
378 
379 
380 
381 
382 
383 
384 
385 
386 
390 
391 
392 
393 
394 
395 
420 
421 
422 
423 
424 
425 
426 
427 
428 
429 
430 
431 
432 
433 
434 
435 
436 
437 
438 
439 
440 
441 
442 
443 
444 
445 
446 
447 
448 
449 
450 
451 
452 
453 
455 
493 
494 
518 
519 
520 
538 
552 
555 
556 
557 
558 
579 
580 
581 
582 
583 
584 
585 
611 
682 
683 
684 
685 
686 
687 
688 
689 
722 
723 
724 
725 
726 
727 
728 
729 
730 
731 
732 
733 
734 
736 
737 
745 
806 
807 
808 
809 
810 
811 
822 
823 
824 
825 
826 
827 
828 
829 
830 
831 
832 
833 
834 
835 
855 
856 
866 
867 
868 
869 
870 
871 
872 
873 
874 
875 
876 
877 
878 
879 
880 
881 
882 
883 
884 
885 
886 
891 
894 
895 
897 
898 
899 
900 
901 
921 
;
set Bannlisti := 
;
set Fixlisti := 
;
end;
