param S := 640;
param T := 8;
param D := 5;
param windowsize := 0;

param O := 
1 1
2 0
3 0
4 0
5 0
6 0
7 0
8 0
;

param EIM := 
1 0
2 0
3 0
4 0
5 0
6 0
7 1
8 0
;

param SAM := 
1 0
2 0
3 0
4 0
5 0
6 0
7 0
8 1
;

param A := 
1 150
2 25
3 75
4 97
5 12
6 5
7 107
8 106
9 86
10 115
11 88
12 107
13 107
14 177
15 186
16 88
17 159
18 11
19 19
20 66
21 9
22 68
23 72
24 14
25 35
26 125
27 7
28 143
29 25
30 4
31 24
32 7
33 10
34 11
35 109
36 146
37 69
38 73
39 5
40 0
41 0
42 0
43 0
44 39
45 73
46 36
47 2
48 18
49 14
50 18
51 18
52 17
53 17
54 16
55 14
56 1
57 9
58 7
59 5
60 84
61 58
62 150
63 106
64 81
65 133
66 5
67 36
68 6
69 6
70 61
71 37
72 23
73 19
74 23
75 179
76 179
77 265
78 107
79 18
80 22
81 7
82 8
83 19
84 20
85 133
86 8
87 7
88 3
89 44
90 2
91 5
92 14
93 8
94 13
95 4
96 12
97 4
98 27
99 21
100 13
101 9
102 2
103 9
104 13
105 40
106 44
107 18
108 0
109 12
110 22
111 11
112 59
113 9
114 24
115 2
116 133
117 22
118 18
119 13
120 14
121 7
122 7
123 7
124 7
125 53
126 73
127 73
128 55
129 55
130 36
131 5
132 4
133 9
134 12
135 4
136 4
137 193
138 168
139 106
140 27
141 221
142 88
143 221
144 107
145 106
146 133
147 44
148 79
149 73
150 28
151 146
152 26
153 91
154 13
155 5
156 134
157 14
158 9
159 17
160 186
161 30
162 108
163 108
164 4
165 4
166 0
167 9
168 5
169 9
170 9
171 0
172 2
173 12
174 8
175 80
176 106
177 54
178 22
179 12
180 24
181 35
182 52
183 9
184 19
185 24
186 9
187 9
188 134
189 7
190 0
191 36
192 28
193 4
194 4
195 1
196 9
197 4
198 4
199 203
200 22
201 215
202 33
203 18
204 64
205 8
206 7
207 4
208 5
209 12
210 13
211 8
212 13
213 44
214 36
215 4
216 5
217 9
218 4
219 9
220 7
221 7
222 3
223 11
224 3
225 3
226 1
227 5
228 12
229 12
230 12
231 12
232 2
233 2
234 13
235 18
236 9
237 8
238 8
239 3
240 1
241 90
242 7
243 23
244 7
245 6
246 1
247 28
248 42
249 7
250 2
251 6
252 24
253 62
254 24
255 23
256 14
257 61
258 1
259 2
260 7
261 4
262 4
263 4
264 2
265 4
266 5
267 86
268 9
269 4
270 8
271 19
272 9
273 3
274 2
275 7
276 8
277 25
278 30
279 4
280 9
281 42
282 17
283 17
284 41
285 20
286 20
287 28
288 14
289 36
290 6
291 105
292 137
293 31
294 23
295 12
296 30
297 46
298 124
299 5
300 267
301 61
302 5
303 4
304 5
305 0
306 4
307 5
308 13
309 3
310 6
311 36
312 134
313 12
314 75
315 50
316 100
317 25
318 50
319 17
320 12
321 25
322 9
323 5
324 61
325 122
326 5
327 5
328 5
329 36
330 36
331 72
332 152
333 44
334 11
335 4
336 8
337 36
338 73
339 16
340 12
341 35
342 40
343 8
344 8
345 37
346 17
347 4
348 18
349 22
350 23
351 37
352 46
353 88
354 24
355 18
356 146
357 18
358 0
359 24
360 13
361 4
362 4
363 55
364 18
365 52
366 133
367 88
368 106
369 358
370 86
371 4
372 2
373 13
374 4
375 11
376 11
377 72
378 110
379 40
380 13
381 18
382 88
383 8
384 4
385 24
386 20
387 8
388 91
389 23
390 0
391 22
392 72
393 53
394 122
395 9
396 38
397 4
398 2
399 8
400 2
401 2
402 13
403 2
404 9
405 10
406 12
407 0
408 2
409 16
410 5
411 34
412 7
413 9
414 9
415 9
416 6
417 6
418 9
419 166
420 141
421 44
422 37
423 84
424 53
425 38
426 18
427 35
428 106
429 86
430 106
431 215
432 150
433 137
434 9
435 11
436 2
437 15
438 54
439 74
440 100
441 110
442 305
443 44
444 20
445 44
446 22
447 4
448 4
449 4
450 4
451 7
452 133
453 5
454 1
455 0
456 4
457 4
458 11
459 35
460 11
461 59
462 14
463 97
464 43
465 7
466 2
467 53
468 9
469 14
470 18
471 42
472 15
473 7
474 72
475 22
476 40
477 4
478 29
479 22
480 34
481 12
482 2
483 10
484 1
485 14
486 16
487 22
488 30
489 4
490 7
491 4
492 2
493 16
494 9
495 9
496 16
497 3
498 7
499 4
500 9
501 17
502 9
503 9
504 4
505 22
506 9
507 18
508 11
509 49
510 9
511 13
512 7
513 11
514 9
515 13
516 16
517 4
518 35
519 29
520 5
521 14
522 40
523 22
524 88
525 18
526 44
527 4
528 18
529 2
530 24
531 11
532 47
533 47
534 47
535 84
536 238
537 91
538 109
539 109
540 91
541 73
542 50
543 75
544 12
545 25
546 9
547 134
548 9
549 51
550 134
551 64
552 113
553 96
554 133
555 107
556 211
557 106
558 292
559 140
560 103
561 1
562 4
563 1
564 0
565 0
566 2
567 107
568 9
569 15
570 4
571 5
572 24
573 20
574 13
575 51
576 93
577 8
578 31
579 11
580 3
581 3
582 43
583 65
584 22
585 15
586 5
587 28
588 5
589 28
590 2
591 11
592 64
593 15
594 108
595 68
596 50
597 5
598 3
599 5
600 2
601 2
602 7
603 3
604 4
605 9
606 42
607 80
608 23
609 61
610 33
611 44
612 36
613 63
614 54
615 5
616 28
617 61
618 122
619 5
620 5
621 12
622 9
623 97
624 75
625 100
626 100
627 50
628 50
629 10
630 55
631 4
632 4
633 10
634 3
635 7
636 6
637 6
638 7
639 18
640 18
;

param Ttarget := 
1 1 1000
2 1 1000
3 1 1000
4 1 1000
5 1 500
6 1 500
7 1 500
8 1 500
1 2 1000
2 2 1000
3 2 1000
4 2 1000
5 2 500
6 2 500
7 2 500
8 2 500
1 3 1000
2 3 1000
3 3 1000
4 3 1000
5 3 500
6 3 500
7 3 500
8 3 500
1 4 1000
2 4 1000
3 4 1000
4 4 1000
5 4 500
6 4 500
7 4 500
8 4 500
1 5 1000
2 5 1000
3 5 1000
4 5 1000
5 5 500
6 5 500
7 5 500
8 5 500
;

set Olgerdin := 
1 
2 
3 
4 
5 
61 
125 
126 
127 
128 
129 
130 
131 
132 
133 
134 
135 
136 
137 
138 
139 
140 
141 
142 
143 
144 
145 
146 
147 
289 
290 
291 
292 
293 
294 
295 
296 
297 
298 
299 
300 
301 
302 
303 
304 
305 
306 
307 
308 
309 
310 
311 
312 
313 
314 
315 
316 
317 
318 
319 
320 
321 
322 
323 
324 
325 
326 
327 
328 
532 
533 
534 
535 
536 
537 
538 
539 
540 
541 
542 
543 
544 
545 
546 
547 
548 
549 
550 
551 
552 
553 
554 
555 
562 
563 
566 
592 
602 
603 
604 
605 
606 
607 
608 
609 
610 
611 
612 
613 
614 
615 
616 
617 
618 
619 
620 
621 
622 
623 
624 
625 
626 
627 
628 
629 
630 
;
set Cola := 
6 
35 
36 
37 
38 
56 
148 
149 
150 
151 
152 
153 
154 
155 
156 
157 
340 
341 
342 
343 
344 
345 
346 
347 
348 
349 
350 
351 
352 
353 
354 
355 
356 
357 
363 
364 
556 
557 
558 
559 
560 
;
set Globus := 
7 
8 
9 
10 
11 
12 
13 
14 
15 
16 
17 
18 
19 
20 
21 
22 
23 
24 
25 
26 
27 
28 
29 
30 
31 
32 
34 
39 
40 
41 
42 
43 
48 
49 
50 
51 
52 
53 
54 
55 
57 
58 
167 
168 
169 
170 
171 
228 
229 
230 
231 
232 
233 
365 
366 
367 
368 
369 
370 
371 
372 
373 
374 
375 
376 
377 
378 
379 
380 
381 
382 
383 
384 
385 
386 
387 
388 
389 
390 
391 
392 
393 
394 
395 
396 
397 
398 
399 
400 
401 
402 
403 
404 
405 
409 
410 
411 
412 
577 
590 
591 
;
set Vintrio := 
59 
158 
159 
160 
161 
162 
163 
164 
165 
166 
573 
574 
575 
576 
;
set Brugghusstedja := 
44 
45 
46 
337 
338 
;
set Dista := 
33 
60 
172 
173 
174 
175 
176 
177 
178 
179 
180 
181 
182 
183 
184 
185 
186 
187 
188 
407 
572 
;
set Bakkus := 
47 
189 
190 
191 
192 
193 
194 
195 
196 
197 
198 
199 
200 
201 
202 
203 
204 
205 
206 
207 
208 
213 
214 
215 
216 
217 
218 
219 
220 
221 
408 
531 
;
set Mekka := 
62 
63 
64 
65 
66 
67 
68 
69 
70 
71 
72 
73 
74 
75 
76 
77 
78 
82 
83 
84 
85 
86 
87 
88 
89 
90 
108 
413 
414 
415 
416 
417 
418 
419 
420 
421 
422 
423 
424 
425 
426 
427 
428 
429 
430 
431 
432 
433 
434 
435 
436 
437 
438 
439 
440 
441 
442 
443 
444 
445 
446 
447 
448 
449 
450 
565 
;
set Eimskip := 
79 
80 
81 
94 
95 
96 
105 
106 
107 
222 
223 
224 
225 
226 
227 
234 
235 
236 
237 
238 
239 
240 
241 
252 
253 
254 
255 
259 
260 
261 
262 
263 
264 
265 
266 
277 
278 
279 
280 
281 
282 
283 
451 
452 
459 
460 
461 
462 
463 
464 
465 
466 
467 
468 
469 
470 
471 
472 
473 
474 
475 
476 
477 
478 
479 
480 
482 
483 
484 
485 
486 
489 
490 
491 
492 
493 
494 
495 
496 
561 
582 
583 
;
set Samskip := 
91 
92 
93 
98 
99 
100 
101 
102 
103 
104 
109 
110 
111 
112 
113 
114 
115 
116 
117 
118 
119 
120 
121 
122 
123 
124 
242 
243 
244 
245 
246 
247 
248 
249 
250 
251 
258 
267 
268 
269 
270 
271 
272 
273 
274 
275 
276 
284 
285 
286 
287 
288 
329 
330 
331 
332 
333 
334 
335 
336 
339 
358 
359 
360 
361 
362 
406 
454 
455 
456 
457 
458 
481 
487 
488 
498 
499 
500 
501 
502 
503 
504 
505 
506 
507 
508 
509 
510 
511 
512 
513 
514 
515 
516 
517 
518 
519 
520 
521 
522 
523 
524 
525 
526 
527 
528 
564 
567 
568 
569 
570 
571 
578 
579 
580 
581 
584 
585 
586 
587 
588 
589 
593 
594 
595 
596 
597 
598 
599 
600 
601 
631 
632 
633 
634 
635 
636 
637 
638 
639 
;
set Bannlisti := 
;
set Fixlisti := 
;
end;
